#
# iasp91 travel-time table for O
#
# number of distance and depth samples
361 6
# delta samples
0.000 1.000 2.000 3.000 4.000 5.000 6.000 7.000 8.000 9.000 10.000 11.000 12.000 13.000 14.000 15.000 16.000 17.000 18.000 19.000 20.000 21.000 22.000 23.000 24.000
25.000 26.000 27.000 28.000 29.000 30.000 31.000 32.000 33.000 34.000 35.000 36.000 37.000 38.000 39.000 40.000 41.000 42.000 43.000 44.000 45.000 46.000 47.000 48.000 49.000
50.000 51.000 52.000 53.000 54.000 55.000 56.000 57.000 58.000 59.000 60.000 61.000 62.000 63.000 64.000 65.000 66.000 67.000 68.000 69.000 70.000 71.000 72.000 73.000 74.000
75.000 76.000 77.000 78.000 79.000 80.000 81.000 82.000 83.000 84.000 85.000 86.000 87.000 88.000 89.000 90.000 91.000 92.000 93.000 94.000 95.000 96.000 97.000 98.000 99.000
100.000 101.000 102.000 103.000 104.000 105.000 106.000 107.000 108.000 109.000 110.000 111.000 112.000 113.000 114.000 115.000 116.000 117.000 118.000 119.000 120.000 121.000 122.000 123.000 124.000
125.000 126.000 127.000 128.000 129.000 130.000 131.000 132.000 133.000 134.000 135.000 136.000 137.000 138.000 139.000 140.000 141.000 142.000 143.000 144.000 145.000 146.000 147.000 148.000 149.000
150.000 151.000 152.000 153.000 154.000 155.000 156.000 157.000 158.000 159.000 160.000 161.000 162.000 163.000 164.000 165.000 166.000 167.000 168.000 169.000 170.000 171.000 172.000 173.000 174.000
175.000 176.000 177.000 178.000 179.000 180.000 181.000 182.000 183.000 184.000 185.000 186.000 187.000 188.000 189.000 190.000 191.000 192.000 193.000 194.000 195.000 196.000 197.000 198.000 199.000
200.000 201.000 202.000 203.000 204.000 205.000 206.000 207.000 208.000 209.000 210.000 211.000 212.000 213.000 214.000 215.000 216.000 217.000 218.000 219.000 220.000 221.000 222.000 223.000 224.000
225.000 226.000 227.000 228.000 229.000 230.000 231.000 232.000 233.000 234.000 235.000 236.000 237.000 238.000 239.000 240.000 241.000 242.000 243.000 244.000 245.000 246.000 247.000 248.000 249.000
250.000 251.000 252.000 253.000 254.000 255.000 256.000 257.000 258.000 259.000 260.000 261.000 262.000 263.000 264.000 265.000 266.000 267.000 268.000 269.000 270.000 271.000 272.000 273.000 274.000
275.000 276.000 277.000 278.000 279.000 280.000 281.000 282.000 283.000 284.000 285.000 286.000 287.000 288.000 289.000 290.000 291.000 292.000 293.000 294.000 295.000 296.000 297.000 298.000 299.000
300.000 301.000 302.000 303.000 304.000 305.000 306.000 307.000 308.000 309.000 310.000 311.000 312.000 313.000 314.000 315.000 316.000 317.000 318.000 319.000 320.000 321.000 322.000 323.000 324.000
325.000 326.000 327.000 328.000 329.000 330.000 331.000 332.000 333.000 334.000 335.000 336.000 337.000 338.000 339.000 340.000 341.000 342.000 343.000 344.000 345.000 346.000 347.000 348.000 349.000
350.000 351.000 352.000 353.000 354.000 355.000 356.000 357.000 358.000 359.000 360.000
# depth samples
     0.000000    10.000000    50.000000   100.000000   300.000000   700.000000
#
# travel times (rows - delta, columns - depth)
#
     0.000000     0.000000     0.000000     0.000000     0.000000     0.000000
    74.879000    74.879000    74.879000    74.879000    74.879000    74.879000
   149.758000   149.758000   149.758000   149.758000   149.758000   149.758000
   224.636000   224.636000   224.636000   224.636000   224.636000   224.636000
   299.515000   299.515000   299.515000   299.515000   299.515000   299.515000
   374.394000   374.394000   374.394000   374.394000   374.394000   374.394000
   449.273000   449.273000   449.273000   449.273000   449.273000   449.273000
   524.151000   524.151000   524.151000   524.151000   524.151000   524.151000
   599.030000   599.030000   599.030000   599.030000   599.030000   599.030000
   673.909000   673.909000   673.909000   673.909000   673.909000   673.909000
   748.788000   748.788000   748.788000   748.788000   748.788000   748.788000
   823.667000   823.667000   823.667000   823.667000   823.667000   823.667000
   898.545000   898.545000   898.545000   898.545000   898.545000   898.545000
   973.424000   973.424000   973.424000   973.424000   973.424000   973.424000
  1048.303000  1048.303000  1048.303000  1048.303000  1048.303000  1048.303000
  1123.182000  1123.182000  1123.182000  1123.182000  1123.182000  1123.182000
  1198.061000  1198.061000  1198.061000  1198.061000  1198.061000  1198.061000
  1272.939000  1272.939000  1272.939000  1272.939000  1272.939000  1272.939000
  1347.818000  1347.818000  1347.818000  1347.818000  1347.818000  1347.818000
  1422.697000  1422.697000  1422.697000  1422.697000  1422.697000  1422.697000
  1497.576000  1497.576000  1497.576000  1497.576000  1497.576000  1497.576000
  1572.454000  1572.454000  1572.454000  1572.454000  1572.454000  1572.454000
  1647.333000  1647.333000  1647.333000  1647.333000  1647.333000  1647.333000
  1722.212000  1722.212000  1722.212000  1722.212000  1722.212000  1722.212000
  1797.091000  1797.091000  1797.091000  1797.091000  1797.091000  1797.091000
  1871.970000  1871.970000  1871.970000  1871.970000  1871.970000  1871.970000
  1946.849000  1946.849000  1946.849000  1946.849000  1946.849000  1946.849000
  2021.727000  2021.727000  2021.727000  2021.727000  2021.727000  2021.727000
  2096.606000  2096.606000  2096.606000  2096.606000  2096.606000  2096.606000
  2171.485000  2171.485000  2171.485000  2171.485000  2171.485000  2171.485000
  2246.364000  2246.364000  2246.364000  2246.364000  2246.364000  2246.364000
  2321.242000  2321.242000  2321.242000  2321.242000  2321.242000  2321.242000
  2396.121000  2396.121000  2396.121000  2396.121000  2396.121000  2396.121000
  2471.000000  2471.000000  2471.000000  2471.000000  2471.000000  2471.000000
  2545.879000  2545.879000  2545.879000  2545.879000  2545.879000  2545.879000
  2620.758000  2620.758000  2620.758000  2620.758000  2620.758000  2620.758000
  2695.636000  2695.636000  2695.636000  2695.636000  2695.636000  2695.636000
  2770.515000  2770.515000  2770.515000  2770.515000  2770.515000  2770.515000
  2845.394000  2845.394000  2845.394000  2845.394000  2845.394000  2845.394000
  2920.273000  2920.273000  2920.273000  2920.273000  2920.273000  2920.273000
  2995.151000  2995.151000  2995.151000  2995.151000  2995.151000  2995.151000
  3070.030000  3070.030000  3070.030000  3070.030000  3070.030000  3070.030000
  3144.909000  3144.909000  3144.909000  3144.909000  3144.909000  3144.909000
  3219.788000  3219.788000  3219.788000  3219.788000  3219.788000  3219.788000
  3294.667000  3294.667000  3294.667000  3294.667000  3294.667000  3294.667000
  3369.545000  3369.545000  3369.545000  3369.545000  3369.545000  3369.545000
  3444.424000  3444.424000  3444.424000  3444.424000  3444.424000  3444.424000
  3519.303000  3519.303000  3519.303000  3519.303000  3519.303000  3519.303000
  3594.182000  3594.182000  3594.182000  3594.182000  3594.182000  3594.182000
  3669.061000  3669.061000  3669.061000  3669.061000  3669.061000  3669.061000
  3743.939000  3743.939000  3743.939000  3743.939000  3743.939000  3743.939000
  3818.818000  3818.818000  3818.818000  3818.818000  3818.818000  3818.818000
  3893.697000  3893.697000  3893.697000  3893.697000  3893.697000  3893.697000
  3968.576000  3968.576000  3968.576000  3968.576000  3968.576000  3968.576000
  4043.454000  4043.454000  4043.454000  4043.454000  4043.454000  4043.454000
  4118.333000  4118.333000  4118.333000  4118.333000  4118.333000  4118.333000
  4193.212000  4193.212000  4193.212000  4193.212000  4193.212000  4193.212000
  4268.091000  4268.091000  4268.091000  4268.091000  4268.091000  4268.091000
  4342.970000  4342.970000  4342.970000  4342.970000  4342.970000  4342.970000
  4417.848000  4417.848000  4417.848000  4417.848000  4417.848000  4417.848000
  4492.728000  4492.728000  4492.728000  4492.728000  4492.728000  4492.728000
  4567.606000  4567.606000  4567.606000  4567.606000  4567.606000  4567.606000
  4642.485000  4642.485000  4642.485000  4642.485000  4642.485000  4642.485000
  4717.364000  4717.364000  4717.364000  4717.364000  4717.364000  4717.364000
  4792.242000  4792.242000  4792.242000  4792.242000  4792.242000  4792.242000
  4867.121000  4867.121000  4867.121000  4867.121000  4867.121000  4867.121000
  4942.000000  4942.000000  4942.000000  4942.000000  4942.000000  4942.000000
  5016.879000  5016.879000  5016.879000  5016.879000  5016.879000  5016.879000
  5091.757000  5091.757000  5091.757000  5091.757000  5091.757000  5091.757000
  5166.636000  5166.636000  5166.636000  5166.636000  5166.636000  5166.636000
  5241.515000  5241.515000  5241.515000  5241.515000  5241.515000  5241.515000
  5316.394000  5316.394000  5316.394000  5316.394000  5316.394000  5316.394000
  5391.272000  5391.272000  5391.272000  5391.272000  5391.272000  5391.272000
  5466.151000  5466.151000  5466.151000  5466.151000  5466.151000  5466.151000
  5541.030000  5541.030000  5541.030000  5541.030000  5541.030000  5541.030000
  5615.909000  5615.909000  5615.909000  5615.909000  5615.909000  5615.909000
  5690.788000  5690.788000  5690.788000  5690.788000  5690.788000  5690.788000
  5765.667000  5765.667000  5765.667000  5765.667000  5765.667000  5765.667000
  5840.545000  5840.545000  5840.545000  5840.545000  5840.545000  5840.545000
  5915.424000  5915.424000  5915.424000  5915.424000  5915.424000  5915.424000
  5990.303000  5990.303000  5990.303000  5990.303000  5990.303000  5990.303000
  6065.182000  6065.182000  6065.182000  6065.182000  6065.182000  6065.182000
  6140.061000  6140.061000  6140.061000  6140.061000  6140.061000  6140.061000
  6214.939000  6214.939000  6214.939000  6214.939000  6214.939000  6214.939000
  6289.818000  6289.818000  6289.818000  6289.818000  6289.818000  6289.818000
  6364.697000  6364.697000  6364.697000  6364.697000  6364.697000  6364.697000
  6439.575000  6439.575000  6439.575000  6439.575000  6439.575000  6439.575000
  6514.455000  6514.455000  6514.455000  6514.455000  6514.455000  6514.455000
  6589.333000  6589.333000  6589.333000  6589.333000  6589.333000  6589.333000
  6664.212000  6664.212000  6664.212000  6664.212000  6664.212000  6664.212000
  6739.091000  6739.091000  6739.091000  6739.091000  6739.091000  6739.091000
  6813.970000  6813.970000  6813.970000  6813.970000  6813.970000  6813.970000
  6888.849000  6888.849000  6888.849000  6888.849000  6888.849000  6888.849000
  6963.727000  6963.727000  6963.727000  6963.727000  6963.727000  6963.727000
  7038.606000  7038.606000  7038.606000  7038.606000  7038.606000  7038.606000
  7113.485000  7113.485000  7113.485000  7113.485000  7113.485000  7113.485000
  7188.363000  7188.363000  7188.363000  7188.363000  7188.363000  7188.363000
  7263.242000  7263.242000  7263.242000  7263.242000  7263.242000  7263.242000
  7338.122000  7338.122000  7338.122000  7338.122000  7338.122000  7338.122000
  7413.000000  7413.000000  7413.000000  7413.000000  7413.000000  7413.000000
  7487.879000  7487.879000  7487.879000  7487.879000  7487.879000  7487.879000
  7562.758000  7562.758000  7562.758000  7562.758000  7562.758000  7562.758000
  7637.636000  7637.636000  7637.636000  7637.636000  7637.636000  7637.636000
  7712.515000  7712.515000  7712.515000  7712.515000  7712.515000  7712.515000
  7787.394000  7787.394000  7787.394000  7787.394000  7787.394000  7787.394000
  7862.272000  7862.272000  7862.272000  7862.272000  7862.272000  7862.272000
  7937.151000  7937.151000  7937.151000  7937.151000  7937.151000  7937.151000
  8012.030000  8012.030000  8012.030000  8012.030000  8012.030000  8012.030000
  8086.909000  8086.909000  8086.909000  8086.909000  8086.909000  8086.909000
  8161.788000  8161.788000  8161.788000  8161.788000  8161.788000  8161.788000
  8236.667000  8236.667000  8236.667000  8236.667000  8236.667000  8236.667000
  8311.545000  8311.545000  8311.545000  8311.545000  8311.545000  8311.545000
  8386.424000  8386.424000  8386.424000  8386.424000  8386.424000  8386.424000
  8461.303000  8461.303000  8461.303000  8461.303000  8461.303000  8461.303000
  8536.182000  8536.182000  8536.182000  8536.182000  8536.182000  8536.182000
  8611.061000  8611.061000  8611.061000  8611.061000  8611.061000  8611.061000
  8685.939000  8685.939000  8685.939000  8685.939000  8685.939000  8685.939000
  8760.818000  8760.818000  8760.818000  8760.818000  8760.818000  8760.818000
  8835.696000  8835.696000  8835.696000  8835.696000  8835.696000  8835.696000
  8910.576000  8910.576000  8910.576000  8910.576000  8910.576000  8910.576000
  8985.455000  8985.455000  8985.455000  8985.455000  8985.455000  8985.455000
  9060.333000  9060.333000  9060.333000  9060.333000  9060.333000  9060.333000
  9135.212000  9135.212000  9135.212000  9135.212000  9135.212000  9135.212000
  9210.091000  9210.091000  9210.091000  9210.091000  9210.091000  9210.091000
  9284.970000  9284.970000  9284.970000  9284.970000  9284.970000  9284.970000
  9359.849000  9359.849000  9359.849000  9359.849000  9359.849000  9359.849000
  9434.728000  9434.728000  9434.728000  9434.728000  9434.728000  9434.728000
  9509.605000  9509.605000  9509.605000  9509.605000  9509.605000  9509.605000
  9584.484000  9584.484000  9584.484000  9584.484000  9584.484000  9584.484000
  9659.363000  9659.363000  9659.363000  9659.363000  9659.363000  9659.363000
  9734.242000  9734.242000  9734.242000  9734.242000  9734.242000  9734.242000
  9809.121000  9809.121000  9809.121000  9809.121000  9809.121000  9809.121000
  9884.000000  9884.000000  9884.000000  9884.000000  9884.000000  9884.000000
  9958.878000  9958.878000  9958.878000  9958.878000  9958.878000  9958.878000
 10033.758000 10033.758000 10033.758000 10033.758000 10033.758000 10033.758000
 10108.637000 10108.637000 10108.637000 10108.637000 10108.637000 10108.637000
 10183.515000 10183.515000 10183.515000 10183.515000 10183.515000 10183.515000
 10258.394000 10258.394000 10258.394000 10258.394000 10258.394000 10258.394000
 10333.272000 10333.272000 10333.272000 10333.272000 10333.272000 10333.272000
 10408.151000 10408.151000 10408.151000 10408.151000 10408.151000 10408.151000
 10483.030000 10483.030000 10483.030000 10483.030000 10483.030000 10483.030000
 10557.909000 10557.909000 10557.909000 10557.909000 10557.909000 10557.909000
 10632.788000 10632.788000 10632.788000 10632.788000 10632.788000 10632.788000
 10707.666000 10707.666000 10707.666000 10707.666000 10707.666000 10707.666000
 10782.545000 10782.545000 10782.545000 10782.545000 10782.545000 10782.545000
 10857.425000 10857.425000 10857.425000 10857.425000 10857.425000 10857.425000
 10932.303000 10932.303000 10932.303000 10932.303000 10932.303000 10932.303000
 11007.182000 11007.182000 11007.182000 11007.182000 11007.182000 11007.182000
 11082.061000 11082.061000 11082.061000 11082.061000 11082.061000 11082.061000
 11156.939000 11156.939000 11156.939000 11156.939000 11156.939000 11156.939000
 11231.818000 11231.818000 11231.818000 11231.818000 11231.818000 11231.818000
 11306.697000 11306.697000 11306.697000 11306.697000 11306.697000 11306.697000
 11381.576000 11381.576000 11381.576000 11381.576000 11381.576000 11381.576000
 11456.454000 11456.454000 11456.454000 11456.454000 11456.454000 11456.454000
 11531.333000 11531.333000 11531.333000 11531.333000 11531.333000 11531.333000
 11606.212000 11606.212000 11606.212000 11606.212000 11606.212000 11606.212000
 11681.091000 11681.091000 11681.091000 11681.091000 11681.091000 11681.091000
 11755.970000 11755.970000 11755.970000 11755.970000 11755.970000 11755.970000
 11830.849000 11830.849000 11830.849000 11830.849000 11830.849000 11830.849000
 11905.728000 11905.728000 11905.728000 11905.728000 11905.728000 11905.728000
 11980.605000 11980.605000 11980.605000 11980.605000 11980.605000 11980.605000
 12055.484000 12055.484000 12055.484000 12055.484000 12055.484000 12055.484000
 12130.363000 12130.363000 12130.363000 12130.363000 12130.363000 12130.363000
 12205.242000 12205.242000 12205.242000 12205.242000 12205.242000 12205.242000
 12280.121000 12280.121000 12280.121000 12280.121000 12280.121000 12280.121000
 12355.000000 12355.000000 12355.000000 12355.000000 12355.000000 12355.000000
 12429.878000 12429.878000 12429.878000 12429.878000 12429.878000 12429.878000
 12504.757000 12504.757000 12504.757000 12504.757000 12504.757000 12504.757000
 12579.636000 12579.636000 12579.636000 12579.636000 12579.636000 12579.636000
 12654.515000 12654.515000 12654.515000 12654.515000 12654.515000 12654.515000
 12729.395000 12729.395000 12729.395000 12729.395000 12729.395000 12729.395000
 12804.273000 12804.273000 12804.273000 12804.273000 12804.273000 12804.273000
 12879.150000 12879.150000 12879.150000 12879.150000 12879.150000 12879.150000
 12954.029000 12954.029000 12954.029000 12954.029000 12954.029000 12954.029000
 13028.909000 13028.909000 13028.909000 13028.909000 13028.909000 13028.909000
 13103.788000 13103.788000 13103.788000 13103.788000 13103.788000 13103.788000
 13178.667000 13178.667000 13178.667000 13178.667000 13178.667000 13178.667000
 13253.546000 13253.546000 13253.546000 13253.546000 13253.546000 13253.546000
 13328.424000 13328.424000 13328.424000 13328.424000 13328.424000 13328.424000
 13403.303000 13403.303000 13403.303000 13403.303000 13403.303000 13403.303000
 13478.182000 13478.182000 13478.182000 13478.182000 13478.182000 13478.182000
 13553.061000 13553.061000 13553.061000 13553.061000 13553.061000 13553.061000
 13627.940000 13627.940000 13627.940000 13627.940000 13627.940000 13627.940000
 13702.818000 13702.818000 13702.818000 13702.818000 13702.818000 13702.818000
 13777.697000 13777.697000 13777.697000 13777.697000 13777.697000 13777.697000
 13852.576000 13852.576000 13852.576000 13852.576000 13852.576000 13852.576000
 13927.455000 13927.455000 13927.455000 13927.455000 13927.455000 13927.455000
 14002.333000 14002.333000 14002.333000 14002.333000 14002.333000 14002.333000
 14077.212000 14077.212000 14077.212000 14077.212000 14077.212000 14077.212000
 14152.091000 14152.091000 14152.091000 14152.091000 14152.091000 14152.091000
 14226.970000 14226.970000 14226.970000 14226.970000 14226.970000 14226.970000
 14301.849000 14301.849000 14301.849000 14301.849000 14301.849000 14301.849000
 14376.727000 14376.727000 14376.727000 14376.727000 14376.727000 14376.727000
 14451.606000 14451.606000 14451.606000 14451.606000 14451.606000 14451.606000
 14526.485000 14526.485000 14526.485000 14526.485000 14526.485000 14526.485000
 14601.364000 14601.364000 14601.364000 14601.364000 14601.364000 14601.364000
 14676.243000 14676.243000 14676.243000 14676.243000 14676.243000 14676.243000
 14751.121000 14751.121000 14751.121000 14751.121000 14751.121000 14751.121000
 14826.000000 14826.000000 14826.000000 14826.000000 14826.000000 14826.000000
 14900.879000 14900.879000 14900.879000 14900.879000 14900.879000 14900.879000
 14975.758000 14975.758000 14975.758000 14975.758000 14975.758000 14975.758000
 15050.636000 15050.636000 15050.636000 15050.636000 15050.636000 15050.636000
 15125.515000 15125.515000 15125.515000 15125.515000 15125.515000 15125.515000
 15200.394000 15200.394000 15200.394000 15200.394000 15200.394000 15200.394000
 15275.273000 15275.273000 15275.273000 15275.273000 15275.273000 15275.273000
 15350.152000 15350.152000 15350.152000 15350.152000 15350.152000 15350.152000
 15425.031000 15425.031000 15425.031000 15425.031000 15425.031000 15425.031000
 15499.909000 15499.909000 15499.909000 15499.909000 15499.909000 15499.909000
 15574.788000 15574.788000 15574.788000 15574.788000 15574.788000 15574.788000
 15649.667000 15649.667000 15649.667000 15649.667000 15649.667000 15649.667000
 15724.546000 15724.546000 15724.546000 15724.546000 15724.546000 15724.546000
 15799.424000 15799.424000 15799.424000 15799.424000 15799.424000 15799.424000
 15874.303000 15874.303000 15874.303000 15874.303000 15874.303000 15874.303000
 15949.182000 15949.182000 15949.182000 15949.182000 15949.182000 15949.182000
 16024.061000 16024.061000 16024.061000 16024.061000 16024.061000 16024.061000
 16098.940000 16098.940000 16098.940000 16098.940000 16098.940000 16098.940000
 16173.818000 16173.818000 16173.818000 16173.818000 16173.818000 16173.818000
 16248.697000 16248.697000 16248.697000 16248.697000 16248.697000 16248.697000
 16323.576000 16323.576000 16323.576000 16323.576000 16323.576000 16323.576000
 16398.455000 16398.455000 16398.455000 16398.455000 16398.455000 16398.455000
 16473.333000 16473.333000 16473.333000 16473.333000 16473.333000 16473.333000
 16548.212000 16548.212000 16548.212000 16548.212000 16548.212000 16548.212000
 16623.091000 16623.091000 16623.091000 16623.091000 16623.091000 16623.091000
 16697.970000 16697.970000 16697.970000 16697.970000 16697.970000 16697.970000
 16772.849000 16772.849000 16772.849000 16772.849000 16772.849000 16772.849000
 16847.727000 16847.727000 16847.727000 16847.727000 16847.727000 16847.727000
 16922.606000 16922.606000 16922.606000 16922.606000 16922.606000 16922.606000
 16997.485000 16997.485000 16997.485000 16997.485000 16997.485000 16997.485000
 17072.364000 17072.364000 17072.364000 17072.364000 17072.364000 17072.364000
 17147.243000 17147.243000 17147.243000 17147.243000 17147.243000 17147.243000
 17222.121000 17222.121000 17222.121000 17222.121000 17222.121000 17222.121000
 17297.000000 17297.000000 17297.000000 17297.000000 17297.000000 17297.000000
 17371.879000 17371.879000 17371.879000 17371.879000 17371.879000 17371.879000
 17446.758000 17446.758000 17446.758000 17446.758000 17446.758000 17446.758000
 17521.636000 17521.636000 17521.636000 17521.636000 17521.636000 17521.636000
 17596.515000 17596.515000 17596.515000 17596.515000 17596.515000 17596.515000
 17671.394000 17671.394000 17671.394000 17671.394000 17671.394000 17671.394000
 17746.273000 17746.273000 17746.273000 17746.273000 17746.273000 17746.273000
 17821.152000 17821.152000 17821.152000 17821.152000 17821.152000 17821.152000
 17896.030000 17896.030000 17896.030000 17896.030000 17896.030000 17896.030000
 17970.910000 17970.910000 17970.910000 17970.910000 17970.910000 17970.910000
 18045.788000 18045.788000 18045.788000 18045.788000 18045.788000 18045.788000
 18120.667000 18120.667000 18120.667000 18120.667000 18120.667000 18120.667000
 18195.546000 18195.546000 18195.546000 18195.546000 18195.546000 18195.546000
 18270.424000 18270.424000 18270.424000 18270.424000 18270.424000 18270.424000
 18345.303000 18345.303000 18345.303000 18345.303000 18345.303000 18345.303000
 18420.182000 18420.182000 18420.182000 18420.182000 18420.182000 18420.182000
 18495.061000 18495.061000 18495.061000 18495.061000 18495.061000 18495.061000
 18569.939000 18569.939000 18569.939000 18569.939000 18569.939000 18569.939000
 18644.818000 18644.818000 18644.818000 18644.818000 18644.818000 18644.818000
 18719.697000 18719.697000 18719.697000 18719.697000 18719.697000 18719.697000
 18794.576000 18794.576000 18794.576000 18794.576000 18794.576000 18794.576000
 18869.454000 18869.454000 18869.454000 18869.454000 18869.454000 18869.454000
 18944.333000 18944.333000 18944.333000 18944.333000 18944.333000 18944.333000
 19019.212000 19019.212000 19019.212000 19019.212000 19019.212000 19019.212000
 19094.091000 19094.091000 19094.091000 19094.091000 19094.091000 19094.091000
 19168.970000 19168.970000 19168.970000 19168.970000 19168.970000 19168.970000
 19243.849000 19243.849000 19243.849000 19243.849000 19243.849000 19243.849000
 19318.727000 19318.727000 19318.727000 19318.727000 19318.727000 19318.727000
 19393.606000 19393.606000 19393.606000 19393.606000 19393.606000 19393.606000
 19468.485000 19468.485000 19468.485000 19468.485000 19468.485000 19468.485000
 19543.364000 19543.364000 19543.364000 19543.364000 19543.364000 19543.364000
 19618.243000 19618.243000 19618.243000 19618.243000 19618.243000 19618.243000
 19693.121000 19693.121000 19693.121000 19693.121000 19693.121000 19693.121000
 19768.000000 19768.000000 19768.000000 19768.000000 19768.000000 19768.000000
 19842.879000 19842.879000 19842.879000 19842.879000 19842.879000 19842.879000
 19917.757000 19917.757000 19917.757000 19917.757000 19917.757000 19917.757000
 19992.637000 19992.637000 19992.637000 19992.637000 19992.637000 19992.637000
 20067.515000 20067.515000 20067.515000 20067.515000 20067.515000 20067.515000
 20142.394000 20142.394000 20142.394000 20142.394000 20142.394000 20142.394000
 20217.273000 20217.273000 20217.273000 20217.273000 20217.273000 20217.273000
 20292.152000 20292.152000 20292.152000 20292.152000 20292.152000 20292.152000
 20367.031000 20367.031000 20367.031000 20367.031000 20367.031000 20367.031000
 20441.909000 20441.909000 20441.909000 20441.909000 20441.909000 20441.909000
 20516.788000 20516.788000 20516.788000 20516.788000 20516.788000 20516.788000
 20591.667000 20591.667000 20591.667000 20591.667000 20591.667000 20591.667000
 20666.545000 20666.545000 20666.545000 20666.545000 20666.545000 20666.545000
 20741.424000 20741.424000 20741.424000 20741.424000 20741.424000 20741.424000
 20816.304000 20816.304000 20816.304000 20816.304000 20816.304000 20816.304000
 20891.182000 20891.182000 20891.182000 20891.182000 20891.182000 20891.182000
 20966.061000 20966.061000 20966.061000 20966.061000 20966.061000 20966.061000
 21040.940000 21040.940000 21040.940000 21040.940000 21040.940000 21040.940000
 21115.818000 21115.818000 21115.818000 21115.818000 21115.818000 21115.818000
 21190.697000 21190.697000 21190.697000 21190.697000 21190.697000 21190.697000
 21265.576000 21265.576000 21265.576000 21265.576000 21265.576000 21265.576000
 21340.454000 21340.454000 21340.454000 21340.454000 21340.454000 21340.454000
 21415.333000 21415.333000 21415.333000 21415.333000 21415.333000 21415.333000
 21490.212000 21490.212000 21490.212000 21490.212000 21490.212000 21490.212000
 21565.091000 21565.091000 21565.091000 21565.091000 21565.091000 21565.091000
 21639.970000 21639.970000 21639.970000 21639.970000 21639.970000 21639.970000
 21714.849000 21714.849000 21714.849000 21714.849000 21714.849000 21714.849000
 21789.727000 21789.727000 21789.727000 21789.727000 21789.727000 21789.727000
 21864.606000 21864.606000 21864.606000 21864.606000 21864.606000 21864.606000
 21939.485000 21939.485000 21939.485000 21939.485000 21939.485000 21939.485000
 22014.364000 22014.364000 22014.364000 22014.364000 22014.364000 22014.364000
 22089.243000 22089.243000 22089.243000 22089.243000 22089.243000 22089.243000
 22164.121000 22164.121000 22164.121000 22164.121000 22164.121000 22164.121000
 22239.000000 22239.000000 22239.000000 22239.000000 22239.000000 22239.000000
 22313.878000 22313.878000 22313.878000 22313.878000 22313.878000 22313.878000
 22388.758000 22388.758000 22388.758000 22388.758000 22388.758000 22388.758000
 22463.637000 22463.637000 22463.637000 22463.637000 22463.637000 22463.637000
 22538.515000 22538.515000 22538.515000 22538.515000 22538.515000 22538.515000
 22613.394000 22613.394000 22613.394000 22613.394000 22613.394000 22613.394000
 22688.273000 22688.273000 22688.273000 22688.273000 22688.273000 22688.273000
 22763.152000 22763.152000 22763.152000 22763.152000 22763.152000 22763.152000
 22838.031000 22838.031000 22838.031000 22838.031000 22838.031000 22838.031000
 22912.910000 22912.910000 22912.910000 22912.910000 22912.910000 22912.910000
 22987.787000 22987.787000 22987.787000 22987.787000 22987.787000 22987.787000
 23062.666000 23062.666000 23062.666000 23062.666000 23062.666000 23062.666000
 23137.545000 23137.545000 23137.545000 23137.545000 23137.545000 23137.545000
 23212.424000 23212.424000 23212.424000 23212.424000 23212.424000 23212.424000
 23287.303000 23287.303000 23287.303000 23287.303000 23287.303000 23287.303000
 23362.182000 23362.182000 23362.182000 23362.182000 23362.182000 23362.182000
 23437.060000 23437.060000 23437.060000 23437.060000 23437.060000 23437.060000
 23511.940000 23511.940000 23511.940000 23511.940000 23511.940000 23511.940000
 23586.819000 23586.819000 23586.819000 23586.819000 23586.819000 23586.819000
 23661.697000 23661.697000 23661.697000 23661.697000 23661.697000 23661.697000
 23736.576000 23736.576000 23736.576000 23736.576000 23736.576000 23736.576000
 23811.454000 23811.454000 23811.454000 23811.454000 23811.454000 23811.454000
 23886.333000 23886.333000 23886.333000 23886.333000 23886.333000 23886.333000
 23961.212000 23961.212000 23961.212000 23961.212000 23961.212000 23961.212000
 24036.091000 24036.091000 24036.091000 24036.091000 24036.091000 24036.091000
 24110.970000 24110.970000 24110.970000 24110.970000 24110.970000 24110.970000
 24185.848000 24185.848000 24185.848000 24185.848000 24185.848000 24185.848000
 24260.727000 24260.727000 24260.727000 24260.727000 24260.727000 24260.727000
 24335.607000 24335.607000 24335.607000 24335.607000 24335.607000 24335.607000
 24410.485000 24410.485000 24410.485000 24410.485000 24410.485000 24410.485000
 24485.364000 24485.364000 24485.364000 24485.364000 24485.364000 24485.364000
 24560.243000 24560.243000 24560.243000 24560.243000 24560.243000 24560.243000
 24635.121000 24635.121000 24635.121000 24635.121000 24635.121000 24635.121000
 24710.000000 24710.000000 24710.000000 24710.000000 24710.000000 24710.000000
 24784.879000 24784.879000 24784.879000 24784.879000 24784.879000 24784.879000
 24859.758000 24859.758000 24859.758000 24859.758000 24859.758000 24859.758000
 24934.636000 24934.636000 24934.636000 24934.636000 24934.636000 24934.636000
 25009.515000 25009.515000 25009.515000 25009.515000 25009.515000 25009.515000
 25084.394000 25084.394000 25084.394000 25084.394000 25084.394000 25084.394000
 25159.273000 25159.273000 25159.273000 25159.273000 25159.273000 25159.273000
 25234.152000 25234.152000 25234.152000 25234.152000 25234.152000 25234.152000
 25309.031000 25309.031000 25309.031000 25309.031000 25309.031000 25309.031000
 25383.910000 25383.910000 25383.910000 25383.910000 25383.910000 25383.910000
 25458.787000 25458.787000 25458.787000 25458.787000 25458.787000 25458.787000
 25533.666000 25533.666000 25533.666000 25533.666000 25533.666000 25533.666000
 25608.545000 25608.545000 25608.545000 25608.545000 25608.545000 25608.545000
 25683.424000 25683.424000 25683.424000 25683.424000 25683.424000 25683.424000
 25758.303000 25758.303000 25758.303000 25758.303000 25758.303000 25758.303000
 25833.182000 25833.182000 25833.182000 25833.182000 25833.182000 25833.182000
 25908.060000 25908.060000 25908.060000 25908.060000 25908.060000 25908.060000
 25982.939000 25982.939000 25982.939000 25982.939000 25982.939000 25982.939000
 26057.818000 26057.818000 26057.818000 26057.818000 26057.818000 26057.818000
 26132.697000 26132.697000 26132.697000 26132.697000 26132.697000 26132.697000
 26207.577000 26207.577000 26207.577000 26207.577000 26207.577000 26207.577000
 26282.455000 26282.455000 26282.455000 26282.455000 26282.455000 26282.455000
 26357.332000 26357.332000 26357.332000 26357.332000 26357.332000 26357.332000
 26432.211000 26432.211000 26432.211000 26432.211000 26432.211000 26432.211000
 26507.091000 26507.091000 26507.091000 26507.091000 26507.091000 26507.091000
 26581.970000 26581.970000 26581.970000 26581.970000 26581.970000 26581.970000
 26656.849000 26656.849000 26656.849000 26656.849000 26656.849000 26656.849000
 26731.728000 26731.728000 26731.728000 26731.728000 26731.728000 26731.728000
 26806.606000 26806.606000 26806.606000 26806.606000 26806.606000 26806.606000
 26881.485000 26881.485000 26881.485000 26881.485000 26881.485000 26881.485000
 26956.364000 26956.364000 26956.364000 26956.364000 26956.364000 26956.364000
#
# dtdd (rows - delta, columns - depth)
#
   74.879000   74.879000   74.879000   74.879000   74.879000   74.879000
   74.879000   74.879000   74.879000   74.879000   74.879000   74.879000
   74.879000   74.879000   74.879000   74.879000   74.879000   74.879000
   74.878000   74.878000   74.878000   74.878000   74.878000   74.878000
   74.879000   74.879000   74.879000   74.879000   74.879000   74.879000
   74.879000   74.879000   74.879000   74.879000   74.879000   74.879000
   74.879000   74.879000   74.879000   74.879000   74.879000   74.879000
   74.878000   74.878000   74.878000   74.878000   74.878000   74.878000
   74.879000   74.879000   74.879000   74.879000   74.879000   74.879000
   74.879000   74.879000   74.879000   74.879000   74.879000   74.879000
   74.879000   74.879000   74.879000   74.879000   74.879000   74.879000
   74.879000   74.879000   74.879000   74.879000   74.879000   74.879000
   74.878000   74.878000   74.878000   74.878000   74.878000   74.878000
   74.879000   74.879000   74.879000   74.879000   74.879000   74.879000
   74.879000   74.879000   74.879000   74.879000   74.879000   74.879000
   74.879000   74.879000   74.879000   74.879000   74.879000   74.879000
   74.879000   74.879000   74.879000   74.879000   74.879000   74.879000
   74.878000   74.878000   74.878000   74.878000   74.878000   74.878000
   74.879000   74.879000   74.879000   74.879000   74.879000   74.879000
   74.879000   74.879000   74.879000   74.879000   74.879000   74.879000
   74.879000   74.879000   74.879000   74.879000   74.879000   74.879000
   74.878000   74.878000   74.878000   74.878000   74.878000   74.878000
   74.879000   74.879000   74.879000   74.879000   74.879000   74.879000
   74.879000   74.879000   74.879000   74.879000   74.879000   74.879000
   74.879000   74.879000   74.879000   74.879000   74.879000   74.879000
   74.879000   74.879000   74.879000   74.879000   74.879000   74.879000
   74.879000   74.879000   74.879000   74.879000   74.879000   74.879000
   74.878000   74.878000   74.878000   74.878000   74.878000   74.878000
   74.879000   74.879000   74.879000   74.879000   74.879000   74.879000
   74.879000   74.879000   74.879000   74.879000   74.879000   74.879000
   74.879000   74.879000   74.879000   74.879000   74.879000   74.879000
   74.878000   74.878000   74.878000   74.878000   74.878000   74.878000
   74.879000   74.879000   74.879000   74.879000   74.879000   74.879000
   74.879000   74.879000   74.879000   74.879000   74.879000   74.879000
   74.879000   74.879000   74.879000   74.879000   74.879000   74.879000
   74.879000   74.879000   74.879000   74.879000   74.879000   74.879000
   74.878000   74.878000   74.878000   74.878000   74.878000   74.878000
   74.879000   74.879000   74.879000   74.879000   74.879000   74.879000
   74.879000   74.879000   74.879000   74.879000   74.879000   74.879000
   74.879000   74.879000   74.879000   74.879000   74.879000   74.879000
   74.878000   74.878000   74.878000   74.878000   74.878000   74.878000
   74.879000   74.879000   74.879000   74.879000   74.879000   74.879000
   74.879000   74.879000   74.879000   74.879000   74.879000   74.879000
   74.879000   74.879000   74.879000   74.879000   74.879000   74.879000
   74.879000   74.879000   74.879000   74.879000   74.879000   74.879000
   74.878000   74.878000   74.878000   74.878000   74.878000   74.878000
   74.879000   74.879000   74.879000   74.879000   74.879000   74.879000
   74.879000   74.879000   74.879000   74.879000   74.879000   74.879000
   74.879000   74.879000   74.879000   74.879000   74.879000   74.879000
   74.879000   74.879000   74.879000   74.879000   74.879000   74.879000
   74.878000   74.878000   74.878000   74.878000   74.878000   74.878000
   74.879000   74.879000   74.879000   74.879000   74.879000   74.879000
   74.879000   74.879000   74.879000   74.879000   74.879000   74.879000
   74.879000   74.879000   74.879000   74.879000   74.879000   74.879000
   74.878000   74.878000   74.878000   74.878000   74.878000   74.878000
   74.879000   74.879000   74.879000   74.879000   74.879000   74.879000
   74.879000   74.879000   74.879000   74.879000   74.879000   74.879000
   74.879000   74.879000   74.879000   74.879000   74.879000   74.879000
   74.879000   74.879000   74.879000   74.879000   74.879000   74.879000
   74.878000   74.878000   74.878000   74.878000   74.878000   74.878000
   74.880000   74.880000   74.880000   74.880000   74.880000   74.880000
   74.878000   74.878000   74.878000   74.878000   74.878000   74.878000
   74.879000   74.879000   74.879000   74.879000   74.879000   74.879000
   74.879000   74.879000   74.879000   74.879000   74.879000   74.879000
   74.878000   74.878000   74.878000   74.878000   74.878000   74.878000
   74.879000   74.879000   74.879000   74.879000   74.879000   74.879000
   74.879000   74.879000   74.879000   74.879000   74.879000   74.879000
   74.879000   74.879000   74.879000   74.879000   74.879000   74.879000
   74.878000   74.878000   74.878000   74.878000   74.878000   74.878000
   74.879000   74.879000   74.879000   74.879000   74.879000   74.879000
   74.879000   74.879000   74.879000   74.879000   74.879000   74.879000
   74.879000   74.879000   74.879000   74.879000   74.879000   74.879000
   74.878000   74.878000   74.878000   74.878000   74.878000   74.878000
   74.879000   74.879000   74.879000   74.879000   74.879000   74.879000
   74.879000   74.879000   74.879000   74.879000   74.879000   74.879000
   74.879000   74.879000   74.879000   74.879000   74.879000   74.879000
   74.879000   74.879000   74.879000   74.879000   74.879000   74.879000
   74.879000   74.879000   74.879000   74.879000   74.879000   74.879000
   74.878000   74.878000   74.878000   74.878000   74.878000   74.878000
   74.879000   74.879000   74.879000   74.879000   74.879000   74.879000
   74.879000   74.879000   74.879000   74.879000   74.879000   74.879000
   74.879000   74.879000   74.879000   74.879000   74.879000   74.879000
   74.879000   74.879000   74.879000   74.879000   74.879000   74.879000
   74.878000   74.878000   74.878000   74.878000   74.878000   74.878000
   74.879000   74.879000   74.879000   74.879000   74.879000   74.879000
   74.879000   74.879000   74.879000   74.879000   74.879000   74.879000
   74.878000   74.878000   74.878000   74.878000   74.878000   74.878000
   74.880000   74.880000   74.880000   74.880000   74.880000   74.880000
   74.878000   74.878000   74.878000   74.878000   74.878000   74.878000
   74.879000   74.879000   74.879000   74.879000   74.879000   74.879000
   74.879000   74.879000   74.879000   74.879000   74.879000   74.879000
   74.879000   74.879000   74.879000   74.879000   74.879000   74.879000
   74.879000   74.879000   74.879000   74.879000   74.879000   74.879000
   74.878000   74.878000   74.878000   74.878000   74.878000   74.878000
   74.879000   74.879000   74.879000   74.879000   74.879000   74.879000
   74.879000   74.879000   74.879000   74.879000   74.879000   74.879000
   74.878000   74.878000   74.878000   74.878000   74.878000   74.878000
   74.879000   74.879000   74.879000   74.879000   74.879000   74.879000
   74.880000   74.880000   74.880000   74.880000   74.880000   74.880000
   74.878000   74.878000   74.878000   74.878000   74.878000   74.878000
   74.879000   74.879000   74.879000   74.879000   74.879000   74.879000
   74.879000   74.879000   74.879000   74.879000   74.879000   74.879000
   74.878000   74.878000   74.878000   74.878000   74.878000   74.878000
   74.879000   74.879000   74.879000   74.879000   74.879000   74.879000
   74.879000   74.879000   74.879000   74.879000   74.879000   74.879000
   74.878000   74.878000   74.878000   74.878000   74.878000   74.878000
   74.879000   74.879000   74.879000   74.879000   74.879000   74.879000
   74.879000   74.879000   74.879000   74.879000   74.879000   74.879000
   74.879000   74.879000   74.879000   74.879000   74.879000   74.879000
   74.879000   74.879000   74.879000   74.879000   74.879000   74.879000
   74.879000   74.879000   74.879000   74.879000   74.879000   74.879000
   74.878000   74.878000   74.878000   74.878000   74.878000   74.878000
   74.879000   74.879000   74.879000   74.879000   74.879000   74.879000
   74.879000   74.879000   74.879000   74.879000   74.879000   74.879000
   74.879000   74.879000   74.879000   74.879000   74.879000   74.879000
   74.879000   74.879000   74.879000   74.879000   74.879000   74.879000
   74.878000   74.878000   74.878000   74.878000   74.878000   74.878000
   74.879000   74.879000   74.879000   74.879000   74.879000   74.879000
   74.878000   74.878000   74.878000   74.878000   74.878000   74.878000
   74.880000   74.880000   74.880000   74.880000   74.880000   74.880000
   74.879000   74.879000   74.879000   74.879000   74.879000   74.879000
   74.878000   74.878000   74.878000   74.878000   74.878000   74.878000
   74.879000   74.879000   74.879000   74.879000   74.879000   74.879000
   74.879000   74.879000   74.879000   74.879000   74.879000   74.879000
   74.879000   74.879000   74.879000   74.879000   74.879000   74.879000
   74.879000   74.879000   74.879000   74.879000   74.879000   74.879000
   74.879000   74.879000   74.879000   74.879000   74.879000   74.879000
   74.877000   74.877000   74.877000   74.877000   74.877000   74.877000
   74.879000   74.879000   74.879000   74.879000   74.879000   74.879000
   74.879000   74.879000   74.879000   74.879000   74.879000   74.879000
   74.879000   74.879000   74.879000   74.879000   74.879000   74.879000
   74.879000   74.879000   74.879000   74.879000   74.879000   74.879000
   74.879000   74.879000   74.879000   74.879000   74.879000   74.879000
   74.878000   74.878000   74.878000   74.878000   74.878000   74.878000
   74.880000   74.880000   74.880000   74.880000   74.880000   74.880000
   74.879000   74.879000   74.879000   74.879000   74.879000   74.879000
   74.878000   74.878000   74.878000   74.878000   74.878000   74.878000
   74.879000   74.879000   74.879000   74.879000   74.879000   74.879000
   74.878000   74.878000   74.878000   74.878000   74.878000   74.878000
   74.879000   74.879000   74.879000   74.879000   74.879000   74.879000
   74.879000   74.879000   74.879000   74.879000   74.879000   74.879000
   74.879000   74.879000   74.879000   74.879000   74.879000   74.879000
   74.879000   74.879000   74.879000   74.879000   74.879000   74.879000
   74.878000   74.878000   74.878000   74.878000   74.878000   74.878000
   74.879000   74.879000   74.879000   74.879000   74.879000   74.879000
   74.880000   74.880000   74.880000   74.880000   74.880000   74.880000
   74.878000   74.878000   74.878000   74.878000   74.878000   74.878000
   74.879000   74.879000   74.879000   74.879000   74.879000   74.879000
   74.879000   74.879000   74.879000   74.879000   74.879000   74.879000
   74.878000   74.878000   74.878000   74.878000   74.878000   74.878000
   74.879000   74.879000   74.879000   74.879000   74.879000   74.879000
   74.879000   74.879000   74.879000   74.879000   74.879000   74.879000
   74.879000   74.879000   74.879000   74.879000   74.879000   74.879000
   74.878000   74.878000   74.878000   74.878000   74.878000   74.878000
   74.879000   74.879000   74.879000   74.879000   74.879000   74.879000
   74.879000   74.879000   74.879000   74.879000   74.879000   74.879000
   74.879000   74.879000   74.879000   74.879000   74.879000   74.879000
   74.879000   74.879000   74.879000   74.879000   74.879000   74.879000
   74.879000   74.879000   74.879000   74.879000   74.879000   74.879000
   74.879000   74.879000   74.879000   74.879000   74.879000   74.879000
   74.877000   74.877000   74.877000   74.877000   74.877000   74.877000
   74.879000   74.879000   74.879000   74.879000   74.879000   74.879000
   74.879000   74.879000   74.879000   74.879000   74.879000   74.879000
   74.879000   74.879000   74.879000   74.879000   74.879000   74.879000
   74.879000   74.879000   74.879000   74.879000   74.879000   74.879000
   74.879000   74.879000   74.879000   74.879000   74.879000   74.879000
   74.878000   74.878000   74.878000   74.878000   74.878000   74.878000
   74.879000   74.879000   74.879000   74.879000   74.879000   74.879000
   74.879000   74.879000   74.879000   74.879000   74.879000   74.879000
   74.879000   74.879000   74.879000   74.879000   74.879000   74.879000
   74.880000   74.880000   74.880000   74.880000   74.880000   74.880000
   74.878000   74.878000   74.878000   74.878000   74.878000   74.878000
   74.877000   74.877000   74.877000   74.877000   74.877000   74.877000
   74.879000   74.879000   74.879000   74.879000   74.879000   74.879000
   74.880000   74.880000   74.880000   74.880000   74.880000   74.880000
   74.879000   74.879000   74.879000   74.879000   74.879000   74.879000
   74.879000   74.879000   74.879000   74.879000   74.879000   74.879000
   74.879000   74.879000   74.879000   74.879000   74.879000   74.879000
   74.878000   74.878000   74.878000   74.878000   74.878000   74.878000
   74.879000   74.879000   74.879000   74.879000   74.879000   74.879000
   74.879000   74.879000   74.879000   74.879000   74.879000   74.879000
   74.879000   74.879000   74.879000   74.879000   74.879000   74.879000
   74.879000   74.879000   74.879000   74.879000   74.879000   74.879000
   74.878000   74.878000   74.878000   74.878000   74.878000   74.878000
   74.879000   74.879000   74.879000   74.879000   74.879000   74.879000
   74.879000   74.879000   74.879000   74.879000   74.879000   74.879000
   74.879000   74.879000   74.879000   74.879000   74.879000   74.879000
   74.878000   74.878000   74.878000   74.878000   74.878000   74.878000
   74.879000   74.879000   74.879000   74.879000   74.879000   74.879000
   74.879000   74.879000   74.879000   74.879000   74.879000   74.879000
   74.879000   74.879000   74.879000   74.879000   74.879000   74.879000
   74.879000   74.879000   74.879000   74.879000   74.879000   74.879000
   74.878000   74.878000   74.878000   74.878000   74.878000   74.878000
   74.879000   74.879000   74.879000   74.879000   74.879000   74.879000
   74.879000   74.879000   74.879000   74.879000   74.879000   74.879000
   74.879000   74.879000   74.879000   74.879000   74.879000   74.879000
   74.879000   74.879000   74.879000   74.879000   74.879000   74.879000
   74.878000   74.878000   74.878000   74.878000   74.878000   74.878000
   74.879000   74.879000   74.879000   74.879000   74.879000   74.879000
   74.879000   74.879000   74.879000   74.879000   74.879000   74.879000
   74.879000   74.879000   74.879000   74.879000   74.879000   74.879000
   74.878000   74.878000   74.878000   74.878000   74.878000   74.878000
   74.879000   74.879000   74.879000   74.879000   74.879000   74.879000
   74.879000   74.879000   74.879000   74.879000   74.879000   74.879000
   74.879000   74.879000   74.879000   74.879000   74.879000   74.879000
   74.879000   74.879000   74.879000   74.879000   74.879000   74.879000
   74.879000   74.879000   74.879000   74.879000   74.879000   74.879000
   74.878000   74.878000   74.878000   74.878000   74.878000   74.878000
   74.879000   74.879000   74.879000   74.879000   74.879000   74.879000
   74.879000   74.879000   74.879000   74.879000   74.879000   74.879000
   74.879000   74.879000   74.879000   74.879000   74.879000   74.879000
   74.878000   74.878000   74.878000   74.878000   74.878000   74.878000
   74.879000   74.879000   74.879000   74.879000   74.879000   74.879000
   74.879000   74.879000   74.879000   74.879000   74.879000   74.879000
   74.879000   74.879000   74.879000   74.879000   74.879000   74.879000
   74.879000   74.879000   74.879000   74.879000   74.879000   74.879000
   74.878000   74.878000   74.878000   74.878000   74.878000   74.878000
   74.879000   74.879000   74.879000   74.879000   74.879000   74.879000
   74.879000   74.879000   74.879000   74.879000   74.879000   74.879000
   74.879000   74.879000   74.879000   74.879000   74.879000   74.879000
   74.878000   74.878000   74.878000   74.878000   74.878000   74.878000
   74.879000   74.879000   74.879000   74.879000   74.879000   74.879000
   74.879000   74.879000   74.879000   74.879000   74.879000   74.879000
   74.879000   74.879000   74.879000   74.879000   74.879000   74.879000
   74.879000   74.879000   74.879000   74.879000   74.879000   74.879000
   74.878000   74.878000   74.878000   74.878000   74.878000   74.878000
   74.879000   74.879000   74.879000   74.879000   74.879000   74.879000
   74.879000   74.879000   74.879000   74.879000   74.879000   74.879000
   74.879000   74.879000   74.879000   74.879000   74.879000   74.879000
   74.879000   74.879000   74.879000   74.879000   74.879000   74.879000
   74.878000   74.878000   74.878000   74.878000   74.878000   74.878000
   74.879000   74.879000   74.879000   74.879000   74.879000   74.879000
   74.879000   74.879000   74.879000   74.879000   74.879000   74.879000
   74.879000   74.879000   74.879000   74.879000   74.879000   74.879000
   74.878000   74.878000   74.878000   74.878000   74.878000   74.878000
   74.879000   74.879000   74.879000   74.879000   74.879000   74.879000
   74.879000   74.879000   74.879000   74.879000   74.879000   74.879000
   74.879000   74.879000   74.879000   74.879000   74.879000   74.879000
   74.879000   74.879000   74.879000   74.879000   74.879000   74.879000
   74.878000   74.878000   74.878000   74.878000   74.878000   74.878000
   74.880000   74.880000   74.880000   74.880000   74.880000   74.880000
   74.878000   74.878000   74.878000   74.878000   74.878000   74.878000
   74.879000   74.879000   74.879000   74.879000   74.879000   74.879000
   74.879000   74.879000   74.879000   74.879000   74.879000   74.879000
   74.878000   74.878000   74.878000   74.878000   74.878000   74.878000
   74.879000   74.879000   74.879000   74.879000   74.879000   74.879000
   74.879000   74.879000   74.879000   74.879000   74.879000   74.879000
   74.879000   74.879000   74.879000   74.879000   74.879000   74.879000
   74.878000   74.878000   74.878000   74.878000   74.878000   74.878000
   74.879000   74.879000   74.879000   74.879000   74.879000   74.879000
   74.879000   74.879000   74.879000   74.879000   74.879000   74.879000
   74.879000   74.879000   74.879000   74.879000   74.879000   74.879000
   74.878000   74.878000   74.878000   74.878000   74.878000   74.878000
   74.879000   74.879000   74.879000   74.879000   74.879000   74.879000
   74.879000   74.879000   74.879000   74.879000   74.879000   74.879000
   74.879000   74.879000   74.879000   74.879000   74.879000   74.879000
   74.879000   74.879000   74.879000   74.879000   74.879000   74.879000
   74.879000   74.879000   74.879000   74.879000   74.879000   74.879000
   74.878000   74.878000   74.878000   74.878000   74.878000   74.878000
   74.879000   74.879000   74.879000   74.879000   74.879000   74.879000
   74.879000   74.879000   74.879000   74.879000   74.879000   74.879000
   74.879000   74.879000   74.879000   74.879000   74.879000   74.879000
   74.879000   74.879000   74.879000   74.879000   74.879000   74.879000
   74.878000   74.878000   74.878000   74.878000   74.878000   74.878000
   74.879000   74.879000   74.879000   74.879000   74.879000   74.879000
   74.879000   74.879000   74.879000   74.879000   74.879000   74.879000
   74.878000   74.878000   74.878000   74.878000   74.878000   74.878000
   74.880000   74.880000   74.880000   74.880000   74.880000   74.880000
   74.878000   74.878000   74.878000   74.878000   74.878000   74.878000
   74.879000   74.879000   74.879000   74.879000   74.879000   74.879000
   74.879000   74.879000   74.879000   74.879000   74.879000   74.879000
   74.879000   74.879000   74.879000   74.879000   74.879000   74.879000
   74.879000   74.879000   74.879000   74.879000   74.879000   74.879000
   74.878000   74.878000   74.878000   74.878000   74.878000   74.878000
   74.879000   74.879000   74.879000   74.879000   74.879000   74.879000
   74.879000   74.879000   74.879000   74.879000   74.879000   74.879000
   74.878000   74.878000   74.878000   74.878000   74.878000   74.878000
   74.879000   74.879000   74.879000   74.879000   74.879000   74.879000
   74.880000   74.880000   74.880000   74.880000   74.880000   74.880000
   74.878000   74.878000   74.878000   74.878000   74.878000   74.878000
   74.879000   74.879000   74.879000   74.879000   74.879000   74.879000
   74.879000   74.879000   74.879000   74.879000   74.879000   74.879000
   74.878000   74.878000   74.878000   74.878000   74.878000   74.878000
   74.879000   74.879000   74.879000   74.879000   74.879000   74.879000
   74.879000   74.879000   74.879000   74.879000   74.879000   74.879000
   74.878000   74.878000   74.878000   74.878000   74.878000   74.878000
   74.879000   74.879000   74.879000   74.879000   74.879000   74.879000
   74.879000   74.879000   74.879000   74.879000   74.879000   74.879000
   74.879000   74.879000   74.879000   74.879000   74.879000   74.879000
   74.879000   74.879000   74.879000   74.879000   74.879000   74.879000
   74.879000   74.879000   74.879000   74.879000   74.879000   74.879000
   74.878000   74.878000   74.878000   74.878000   74.878000   74.878000
   74.879000   74.879000   74.879000   74.879000   74.879000   74.879000
   74.879000   74.879000   74.879000   74.879000   74.879000   74.879000
   74.879000   74.879000   74.879000   74.879000   74.879000   74.879000
   74.879000   74.879000   74.879000   74.879000   74.879000   74.879000
   74.878000   74.878000   74.878000   74.878000   74.878000   74.878000
   74.879000   74.879000   74.879000   74.879000   74.879000   74.879000
   74.878000   74.878000   74.878000   74.878000   74.878000   74.878000
   74.880000   74.880000   74.880000   74.880000   74.880000   74.880000
   74.879000   74.879000   74.879000   74.879000   74.879000   74.879000
   74.878000   74.878000   74.878000   74.878000   74.878000   74.878000
   74.879000   74.879000   74.879000   74.879000   74.879000   74.879000
   74.879000   74.879000   74.879000   74.879000   74.879000   74.879000
   74.879000   74.879000   74.879000   74.879000   74.879000   74.879000
   74.879000   74.879000   74.879000   74.879000   74.879000   74.879000
   74.879000   74.879000   74.879000   74.879000   74.879000   74.879000
   74.877000   74.877000   74.877000   74.877000   74.877000   74.877000
   74.879000   74.879000   74.879000   74.879000   74.879000   74.879000
   74.879000   74.879000   74.879000   74.879000   74.879000   74.879000
   74.879000   74.879000   74.879000   74.879000   74.879000   74.879000
   74.879000   74.879000   74.879000   74.879000   74.879000   74.879000
   74.879000   74.879000   74.879000   74.879000   74.879000   74.879000
   74.878000   74.878000   74.878000   74.878000   74.878000   74.878000
   74.880000   74.880000   74.880000   74.880000   74.880000   74.880000
   74.879000   74.879000   74.879000   74.879000   74.879000   74.879000
   74.878000   74.878000   74.878000   74.878000   74.878000   74.878000
   74.879000   74.879000   74.879000   74.879000   74.879000   74.879000
   74.878000   74.878000   74.878000   74.878000   74.878000   74.878000
   74.879000   74.879000   74.879000   74.879000   74.879000   74.879000
   74.879000   74.879000   74.879000   74.879000   74.879000   74.879000
   74.879000   74.879000   74.879000   74.879000   74.879000   74.879000
   74.879000   74.879000   74.879000   74.879000   74.879000   74.879000
   74.878000   74.878000   74.878000   74.878000   74.878000   74.878000
   74.879000   74.879000   74.879000   74.879000   74.879000   74.879000
   74.880000   74.880000   74.880000   74.880000   74.880000   74.880000
   74.878000   74.878000   74.878000   74.878000   74.878000   74.878000
   74.879000   74.879000   74.879000   74.879000   74.879000   74.879000
   74.879000   74.879000   74.879000   74.879000   74.879000   74.879000
   74.878000   74.878000   74.878000   74.878000   74.878000   74.878000
   74.879000   74.879000   74.879000   74.879000   74.879000   74.879000
   74.879000   74.879000   74.879000   74.879000   74.879000   74.879000
   74.879000   74.879000   74.879000   74.879000   74.879000   74.879000
   74.878000   74.878000   74.878000   74.878000   74.878000   74.878000
   74.879000   74.879000   74.879000   74.879000   74.879000   74.879000
   74.879000   74.879000   74.879000   74.879000   74.879000   74.879000
   74.879000   74.879000   74.879000   74.879000   74.879000   74.879000
   74.879000   74.879000   74.879000   74.879000   74.879000   74.879000
   74.879000   74.879000   74.879000   74.879000   74.879000   74.879000
   74.879000   74.879000   74.879000   74.879000   74.879000   74.879000
   74.877000   74.877000   74.877000   74.877000   74.877000   74.877000
   74.879000   74.879000   74.879000   74.879000   74.879000   74.879000
   74.879000   74.879000   74.879000   74.879000   74.879000   74.879000
   74.879000   74.879000   74.879000   74.879000   74.879000   74.879000
   74.879000   74.879000   74.879000   74.879000   74.879000   74.879000
   74.879000   74.879000   74.879000   74.879000   74.879000   74.879000
   74.878000   74.878000   74.878000   74.878000   74.878000   74.878000
   74.879000   74.879000   74.879000   74.879000   74.879000   74.879000
   74.879000   74.879000   74.879000   74.879000   74.879000   74.879000
   74.879000   74.879000   74.879000   74.879000   74.879000   74.879000
   74.880000   74.880000   74.880000   74.880000   74.880000   74.880000
   74.878000   74.878000   74.878000   74.878000   74.878000   74.878000
   74.877000   74.877000   74.877000   74.877000   74.877000   74.877000
   74.879000   74.879000   74.879000   74.879000   74.879000   74.879000
   74.880000   74.880000   74.880000   74.880000   74.880000   74.880000
   74.879000   74.879000   74.879000   74.879000   74.879000   74.879000
   74.879000   74.879000   74.879000   74.879000   74.879000   74.879000
   74.879000   74.879000   74.879000   74.879000   74.879000   74.879000
   74.878000   74.878000   74.878000   74.878000   74.878000   74.878000
   74.879000   74.879000   74.879000   74.879000   74.879000   74.879000
   74.879000   74.879000   74.879000   74.879000   74.879000   74.879000
#
# dtdh (rows - delta, columns - depth)
#
    0.000001    0.000001    0.000001    0.000001    0.000001    0.000001
    0.000001    0.000001    0.000001    0.000001    0.000001    0.000001
    0.000001    0.000001    0.000001    0.000001    0.000001    0.000001
    0.000001    0.000001    0.000001    0.000001    0.000001    0.000001
    0.000001    0.000001    0.000001    0.000001    0.000001    0.000001
    0.000001    0.000001    0.000001    0.000001    0.000001    0.000001
    0.000001    0.000001    0.000001    0.000001    0.000001    0.000001
    0.000001    0.000001    0.000001    0.000001    0.000001    0.000001
    0.000001    0.000001    0.000001    0.000001    0.000001    0.000001
    0.000001    0.000001    0.000001    0.000001    0.000001    0.000001
    0.000001    0.000001    0.000001    0.000001    0.000001    0.000001
    0.000001    0.000001    0.000001    0.000001    0.000001    0.000001
    0.000001    0.000001    0.000001    0.000001    0.000001    0.000001
    0.000001    0.000001    0.000001    0.000001    0.000001    0.000001
    0.000001    0.000001    0.000001    0.000001    0.000001    0.000001
    0.000001    0.000001    0.000001    0.000001    0.000001    0.000001
    0.000001    0.000001    0.000001    0.000001    0.000001    0.000001
    0.000001    0.000001    0.000001    0.000001    0.000001    0.000001
    0.000001    0.000001    0.000001    0.000001    0.000001    0.000001
    0.000001    0.000001    0.000001    0.000001    0.000001    0.000001
    0.000001    0.000001    0.000001    0.000001    0.000001    0.000001
    0.000001    0.000001    0.000001    0.000001    0.000001    0.000001
    0.000001    0.000001    0.000001    0.000001    0.000001    0.000001
    0.000001    0.000001    0.000001    0.000001    0.000001    0.000001
    0.000001    0.000001    0.000001    0.000001    0.000001    0.000001
    0.000001    0.000001    0.000001    0.000001    0.000001    0.000001
    0.000001    0.000001    0.000001    0.000001    0.000001    0.000001
    0.000001    0.000001    0.000001    0.000001    0.000001    0.000001
    0.000001    0.000001    0.000001    0.000001    0.000001    0.000001
    0.000001    0.000001    0.000001    0.000001    0.000001    0.000001
    0.000001    0.000001    0.000001    0.000001    0.000001    0.000001
    0.000001    0.000001    0.000001    0.000001    0.000001    0.000001
    0.000001    0.000001    0.000001    0.000001    0.000001    0.000001
    0.000001    0.000001    0.000001    0.000001    0.000001    0.000001
    0.000001    0.000001    0.000001    0.000001    0.000001    0.000001
    0.000001    0.000001    0.000001    0.000001    0.000001    0.000001
    0.000001    0.000001    0.000001    0.000001    0.000001    0.000001
    0.000001    0.000001    0.000001    0.000001    0.000001    0.000001
    0.000001    0.000001    0.000001    0.000001    0.000001    0.000001
    0.000001    0.000001    0.000001    0.000001    0.000001    0.000001
    0.000001    0.000001    0.000001    0.000001    0.000001    0.000001
    0.000001    0.000001    0.000001    0.000001    0.000001    0.000001
    0.000001    0.000001    0.000001    0.000001    0.000001    0.000001
    0.000001    0.000001    0.000001    0.000001    0.000001    0.000001
    0.000001    0.000001    0.000001    0.000001    0.000001    0.000001
    0.000001    0.000001    0.000001    0.000001    0.000001    0.000001
    0.000001    0.000001    0.000001    0.000001    0.000001    0.000001
    0.000001    0.000001    0.000001    0.000001    0.000001    0.000001
    0.000001    0.000001    0.000001    0.000001    0.000001    0.000001
    0.000001    0.000001    0.000001    0.000001    0.000001    0.000001
    0.000001    0.000001    0.000001    0.000001    0.000001    0.000001
    0.000001    0.000001    0.000001    0.000001    0.000001    0.000001
    0.000001    0.000001    0.000001    0.000001    0.000001    0.000001
    0.000001    0.000001    0.000001    0.000001    0.000001    0.000001
    0.000001    0.000001    0.000001    0.000001    0.000001    0.000001
    0.000001    0.000001    0.000001    0.000001    0.000001    0.000001
    0.000001    0.000001    0.000001    0.000001    0.000001    0.000001
    0.000001    0.000001    0.000001    0.000001    0.000001    0.000001
    0.000001    0.000001    0.000001    0.000001    0.000001    0.000001
    0.000001    0.000001    0.000001    0.000001    0.000001    0.000001
    0.000001    0.000001    0.000001    0.000001    0.000001    0.000001
    0.000001    0.000001    0.000001    0.000001    0.000001    0.000001
    0.000001    0.000001    0.000001    0.000001    0.000001    0.000001
    0.000001    0.000001    0.000001    0.000001    0.000001    0.000001
    0.000001    0.000001    0.000001    0.000001    0.000001    0.000001
    0.000001    0.000001    0.000001    0.000001    0.000001    0.000001
    0.000001    0.000001    0.000001    0.000001    0.000001    0.000001
    0.000001    0.000001    0.000001    0.000001    0.000001    0.000001
    0.000001    0.000001    0.000001    0.000001    0.000001    0.000001
    0.000001    0.000001    0.000001    0.000001    0.000001    0.000001
    0.000001    0.000001    0.000001    0.000001    0.000001    0.000001
    0.000001    0.000001    0.000001    0.000001    0.000001    0.000001
    0.000001    0.000001    0.000001    0.000001    0.000001    0.000001
    0.000001    0.000001    0.000001    0.000001    0.000001    0.000001
    0.000001    0.000001    0.000001    0.000001    0.000001    0.000001
    0.000001    0.000001    0.000001    0.000001    0.000001    0.000001
    0.000001    0.000001    0.000001    0.000001    0.000001    0.000001
    0.000001    0.000001    0.000001    0.000001    0.000001    0.000001
    0.000001    0.000001    0.000001    0.000001    0.000001    0.000001
    0.000001    0.000001    0.000001    0.000001    0.000001    0.000001
    0.000001    0.000001    0.000001    0.000001    0.000001    0.000001
    0.000001    0.000001    0.000001    0.000001    0.000001    0.000001
    0.000001    0.000001    0.000001    0.000001    0.000001    0.000001
    0.000001    0.000001    0.000001    0.000001    0.000001    0.000001
    0.000001    0.000001    0.000001    0.000001    0.000001    0.000001
    0.000001    0.000001    0.000001    0.000001    0.000001    0.000001
    0.000001    0.000001    0.000001    0.000001    0.000001    0.000001
    0.000001    0.000001    0.000001    0.000001    0.000001    0.000001
    0.000001    0.000001    0.000001    0.000001    0.000001    0.000001
    0.000001    0.000001    0.000001    0.000001    0.000001    0.000001
    0.000001    0.000001    0.000001    0.000001    0.000001    0.000001
    0.000001    0.000001    0.000001    0.000001    0.000001    0.000001
    0.000001    0.000001    0.000001    0.000001    0.000001    0.000001
    0.000001    0.000001    0.000001    0.000001    0.000001    0.000001
    0.000001    0.000001    0.000001    0.000001    0.000001    0.000001
    0.000001    0.000001    0.000001    0.000001    0.000001    0.000001
    0.000001    0.000001    0.000001    0.000001    0.000001    0.000001
    0.000001    0.000001    0.000001    0.000001    0.000001    0.000001
    0.000001    0.000001    0.000001    0.000001    0.000001    0.000001
    0.000001    0.000001    0.000001    0.000001    0.000001    0.000001
    0.000001    0.000001    0.000001    0.000001    0.000001    0.000001
    0.000001    0.000001    0.000001    0.000001    0.000001    0.000001
    0.000001    0.000001    0.000001    0.000001    0.000001    0.000001
    0.000001    0.000001    0.000001    0.000001    0.000001    0.000001
    0.000001    0.000001    0.000001    0.000001    0.000001    0.000001
    0.000001    0.000001    0.000001    0.000001    0.000001    0.000001
    0.000001    0.000001    0.000001    0.000001    0.000001    0.000001
    0.000001    0.000001    0.000001    0.000001    0.000001    0.000001
    0.000001    0.000001    0.000001    0.000001    0.000001    0.000001
    0.000001    0.000001    0.000001    0.000001    0.000001    0.000001
    0.000001    0.000001    0.000001    0.000001    0.000001    0.000001
    0.000001    0.000001    0.000001    0.000001    0.000001    0.000001
    0.000001    0.000001    0.000001    0.000001    0.000001    0.000001
    0.000001    0.000001    0.000001    0.000001    0.000001    0.000001
    0.000001    0.000001    0.000001    0.000001    0.000001    0.000001
    0.000001    0.000001    0.000001    0.000001    0.000001    0.000001
    0.000001    0.000001    0.000001    0.000001    0.000001    0.000001
    0.000001    0.000001    0.000001    0.000001    0.000001    0.000001
    0.000001    0.000001    0.000001    0.000001    0.000001    0.000001
    0.000001    0.000001    0.000001    0.000001    0.000001    0.000001
    0.000001    0.000001    0.000001    0.000001    0.000001    0.000001
    0.000001    0.000001    0.000001    0.000001    0.000001    0.000001
    0.000001    0.000001    0.000001    0.000001    0.000001    0.000001
    0.000001    0.000001    0.000001    0.000001    0.000001    0.000001
    0.000001    0.000001    0.000001    0.000001    0.000001    0.000001
    0.000001    0.000001    0.000001    0.000001    0.000001    0.000001
    0.000001    0.000001    0.000001    0.000001    0.000001    0.000001
    0.000001    0.000001    0.000001    0.000001    0.000001    0.000001
    0.000001    0.000001    0.000001    0.000001    0.000001    0.000001
    0.000001    0.000001    0.000001    0.000001    0.000001    0.000001
    0.000001    0.000001    0.000001    0.000001    0.000001    0.000001
    0.000001    0.000001    0.000001    0.000001    0.000001    0.000001
    0.000001    0.000001    0.000001    0.000001    0.000001    0.000001
    0.000001    0.000001    0.000001    0.000001    0.000001    0.000001
    0.000001    0.000001    0.000001    0.000001    0.000001    0.000001
    0.000001    0.000001    0.000001    0.000001    0.000001    0.000001
    0.000001    0.000001    0.000001    0.000001    0.000001    0.000001
    0.000001    0.000001    0.000001    0.000001    0.000001    0.000001
    0.000001    0.000001    0.000001    0.000001    0.000001    0.000001
    0.000001    0.000001    0.000001    0.000001    0.000001    0.000001
    0.000001    0.000001    0.000001    0.000001    0.000001    0.000001
    0.000001    0.000001    0.000001    0.000001    0.000001    0.000001
    0.000001    0.000001    0.000001    0.000001    0.000001    0.000001
    0.000001    0.000001    0.000001    0.000001    0.000001    0.000001
    0.000001    0.000001    0.000001    0.000001    0.000001    0.000001
    0.000001    0.000001    0.000001    0.000001    0.000001    0.000001
    0.000001    0.000001    0.000001    0.000001    0.000001    0.000001
    0.000001    0.000001    0.000001    0.000001    0.000001    0.000001
    0.000001    0.000001    0.000001    0.000001    0.000001    0.000001
    0.000001    0.000001    0.000001    0.000001    0.000001    0.000001
    0.000001    0.000001    0.000001    0.000001    0.000001    0.000001
    0.000001    0.000001    0.000001    0.000001    0.000001    0.000001
    0.000001    0.000001    0.000001    0.000001    0.000001    0.000001
    0.000001    0.000001    0.000001    0.000001    0.000001    0.000001
    0.000001    0.000001    0.000001    0.000001    0.000001    0.000001
    0.000001    0.000001    0.000001    0.000001    0.000001    0.000001
    0.000001    0.000001    0.000001    0.000001    0.000001    0.000001
    0.000001    0.000001    0.000001    0.000001    0.000001    0.000001
    0.000001    0.000001    0.000001    0.000001    0.000001    0.000001
    0.000001    0.000001    0.000001    0.000001    0.000001    0.000001
    0.000001    0.000001    0.000001    0.000001    0.000001    0.000001
    0.000001    0.000001    0.000001    0.000001    0.000001    0.000001
    0.000001    0.000001    0.000001    0.000001    0.000001    0.000001
    0.000001    0.000001    0.000001    0.000001    0.000001    0.000001
    0.000001    0.000001    0.000001    0.000001    0.000001    0.000001
    0.000001    0.000001    0.000001    0.000001    0.000001    0.000001
    0.000001    0.000001    0.000001    0.000001    0.000001    0.000001
    0.000001    0.000001    0.000001    0.000001    0.000001    0.000001
    0.000001    0.000001    0.000001    0.000001    0.000001    0.000001
    0.000001    0.000001    0.000001    0.000001    0.000001    0.000001
    0.000001    0.000001    0.000001    0.000001    0.000001    0.000001
    0.000001    0.000001    0.000001    0.000001    0.000001    0.000001
    0.000001    0.000001    0.000001    0.000001    0.000001    0.000001
    0.000001    0.000001    0.000001    0.000001    0.000001    0.000001
    0.000001    0.000001    0.000001    0.000001    0.000001    0.000001
    0.000001    0.000001    0.000001    0.000001    0.000001    0.000001
    0.000001    0.000001    0.000001    0.000001    0.000001    0.000001
    0.000001    0.000001    0.000001    0.000001    0.000001    0.000001
    0.000001    0.000001    0.000001    0.000001    0.000001    0.000001
    0.000001    0.000001    0.000001    0.000001    0.000001    0.000001
    0.000001    0.000001    0.000001    0.000001    0.000001    0.000001
    0.000001    0.000001    0.000001    0.000001    0.000001    0.000001
    0.000001    0.000001    0.000001    0.000001    0.000001    0.000001
    0.000001    0.000001    0.000001    0.000001    0.000001    0.000001
    0.000001    0.000001    0.000001    0.000001    0.000001    0.000001
    0.000001    0.000001    0.000001    0.000001    0.000001    0.000001
    0.000001    0.000001    0.000001    0.000001    0.000001    0.000001
    0.000001    0.000001    0.000001    0.000001    0.000001    0.000001
    0.000001    0.000001    0.000001    0.000001    0.000001    0.000001
    0.000001    0.000001    0.000001    0.000001    0.000001    0.000001
    0.000001    0.000001    0.000001    0.000001    0.000001    0.000001
    0.000001    0.000001    0.000001    0.000001    0.000001    0.000001
    0.000001    0.000001    0.000001    0.000001    0.000001    0.000001
    0.000001    0.000001    0.000001    0.000001    0.000001    0.000001
    0.000001    0.000001    0.000001    0.000001    0.000001    0.000001
    0.000001    0.000001    0.000001    0.000001    0.000001    0.000001
    0.000001    0.000001    0.000001    0.000001    0.000001    0.000001
    0.000001    0.000001    0.000001    0.000001    0.000001    0.000001
    0.000001    0.000001    0.000001    0.000001    0.000001    0.000001
    0.000001    0.000001    0.000001    0.000001    0.000001    0.000001
    0.000001    0.000001    0.000001    0.000001    0.000001    0.000001
    0.000001    0.000001    0.000001    0.000001    0.000001    0.000001
    0.000001    0.000001    0.000001    0.000001    0.000001    0.000001
    0.000001    0.000001    0.000001    0.000001    0.000001    0.000001
    0.000001    0.000001    0.000001    0.000001    0.000001    0.000001
    0.000001    0.000001    0.000001    0.000001    0.000001    0.000001
    0.000001    0.000001    0.000001    0.000001    0.000001    0.000001
    0.000001    0.000001    0.000001    0.000001    0.000001    0.000001
    0.000001    0.000001    0.000001    0.000001    0.000001    0.000001
    0.000001    0.000001    0.000001    0.000001    0.000001    0.000001
    0.000001    0.000001    0.000001    0.000001    0.000001    0.000001
    0.000001    0.000001    0.000001    0.000001    0.000001    0.000001
    0.000001    0.000001    0.000001    0.000001    0.000001    0.000001
    0.000001    0.000001    0.000001    0.000001    0.000001    0.000001
    0.000001    0.000001    0.000001    0.000001    0.000001    0.000001
    0.000001    0.000001    0.000001    0.000001    0.000001    0.000001
    0.000001    0.000001    0.000001    0.000001    0.000001    0.000001
    0.000001    0.000001    0.000001    0.000001    0.000001    0.000001
    0.000001    0.000001    0.000001    0.000001    0.000001    0.000001
    0.000001    0.000001    0.000001    0.000001    0.000001    0.000001
    0.000001    0.000001    0.000001    0.000001    0.000001    0.000001
    0.000001    0.000001    0.000001    0.000001    0.000001    0.000001
    0.000001    0.000001    0.000001    0.000001    0.000001    0.000001
    0.000001    0.000001    0.000001    0.000001    0.000001    0.000001
    0.000001    0.000001    0.000001    0.000001    0.000001    0.000001
    0.000001    0.000001    0.000001    0.000001    0.000001    0.000001
    0.000001    0.000001    0.000001    0.000001    0.000001    0.000001
    0.000001    0.000001    0.000001    0.000001    0.000001    0.000001
    0.000001    0.000001    0.000001    0.000001    0.000001    0.000001
    0.000001    0.000001    0.000001    0.000001    0.000001    0.000001
    0.000001    0.000001    0.000001    0.000001    0.000001    0.000001
    0.000001    0.000001    0.000001    0.000001    0.000001    0.000001
    0.000001    0.000001    0.000001    0.000001    0.000001    0.000001
    0.000001    0.000001    0.000001    0.000001    0.000001    0.000001
    0.000001    0.000001    0.000001    0.000001    0.000001    0.000001
    0.000001    0.000001    0.000001    0.000001    0.000001    0.000001
    0.000001    0.000001    0.000001    0.000001    0.000001    0.000001
    0.000001    0.000001    0.000001    0.000001    0.000001    0.000001
    0.000001    0.000001    0.000001    0.000001    0.000001    0.000001
    0.000001    0.000001    0.000001    0.000001    0.000001    0.000001
    0.000001    0.000001    0.000001    0.000001    0.000001    0.000001
    0.000001    0.000001    0.000001    0.000001    0.000001    0.000001
    0.000001    0.000001    0.000001    0.000001    0.000001    0.000001
    0.000001    0.000001    0.000001    0.000001    0.000001    0.000001
    0.000001    0.000001    0.000001    0.000001    0.000001    0.000001
    0.000001    0.000001    0.000001    0.000001    0.000001    0.000001
    0.000001    0.000001    0.000001    0.000001    0.000001    0.000001
    0.000001    0.000001    0.000001    0.000001    0.000001    0.000001
    0.000001    0.000001    0.000001    0.000001    0.000001    0.000001
    0.000001    0.000001    0.000001    0.000001    0.000001    0.000001
    0.000001    0.000001    0.000001    0.000001    0.000001    0.000001
    0.000001    0.000001    0.000001    0.000001    0.000001    0.000001
    0.000001    0.000001    0.000001    0.000001    0.000001    0.000001
    0.000001    0.000001    0.000001    0.000001    0.000001    0.000001
    0.000001    0.000001    0.000001    0.000001    0.000001    0.000001
    0.000001    0.000001    0.000001    0.000001    0.000001    0.000001
    0.000001    0.000001    0.000001    0.000001    0.000001    0.000001
    0.000001    0.000001    0.000001    0.000001    0.000001    0.000001
    0.000001    0.000001    0.000001    0.000001    0.000001    0.000001
    0.000001    0.000001    0.000001    0.000001    0.000001    0.000001
    0.000001    0.000001    0.000001    0.000001    0.000001    0.000001
    0.000001    0.000001    0.000001    0.000001    0.000001    0.000001
    0.000001    0.000001    0.000001    0.000001    0.000001    0.000001
    0.000001    0.000001    0.000001    0.000001    0.000001    0.000001
    0.000001    0.000001    0.000001    0.000001    0.000001    0.000001
    0.000001    0.000001    0.000001    0.000001    0.000001    0.000001
    0.000001    0.000001    0.000001    0.000001    0.000001    0.000001
    0.000001    0.000001    0.000001    0.000001    0.000001    0.000001
    0.000001    0.000001    0.000001    0.000001    0.000001    0.000001
    0.000001    0.000001    0.000001    0.000001    0.000001    0.000001
    0.000001    0.000001    0.000001    0.000001    0.000001    0.000001
    0.000001    0.000001    0.000001    0.000001    0.000001    0.000001
    0.000001    0.000001    0.000001    0.000001    0.000001    0.000001
    0.000001    0.000001    0.000001    0.000001    0.000001    0.000001
    0.000001    0.000001    0.000001    0.000001    0.000001    0.000001
    0.000001    0.000001    0.000001    0.000001    0.000001    0.000001
    0.000001    0.000001    0.000001    0.000001    0.000001    0.000001
    0.000001    0.000001    0.000001    0.000001    0.000001    0.000001
    0.000001    0.000001    0.000001    0.000001    0.000001    0.000001
    0.000001    0.000001    0.000001    0.000001    0.000001    0.000001
    0.000001    0.000001    0.000001    0.000001    0.000001    0.000001
    0.000001    0.000001    0.000001    0.000001    0.000001    0.000001
    0.000001    0.000001    0.000001    0.000001    0.000001    0.000001
    0.000001    0.000001    0.000001    0.000001    0.000001    0.000001
    0.000001    0.000001    0.000001    0.000001    0.000001    0.000001
    0.000001    0.000001    0.000001    0.000001    0.000001    0.000001
    0.000001    0.000001    0.000001    0.000001    0.000001    0.000001
    0.000001    0.000001    0.000001    0.000001    0.000001    0.000001
    0.000001    0.000001    0.000001    0.000001    0.000001    0.000001
    0.000001    0.000001    0.000001    0.000001    0.000001    0.000001
    0.000001    0.000001    0.000001    0.000001    0.000001    0.000001
    0.000001    0.000001    0.000001    0.000001    0.000001    0.000001
    0.000001    0.000001    0.000001    0.000001    0.000001    0.000001
    0.000001    0.000001    0.000001    0.000001    0.000001    0.000001
    0.000001    0.000001    0.000001    0.000001    0.000001    0.000001
    0.000001    0.000001    0.000001    0.000001    0.000001    0.000001
    0.000001    0.000001    0.000001    0.000001    0.000001    0.000001
    0.000001    0.000001    0.000001    0.000001    0.000001    0.000001
    0.000001    0.000001    0.000001    0.000001    0.000001    0.000001
    0.000001    0.000001    0.000001    0.000001    0.000001    0.000001
    0.000001    0.000001    0.000001    0.000001    0.000001    0.000001
    0.000001    0.000001    0.000001    0.000001    0.000001    0.000001
    0.000001    0.000001    0.000001    0.000001    0.000001    0.000001
    0.000001    0.000001    0.000001    0.000001    0.000001    0.000001
    0.000001    0.000001    0.000001    0.000001    0.000001    0.000001
    0.000001    0.000001    0.000001    0.000001    0.000001    0.000001
    0.000001    0.000001    0.000001    0.000001    0.000001    0.000001
    0.000001    0.000001    0.000001    0.000001    0.000001    0.000001
    0.000001    0.000001    0.000001    0.000001    0.000001    0.000001
    0.000001    0.000001    0.000001    0.000001    0.000001    0.000001
    0.000001    0.000001    0.000001    0.000001    0.000001    0.000001
    0.000001    0.000001    0.000001    0.000001    0.000001    0.000001
    0.000001    0.000001    0.000001    0.000001    0.000001    0.000001
    0.000001    0.000001    0.000001    0.000001    0.000001    0.000001
    0.000001    0.000001    0.000001    0.000001    0.000001    0.000001
    0.000001    0.000001    0.000001    0.000001    0.000001    0.000001
    0.000001    0.000001    0.000001    0.000001    0.000001    0.000001
    0.000001    0.000001    0.000001    0.000001    0.000001    0.000001
    0.000001    0.000001    0.000001    0.000001    0.000001    0.000001
    0.000001    0.000001    0.000001    0.000001    0.000001    0.000001
    0.000001    0.000001    0.000001    0.000001    0.000001    0.000001
    0.000001    0.000001    0.000001    0.000001    0.000001    0.000001
    0.000001    0.000001    0.000001    0.000001    0.000001    0.000001
    0.000001    0.000001    0.000001    0.000001    0.000001    0.000001
    0.000001    0.000001    0.000001    0.000001    0.000001    0.000001
    0.000001    0.000001    0.000001    0.000001    0.000001    0.000001
    0.000001    0.000001    0.000001    0.000001    0.000001    0.000001
    0.000001    0.000001    0.000001    0.000001    0.000001    0.000001
    0.000001    0.000001    0.000001    0.000001    0.000001    0.000001
    0.000001    0.000001    0.000001    0.000001    0.000001    0.000001
    0.000001    0.000001    0.000001    0.000001    0.000001    0.000001
    0.000001    0.000001    0.000001    0.000001    0.000001    0.000001
    0.000001    0.000001    0.000001    0.000001    0.000001    0.000001
    0.000001    0.000001    0.000001    0.000001    0.000001    0.000001
    0.000001    0.000001    0.000001    0.000001    0.000001    0.000001
    0.000001    0.000001    0.000001    0.000001    0.000001    0.000001
    0.000001    0.000001    0.000001    0.000001    0.000001    0.000001
    0.000001    0.000001    0.000001    0.000001    0.000001    0.000001
    0.000001    0.000001    0.000001    0.000001    0.000001    0.000001
    0.000001    0.000001    0.000001    0.000001    0.000001    0.000001
    0.000001    0.000001    0.000001    0.000001    0.000001    0.000001
    0.000001    0.000001    0.000001    0.000001    0.000001    0.000001
    0.000001    0.000001    0.000001    0.000001    0.000001    0.000001
    0.000001    0.000001    0.000001    0.000001    0.000001    0.000001
    0.000001    0.000001    0.000001    0.000001    0.000001    0.000001
    0.000001    0.000001    0.000001    0.000001    0.000001    0.000001
    0.000001    0.000001    0.000001    0.000001    0.000001    0.000001
    0.000001    0.000001    0.000001    0.000001    0.000001    0.000001
    0.000001    0.000001    0.000001    0.000001    0.000001    0.000001
    0.000001    0.000001    0.000001    0.000001    0.000001    0.000001
    0.000001    0.000001    0.000001    0.000001    0.000001    0.000001
    0.000001    0.000001    0.000001    0.000001    0.000001    0.000001
    0.000001    0.000001    0.000001    0.000001    0.000001    0.000001
    0.000001    0.000001    0.000001    0.000001    0.000001    0.000001
    0.000001    0.000001    0.000001    0.000001    0.000001    0.000001
    0.000001    0.000001    0.000001    0.000001    0.000001    0.000001
    0.000001    0.000001    0.000001    0.000001    0.000001    0.000001
    0.000001    0.000001    0.000001    0.000001    0.000001    0.000001
    0.000001    0.000001    0.000001    0.000001    0.000001    0.000001
    0.000001    0.000001    0.000001    0.000001    0.000001    0.000001
    0.000001    0.000001    0.000001    0.000001    0.000001    0.000001
#
# iasp91 travel-time table for O
#
