#
# iasp91 travel-time table for P'P'bc
#
# number of distance and depth samples
24 37
# delta samples
50.000 51.000 52.000 53.000 54.000 55.000 56.000 57.000 58.000 59.000 60.000 61.000 62.000 63.000 64.000 65.000 66.000 67.000 68.000 69.000 70.000 71.000 72.000 73.000 
# depth samples
    0.000000    1.000000    2.500000    5.000000    7.500000   10.000000   12.500000   15.000000   17.500000   19.900000   20.000000   22.500000   25.000000   27.500000   30.000000   32.500000   34.900000   35.000000   40.000000   45.000000   50.000000   75.000000  100.000000  150.000000  200.000000  250.000000  300.000000  350.000000  400.000000  450.000000  500.000000  550.000000  600.000000  650.000000  700.000000  750.000000  800.000000
#
# travel times (rows - delta, columns - depth)
#
 2407.306641 2407.135254 2406.878174 2406.449707 2406.021484 2405.593018 2405.164551 2404.736084 2404.307861 2403.896484 2403.879395 2403.497803 2403.116211 2402.734375 2402.352783 2401.971191 2401.604736 2401.589600 2400.975098 2400.360596 2399.746094 2396.675049 2393.605469 2387.489258 2381.471436 2375.567383 2369.793701 2364.145508 2358.617676 2353.359863 2348.238037 2343.209229 -999.000000 -999.000000 -999.000000 -999.000000 -999.000000
 2405.171387 2405.000000 2404.742920 2404.314697 2403.886475 2403.458008 2403.029785 2402.601562 2402.173340 2401.762207 2401.744873 2401.363525 2400.981934 2400.600342 2400.218750 2399.837402 2399.471191 2399.455811 2398.841553 2398.227539 2397.613525 2394.543945 2391.475830 2385.363037 2379.348389 2373.447998 2367.677979 2362.033447 2356.509766 2351.256104 2346.138672 2341.114502 2336.180176 2331.333252 2326.783936 2322.349121 2317.966553
 2402.992920 2402.821777 2402.564697 2402.136475 2401.708496 2401.280273 2400.852051 2400.423828 2399.995605 2399.584717 2399.567627 2399.186035 2398.804688 2398.423340 2398.041992 2397.660400 2397.294434 2397.279053 2396.665283 2396.051514 2395.437744 2392.369629 2389.303223 2383.193359 2377.182129 2371.285156 2365.518555 2359.877686 2354.357666 2349.108154 2343.994873 2338.975098 2334.045654 2329.203369 2324.659180 2320.229736 2315.852539
 2400.772949 2400.601807 2400.344971 2399.916748 2399.488770 2399.060547 2398.632568 2398.204590 2397.776367 2397.365479 2397.348389 2396.967041 2396.585693 2396.204590 2395.823242 2395.441895 2395.075928 2395.060791 2394.447266 2393.833740 2393.220215 2390.153809 2387.088867 2380.982178 2374.974365 2369.080566 2363.317383 2357.680176 2352.164062 2346.918457 2341.809326 2336.793701 2331.868652 2327.031250 2322.491943 2318.067871 2313.696045
 2398.510254 2398.339111 2398.082275 2397.654297 2397.226318 2396.798584 2396.370605 2395.942627 2395.514648 2395.103760 2395.086670 2394.705566 2394.324463 2393.943115 2393.562012 2393.180908 2392.814941 2392.799805 2392.186523 2391.573486 2390.960205 2387.895508 2384.832275 2378.729004 2372.724365 2366.834229 2361.074707 2355.441406 2349.928955 2344.687500 2339.582764 2334.571533 2329.650879 2324.818115 2320.283936 2315.864990 2311.498535
 2396.203613 2396.032471 2395.775879 2395.347900 2394.920166 2394.492188 2394.064453 2393.636719 2393.208740 2392.798096 2392.781006 2392.399902 2392.019043 2391.637939 2391.256836 2390.875977 2390.510254 2390.495117 2389.882080 2389.269287 2388.656494 2385.593506 2382.531738 2376.432129 2370.431152 2364.544678 2358.789062 2353.159668 2347.651367 2342.414062 2337.313965 2332.307373 2327.391602 2322.563721 2318.034668 2313.621338 2309.260254
 2393.851807 2393.680664 2393.424072 2392.996338 2392.568604 2392.140869 2391.713135 2391.285400 2390.857910 2390.447266 2390.430176 2390.049316 2389.668457 2389.287598 2388.906738 2388.525879 2388.160156 2388.145020 2387.532471 2386.919922 2386.307617 2383.246338 2380.186523 2374.090332 2368.093262 2362.210693 2356.458984 2350.833740 2345.329834 2340.097168 2335.001709 2330.000000 2325.089355 2320.266357 2315.743164 2311.335449 2306.980225
 2391.453857 2391.282715 2391.026123 2390.598633 2390.171143 2389.743408 2389.315918 2388.888428 2388.460693 2388.050293 2388.033203 2387.652588 2387.271729 2386.891113 2386.510254 2386.129639 2385.764160 2385.749023 2385.136719 2384.524658 2383.912598 2380.853271 2377.795410 2371.703125 2365.709717 2359.831299 2354.083984 2348.462891 2342.963379 2337.735596 2332.645020 2327.648438 2322.742920 2317.925293 2313.407715 2309.006104 2304.657227
 2389.008789 2388.837891 2388.581299 2388.154053 2387.726562 2387.299072 2386.871582 2386.444092 2386.016846 2385.606445 2385.589355 2385.208740 2384.828125 2384.447754 2384.067139 2383.686523 2383.321289 2383.306152 2382.694336 2382.082520 2381.470947 2378.413330 2375.357422 2369.269287 2363.280029 2357.405762 2351.662598 2346.046143 2340.551270 2335.328369 2330.242920 2325.251709 2320.351318 2315.539551 2311.028076 2306.632568 2302.289795
 2386.515869 2386.344727 2386.088379 2385.661133 2385.233887 2384.806641 2384.379395 2383.951904 2383.524658 2383.114502 2383.097412 2382.717041 2382.336670 2381.956299 2381.575928 2381.195557 2380.830322 2380.815186 2380.203613 2379.592285 2378.981201 2375.925781 2372.871826 2366.787598 2360.802734 2354.932861 2349.194336 2343.582520 2338.092285 2332.874512 2327.794678 2322.808838 2317.914307 2313.108154 2308.602783 2304.213867 2299.877930
 2383.973389 2383.802490 2383.546143 2383.118896 2382.691895 2382.264648 2381.837646 2381.410400 2380.983398 2380.573242 2380.556152 2380.176025 2379.795654 2379.415527 2379.035156 2378.655029 2378.290039 2378.274902 2377.663818 2377.052979 2376.442139 2373.388916 2370.337158 2364.257324 2358.276855 2352.411621 2346.677734 2341.070801 2335.585938 2330.373535 2325.299072 2320.318848 2315.430176 2310.630371 2306.131592 2301.749268 2297.420166
 2381.379883 2381.209229 2380.952881 2380.526123 2380.099121 2379.672119 2379.245117 2378.818115 2378.391113 2377.981201 2377.964111 2377.583984 2377.204102 2376.823975 2376.443848 2376.063965 2375.698975 2375.683838 2375.073486 2374.462891 2373.852539 2370.801514 2367.752197 2361.676758 2355.700928 2349.840576 2344.111816 2338.510010 2333.030273 2327.823486 2322.754883 2317.780762 2312.898438 2308.104736 2303.612793 2299.237549 2294.915771
 2378.734131 2378.563477 2378.307373 2377.880615 2377.453613 2377.026855 2376.600098 2376.173340 2375.746338 2375.336670 2375.319580 2374.939697 2374.559814 2374.179932 2373.800293 2373.420410 2373.055664 2373.040527 2372.430420 2371.820557 2371.210693 2368.161865 2365.114990 2359.044434 2353.073730 2347.218262 2341.494629 2335.898193 2330.424072 2325.223389 2320.160889 2315.193115 2310.317139 2305.530273 2301.045410 2296.677734 2292.363281
 2376.033691 2375.863037 2375.607178 2375.180420 2374.753906 2374.327148 2373.900635 2373.473877 2373.047363 2372.637695 2372.620605 2372.240967 2371.861328 2371.481689 2371.102051 2370.722412 2370.357910 2370.342773 2369.733154 2369.123779 2368.514404 2365.468262 2362.423828 2356.358398 2350.392822 2344.542725 2338.824707 2333.234131 2327.765869 2322.571533 2317.515381 2312.554443 2307.685303 2302.905273 2298.427979 2294.068115 2289.761719
 2373.276367 2373.105713 2372.849854 2372.423340 2371.997070 2371.570557 2371.144043 2370.717529 2370.291260 2369.881836 2369.864746 2369.485352 2369.105957 2368.726318 2368.346924 2367.967529 2367.603271 2367.588135 2366.979248 2366.370117 2365.761475 2362.718018 2359.676025 2353.616211 2347.656250 2341.812012 2336.100098 2330.515625 2325.053711 2319.865723 2314.816650 2309.862793 2305.000732 2300.228271 2295.759033 2291.407227 2287.109375
 2370.458496 2370.288086 2370.032227 2369.605957 2369.179688 2368.753418 2368.327393 2367.901123 2367.474854 2367.065674 2367.048584 2366.669434 2366.290283 2365.910889 2365.531738 2365.152588 2364.788574 2364.773438 2364.165039 2363.556641 2362.948486 2359.907959 2356.869141 2350.815186 2344.861328 2339.023193 2333.317627 2327.739746 2322.284668 2317.104004 2312.062256 2307.115723 2302.261719 2297.497070 2293.036377 2288.693359 2284.404541
 2367.576172 2367.405762 2367.150146 2366.724121 2366.298096 2365.872314 2365.446289 2365.020264 2364.594238 2364.185303 2364.168213 2363.789307 2363.410400 2363.031250 2362.652344 2362.273438 2361.909668 2361.894531 2361.286865 2360.678955 2360.071533 2357.034180 2353.998535 2347.951172 2342.003906 2336.172852 2330.474121 2324.903320 2319.455566 2314.282715 2309.249023 2304.310791 2299.465088 2294.708984 2290.257568 2285.924072 2281.644531
 2364.624268 2364.453857 2364.198486 2363.772705 2363.346924 2362.921143 2362.495361 2362.069580 2361.644043 2361.235107 2361.218262 2360.839600 2360.460938 2360.082275 2359.703613 2359.324951 2358.961426 2358.946289 2358.339111 2357.732178 2357.125244 2354.091797 2351.059570 2345.019531 2339.079834 2333.256104 2327.565186 2322.002441 2316.562744 2311.398438 2306.373535 2301.444336 2296.607666 2291.861084 2287.419434 2283.096191 2278.826904
 2361.595459 2361.425293 2361.169922 2360.744629 2360.319092 2359.893555 2359.468262 2359.042725 2358.617188 2358.208740 2358.191895 2357.813477 2357.435059 2357.056885 2356.678467 2356.300293 2355.937012 2355.921875 2355.315674 2354.709473 2354.103516 2351.073975 2348.045898 2342.013916 2336.082520 2330.267334 2324.585205 2319.031250 2313.600586 2308.445801 2303.430664 2298.511475 2293.685059 2288.948486 2284.518066 2280.205811 2275.948242
 2358.480225 2358.310059 2358.054932 2357.629883 2357.204834 2356.779541 2356.354492 2355.929443 2355.504395 2355.096191 2355.079346 2354.701172 2354.323242 2353.945312 2353.567383 2353.189453 2352.826660 2352.811523 2352.206299 2351.601074 2350.996094 2347.971436 2344.948242 2338.926025 2333.004150 2327.198730 2321.526611 2315.982910 2310.562744 2305.418701 2300.414795 2295.506592 2290.691406 2285.966553 2281.548340 2277.248535 2273.003418
 2355.259766 2355.090088 2354.835205 2354.410645 2353.985840 2353.561279 2353.136475 2352.711914 2352.287354 2351.879639 2351.862793 2351.485107 2351.107666 2350.730469 2350.353027 2349.975586 2349.613281 2349.598145 2348.994141 2348.390137 2347.786377 2344.768066 2341.750977 2335.740967 2329.831543 2324.038330 2318.378418 2312.846924 2307.438965 2302.307861 2297.316895 2292.421875 2287.619873 2282.908203 2278.503906 2274.218262 2269.987305
 -999.000000 -999.000000 -999.000000 -999.000000 -999.000000 -999.000000 -999.000000 -999.000000 -999.000000 -999.000000 -999.000000 -999.000000 -999.000000 -999.000000 -999.000000 -999.000000 -999.000000 -999.000000 -999.000000 -999.000000 -999.000000 -999.000000 2338.411621 2332.424072 2326.534424 2320.760010 2315.117676 2309.603516 2304.212158 2299.097900 2294.123291 2289.244629 2284.458740 2279.762939 2275.375244 2271.106689 2266.892090
 -999.000000 -999.000000 -999.000000 -999.000000 -999.000000 -999.000000 -999.000000 -999.000000 -999.000000 -999.000000 -999.000000 -999.000000 -999.000000 -999.000000 -999.000000 -999.000000 -999.000000 -999.000000 -999.000000 -999.000000 -999.000000 -999.000000 -999.000000 -999.000000 -999.000000 -999.000000 -999.000000 -999.000000 -999.000000 2295.743896 2290.800049 2285.947510 2281.185303 2276.511963 2272.146484 2267.899170 2263.705322
 -999.000000 -999.000000 -999.000000 -999.000000 -999.000000 -999.000000 -999.000000 -999.000000 -999.000000 -999.000000 -999.000000 -999.000000 -999.000000 -999.000000 -999.000000 -999.000000 -999.000000 -999.000000 -999.000000 -999.000000 -999.000000 -999.000000 -999.000000 -999.000000 -999.000000 -999.000000 -999.000000 -999.000000 -999.000000 -999.000000 -999.000000 -999.000000 -999.000000 -999.000000 -999.000000 2264.560547 2260.399902
#
# dtdd (rows - delta, columns - depth)
#
   -2.112952   -2.112907   -2.112839   -2.112725   -2.112610   -2.112496   -2.112381   -2.112267   -2.112152   -2.112042   -2.112038   -2.111909   -2.111780   -2.111651   -2.111521   -2.111392   -2.111268   -2.111263   -2.110941   -2.110618   -2.110295   -2.108671   -2.107032   -2.103697   -2.100248   -2.096668   -2.092942   -2.089062   -2.085024   -2.080697   -2.076172   -2.071475 -999.000000 -999.000000 -999.000000 -999.000000 -999.000000
   -2.157257   -2.157213   -2.157148   -2.157038   -2.156929   -2.156819   -2.156709   -2.156599   -2.156489   -2.156384   -2.156379   -2.156255   -2.156132   -2.156008   -2.155884   -2.155760   -2.155640   -2.155635   -2.155326   -2.155017   -2.154707   -2.153148   -2.151574   -2.148374   -2.145065   -2.141630   -2.138055   -2.134334   -2.130462   -2.126312   -2.121974   -2.117471   -2.112796   -2.107945   -2.102670   -2.097154   -2.091459
   -2.199102   -2.199059   -2.198995   -2.198887   -2.198780   -2.198672   -2.198564   -2.198457   -2.198349   -2.198245   -2.198241   -2.198119   -2.197998   -2.197876   -2.197755   -2.197634   -2.197517   -2.197512   -2.197209   -2.196906   -2.196603   -2.195081   -2.193551   -2.190451   -2.187262   -2.183954   -2.180511   -2.176928   -2.173199   -2.169204   -2.165027   -2.160692   -2.156194   -2.151525   -2.146449   -2.141141   -2.135663
   -2.241099   -2.241054   -2.240986   -2.240873   -2.240760   -2.240647   -2.240534   -2.240421   -2.240307   -2.240199   -2.240194   -2.240067   -2.239939   -2.239812   -2.239685   -2.239557   -2.239434   -2.239429   -2.239112   -2.238794   -2.238475   -2.236878   -2.235272   -2.232020   -2.228680   -2.225238   -2.221679   -2.218003   -2.214206   -2.210169   -2.205983   -2.201675   -2.197244   -2.192686   -2.187773   -2.182649   -2.177360
   -2.284402   -2.284354   -2.284283   -2.284164   -2.284045   -2.283926   -2.283807   -2.283688   -2.283569   -2.283454   -2.283450   -2.283315   -2.283181   -2.283047   -2.282913   -2.282779   -2.282650   -2.282644   -2.282310   -2.281975   -2.281640   -2.279959   -2.278268   -2.274847   -2.271333   -2.267714   -2.263974   -2.260111   -2.256122   -2.251884   -2.247490   -2.242971   -2.238323   -2.233545   -2.228399   -2.223074   -2.217637
   -2.329123   -2.329073   -2.328999   -2.328874   -2.328749   -2.328624   -2.328500   -2.328375   -2.328250   -2.328130   -2.328125   -2.327984   -2.327843   -2.327703   -2.327562   -2.327421   -2.327285   -2.327280   -2.326929   -2.326577   -2.326225   -2.324460   -2.322683   -2.319084   -2.315385   -2.311569   -2.307625   -2.303554   -2.299351   -2.294888   -2.290262   -2.285507   -2.280618   -2.275595   -2.270188   -2.264596   -2.258888
   -2.374785   -2.374733   -2.374656   -2.374527   -2.374397   -2.374267   -2.374138   -2.374008   -2.373878   -2.373753   -2.373748   -2.373602   -2.373456   -2.373310   -2.373163   -2.373017   -2.372877   -2.372871   -2.372506   -2.372141   -2.371776   -2.369942   -2.368097   -2.364361   -2.360520   -2.356560   -2.352463   -2.348228   -2.343850   -2.339192   -2.334358   -2.329380   -2.324254   -2.318978   -2.313289   -2.307398   -2.301388
   -2.421305   -2.421252   -2.421171   -2.421036   -2.420902   -2.420767   -2.420632   -2.420497   -2.420362   -2.420232   -2.420227   -2.420075   -2.419923   -2.419771   -2.419619   -2.419467   -2.419321   -2.419315   -2.418936   -2.418556   -2.418176   -2.416269   -2.414351   -2.410467   -2.406475   -2.402359   -2.398103   -2.393703   -2.389155   -2.384318   -2.379299   -2.374131   -2.368811   -2.363337   -2.357434   -2.351319   -2.345068
   -2.468810   -2.468753   -2.468669   -2.468529   -2.468388   -2.468247   -2.468107   -2.467966   -2.467825   -2.467689   -2.467684   -2.467525   -2.467367   -2.467208   -2.467049   -2.466890   -2.466738   -2.466732   -2.466336   -2.465939   -2.465543   -2.463552   -2.461550   -2.457499   -2.453337   -2.449049   -2.444617   -2.440037   -2.435307   -2.430276   -2.425058   -2.419687   -2.414159   -2.408471   -2.402339   -2.395989   -2.389499
   -2.517530   -2.517471   -2.517383   -2.517236   -2.517088   -2.516941   -2.516794   -2.516646   -2.516499   -2.516357   -2.516351   -2.516185   -2.516019   -2.515852   -2.515686   -2.515520   -2.515360   -2.515353   -2.514939   -2.514524   -2.514108   -2.512023   -2.509926   -2.505685   -2.501328   -2.496840   -2.492203   -2.487414   -2.482469   -2.477212   -2.471763   -2.466157   -2.460392   -2.454466   -2.448080   -2.441472   -2.434724
   -2.567626   -2.567564   -2.567472   -2.567317   -2.567162   -2.567007   -2.566853   -2.566698   -2.566542   -2.566394   -2.566387   -2.566213   -2.566038   -2.565864   -2.565689   -2.565514   -2.565346   -2.565340   -2.564904   -2.564468   -2.564031   -2.561841   -2.559639   -2.555186   -2.550614   -2.545906   -2.541043   -2.536021   -2.530839   -2.525332   -2.519625   -2.513757   -2.507725   -2.501527   -2.494850   -2.487943   -2.480893
   -2.619285   -2.619220   -2.619122   -2.618959   -2.618796   -2.618633   -2.618469   -2.618306   -2.618143   -2.617986   -2.617979   -2.617795   -2.617611   -2.617428   -2.617243   -2.617059   -2.616882   -2.616875   -2.616416   -2.615956   -2.615496   -2.613188   -2.610868   -2.606177   -2.601363   -2.596409   -2.591294   -2.586014   -2.580568   -2.574782   -2.568790   -2.562631   -2.556304   -2.549804   -2.542805   -2.535570   -2.528189
   -2.672740   -2.672671   -2.672568   -2.672395   -2.672223   -2.672050   -2.671877   -2.671705   -2.671531   -2.671365   -2.671358   -2.671164   -2.670969   -2.670774   -2.670580   -2.670385   -2.670197   -2.670190   -2.669704   -2.669217   -2.668730   -2.666288   -2.663834   -2.658874   -2.653786   -2.648553   -2.643153   -2.637582   -2.631839   -2.625741   -2.619428   -2.612944   -2.606285   -2.599450   -2.592094   -2.584493   -2.576744
   -2.728433   -2.728359   -2.728249   -2.728064   -2.727880   -2.727695   -2.727510   -2.727325   -2.727140   -2.726963   -2.726955   -2.726747   -2.726539   -2.726331   -2.726122   -2.725914   -2.725713   -2.725705   -2.725185   -2.724665   -2.724144   -2.721534   -2.718912   -2.713619   -2.708197   -2.702627   -2.696887   -2.690973   -2.684884   -2.678427   -2.671751   -2.664898   -2.657867   -2.650653   -2.642895   -2.634883   -2.626722
   -2.787034   -2.786954   -2.786834   -2.786635   -2.786436   -2.786237   -2.786037   -2.785837   -2.785638   -2.785446   -2.785438   -2.785213   -2.784989   -2.784764   -2.784539   -2.784314   -2.784098   -2.784089   -2.783528   -2.782966   -2.782404   -2.779588   -2.776761   -2.771059   -2.765224   -2.759237   -2.753073   -2.746729   -2.740205   -2.733293   -2.726156   -2.718843   -2.711353   -2.703683   -2.695446   -2.686957   -2.678325
   -2.849254   -2.849167   -2.849037   -2.848819   -2.848602   -2.848384   -2.848166   -2.847948   -2.847730   -2.847521   -2.847512   -2.847267   -2.847022   -2.846776   -2.846531   -2.846286   -2.846050   -2.846040   -2.845427   -2.844815   -2.844201   -2.841130   -2.838049   -2.831842   -2.825500   -2.819000   -2.812319   -2.805453   -2.798402   -2.790942   -2.783250   -2.775380   -2.767331   -2.759100   -2.750272   -2.741187   -2.731961
   -2.916157   -2.916060   -2.915915   -2.915674   -2.915432   -2.915191   -2.914949   -2.914708   -2.914466   -2.914234   -2.914224   -2.913952   -2.913680   -2.913408   -2.913136   -2.912863   -2.912602   -2.912591   -2.911912   -2.911232   -2.910553   -2.907150   -2.903742   -2.896885   -2.889894   -2.882744   -2.875409   -2.867887   -2.860177   -2.852036   -2.843658   -2.835104   -2.826371   -2.817458   -2.807915   -2.798113   -2.788179
   -2.989042   -2.988934   -2.988771   -2.988500   -2.988229   -2.987957   -2.987686   -2.987415   -2.987143   -2.986883   -2.986872   -2.986567   -2.986261   -2.985955   -2.985650   -2.985344   -2.985051   -2.985039   -2.984276   -2.983514   -2.982751   -2.978935   -2.975115   -2.967442   -2.959631   -2.951658   -2.943491   -2.935129   -2.926571   -2.917549   -2.908289   -2.898860   -2.889261   -2.879491   -2.869056   -2.858366   -2.847560
   -3.069946   -3.069820   -3.069632   -3.069317   -3.069003   -3.068689   -3.068374   -3.068060   -3.067745   -3.067444   -3.067431   -3.067077   -3.066724   -3.066370   -3.066017   -3.065663   -3.065324   -3.065310   -3.064427   -3.063545   -3.062664   -3.058259   -3.053861   -3.045055   -3.036131   -3.027059   -3.017804   -3.008366   -2.998743   -2.988635   -2.978287   -2.967774   -2.957096   -2.946249   -2.934686   -2.922863   -2.910942
   -3.163629   -3.163474   -3.163241   -3.162854   -3.162467   -3.162080   -3.161693   -3.161306   -3.160920   -3.160549   -3.160533   -3.160099   -3.159664   -3.159230   -3.158796   -3.158362   -3.157945   -3.157928   -3.156846   -3.155765   -3.154686   -3.149310   -3.143967   -3.133341   -3.122663   -3.111892   -3.100986   -3.089941   -3.078755   -3.067078   -3.055198   -3.043200   -3.031079   -3.018832   -3.005838   -2.992617   -2.979342
   -3.283849   -3.283619   -3.283275   -3.282703   -3.282132   -3.281562   -3.280993   -3.280425   -3.279858   -3.279314   -3.279291   -3.278656   -3.278021   -3.277388   -3.276756   -3.276125   -3.275520   -3.275495   -3.273927   -3.272367   -3.270815   -3.263164   -3.255685   -3.241134   -3.226891   -3.212851   -3.198920   -3.185043   -3.171191   -3.156920   -3.142577   -3.128254   -3.113933   -3.099596   -3.084515   -3.069297   -3.054133
 -999.000000 -999.000000 -999.000000 -999.000000 -999.000000 -999.000000 -999.000000 -999.000000 -999.000000 -999.000000 -999.000000 -999.000000 -999.000000 -999.000000 -999.000000 -999.000000 -999.000000 -999.000000 -999.000000 -999.000000 -999.000000 -999.000000   -3.468825   -3.418116   -3.384629   -3.356985   -3.332477   -3.310095   -3.289181   -3.268728   -3.249031   -3.230037   -3.211592   -3.193571   -3.174968   -3.156510   -3.138389
 -999.000000 -999.000000 -999.000000 -999.000000 -999.000000 -999.000000 -999.000000 -999.000000 -999.000000 -999.000000 -999.000000 -999.000000 -999.000000 -999.000000 -999.000000 -999.000000 -999.000000 -999.000000 -999.000000 -999.000000 -999.000000 -999.000000 -999.000000 -999.000000 -999.000000 -999.000000 -999.000000 -999.000000 -999.000000   -3.493378   -3.420842   -3.379270   -3.345798   -3.316637   -3.288973   -3.263198   -3.239064
 -999.000000 -999.000000 -999.000000 -999.000000 -999.000000 -999.000000 -999.000000 -999.000000 -999.000000 -999.000000 -999.000000 -999.000000 -999.000000 -999.000000 -999.000000 -999.000000 -999.000000 -999.000000 -999.000000 -999.000000 -999.000000 -999.000000 -999.000000 -999.000000 -999.000000 -999.000000 -999.000000 -999.000000 -999.000000 -999.000000 -999.000000 -999.000000 -999.000000 -999.000000 -999.000000   -3.439305   -3.385660
#
# dtdh (rows - delta, columns - depth)
#
   -0.171363   -0.171363   -0.171363   -0.171362   -0.171361   -0.171361   -0.171360   -0.171359   -0.171358   -0.171358   -0.152662   -0.152661   -0.152660   -0.152659   -0.152659   -0.152658   -0.152657   -0.122904   -0.122893   -0.122882   -0.122871   -0.122815   -0.122760   -0.121418   -0.119308   -0.116767   -0.114205   -0.111741   -0.109382   -0.103386   -0.101493   -0.099662 -999.000000 -999.000000 -999.000000 -999.000000 -999.000000
   -0.171319   -0.171318   -0.171318   -0.171317   -0.171317   -0.171316   -0.171315   -0.171314   -0.171314   -0.171313   -0.152611   -0.152610   -0.152610   -0.152609   -0.152608   -0.152607   -0.152606   -0.122841   -0.122830   -0.122819   -0.122807   -0.122751   -0.122695   -0.121352   -0.119240   -0.116695   -0.114130   -0.111664   -0.109302   -0.103300   -0.101403   -0.099569   -0.097793   -0.096080   -0.089282   -0.088114   -0.087259
   -0.171276   -0.171275   -0.171275   -0.171274   -0.171273   -0.171273   -0.171272   -0.171271   -0.171270   -0.171269   -0.152563   -0.152562   -0.152561   -0.152560   -0.152559   -0.152558   -0.152557   -0.122780   -0.122769   -0.122758   -0.122746   -0.122690   -0.122633   -0.121288   -0.119173   -0.116627   -0.114059   -0.111589   -0.109224   -0.103216   -0.101316   -0.099479   -0.097699   -0.095983   -0.089176   -0.088004   -0.087146
   -0.171232   -0.171231   -0.171231   -0.171230   -0.171229   -0.171228   -0.171228   -0.171227   -0.171226   -0.171225   -0.152513   -0.152512   -0.152511   -0.152510   -0.152509   -0.152508   -0.152508   -0.122718   -0.122707   -0.122696   -0.122684   -0.122627   -0.122570   -0.121224   -0.119107   -0.116558   -0.113988   -0.111516   -0.109148   -0.103135   -0.101232   -0.099391   -0.097609   -0.095889   -0.089073   -0.087898   -0.087037
   -0.171185   -0.171185   -0.171185   -0.171184   -0.171183   -0.171182   -0.171181   -0.171180   -0.171180   -0.171179   -0.152461   -0.152460   -0.152459   -0.152458   -0.152457   -0.152456   -0.152455   -0.122653   -0.122642   -0.122630   -0.122619   -0.122562   -0.122504   -0.121156   -0.119038   -0.116486   -0.113914   -0.111440   -0.109069   -0.103050   -0.101145   -0.099302   -0.097517   -0.095794   -0.088971   -0.087792   -0.086929
   -0.171137   -0.171136   -0.171136   -0.171135   -0.171134   -0.171133   -0.171132   -0.171131   -0.171131   -0.171130   -0.152406   -0.152405   -0.152404   -0.152403   -0.152402   -0.152401   -0.152400   -0.122585   -0.122573   -0.122562   -0.122550   -0.122492   -0.122434   -0.121085   -0.118965   -0.116411   -0.113836   -0.111359   -0.108986   -0.102961   -0.101054   -0.099208   -0.097421   -0.095695   -0.088863   -0.087682   -0.086817
   -0.171086   -0.171086   -0.171085   -0.171084   -0.171083   -0.171082   -0.171081   -0.171080   -0.171080   -0.171079   -0.152348   -0.152347   -0.152346   -0.152345   -0.152344   -0.152343   -0.152342   -0.122513   -0.122502   -0.122490   -0.122478   -0.122420   -0.122362   -0.121011   -0.118888   -0.116332   -0.113754   -0.111275   -0.108899   -0.102868   -0.100957   -0.099109   -0.097319   -0.095591   -0.088749   -0.087566   -0.086699
   -0.171033   -0.171033   -0.171032   -0.171031   -0.171030   -0.171029   -0.171028   -0.171028   -0.171027   -0.171026   -0.152289   -0.152288   -0.152287   -0.152286   -0.152285   -0.152284   -0.152283   -0.122439   -0.122427   -0.122415   -0.122404   -0.122345   -0.122286   -0.120933   -0.118809   -0.116250   -0.113669   -0.111187   -0.108808   -0.102771   -0.100857   -0.099006   -0.097213   -0.095482   -0.088630   -0.087445   -0.086575
   -0.170978   -0.170978   -0.170977   -0.170976   -0.170975   -0.170974   -0.170973   -0.170972   -0.170971   -0.170971   -0.152227   -0.152226   -0.152225   -0.152224   -0.152223   -0.152222   -0.152221   -0.122361   -0.122350   -0.122338   -0.122326   -0.122267   -0.122208   -0.120853   -0.118726   -0.116164   -0.113581   -0.111096   -0.108714   -0.102670   -0.100754   -0.098899   -0.097103   -0.095368   -0.088507   -0.087318   -0.086446
   -0.170921   -0.170920   -0.170920   -0.170919   -0.170918   -0.170917   -0.170916   -0.170915   -0.170914   -0.170913   -0.152162   -0.152161   -0.152160   -0.152159   -0.152158   -0.152156   -0.152155   -0.122281   -0.122269   -0.122257   -0.122245   -0.122185   -0.122126   -0.120769   -0.118640   -0.116075   -0.113488   -0.111000   -0.108616   -0.102565   -0.100645   -0.098788   -0.096988   -0.095251   -0.088379   -0.087187   -0.086313
   -0.170860   -0.170860   -0.170859   -0.170858   -0.170857   -0.170856   -0.170855   -0.170854   -0.170853   -0.170852   -0.152094   -0.152093   -0.152092   -0.152091   -0.152089   -0.152088   -0.152087   -0.122196   -0.122184   -0.122172   -0.122160   -0.122100   -0.122039   -0.120681   -0.118549   -0.115982   -0.113392   -0.110901   -0.108513   -0.102455   -0.100532   -0.098672   -0.096869   -0.095128   -0.088246   -0.087051   -0.086173
   -0.170797   -0.170797   -0.170796   -0.170795   -0.170794   -0.170793   -0.170792   -0.170791   -0.170790   -0.170788   -0.152022   -0.152021   -0.152020   -0.152019   -0.152018   -0.152016   -0.152015   -0.122106   -0.122094   -0.122082   -0.122070   -0.122009   -0.121949   -0.120589   -0.118454   -0.115884   -0.113291   -0.110796   -0.108405   -0.102340   -0.100414   -0.098550   -0.096744   -0.094999   -0.088106   -0.086908   -0.086028
   -0.170730   -0.170730   -0.170729   -0.170728   -0.170727   -0.170726   -0.170725   -0.170723   -0.170722   -0.170721   -0.151947   -0.151946   -0.151944   -0.151943   -0.151942   -0.151941   -0.151940   -0.122012   -0.122000   -0.121987   -0.121975   -0.121914   -0.121853   -0.120491   -0.118354   -0.115780   -0.113184   -0.110686   -0.108291   -0.102218   -0.100289   -0.098422   -0.096612   -0.094864   -0.087959   -0.086758   -0.085875
   -0.170659   -0.170658   -0.170658   -0.170657   -0.170655   -0.170654   -0.170653   -0.170652   -0.170651   -0.170650   -0.151866   -0.151865   -0.151864   -0.151863   -0.151861   -0.151860   -0.151859   -0.121911   -0.121899   -0.121887   -0.121875   -0.121813   -0.121751   -0.120387   -0.118248   -0.115671   -0.113071   -0.110570   -0.108171   -0.102090   -0.100158   -0.098287   -0.096473   -0.094722   -0.087805   -0.086600   -0.085715
   -0.170582   -0.170582   -0.170581   -0.170580   -0.170579   -0.170577   -0.170576   -0.170575   -0.170574   -0.170573   -0.151780   -0.151779   -0.151777   -0.151776   -0.151775   -0.151774   -0.151772   -0.121803   -0.121791   -0.121779   -0.121766   -0.121704   -0.121642   -0.120276   -0.118134   -0.115553   -0.112950   -0.110445   -0.108044   -0.101954   -0.100018   -0.098143   -0.096327   -0.094571   -0.087641   -0.086434   -0.085546
   -0.170499   -0.170499   -0.170498   -0.170497   -0.170495   -0.170494   -0.170493   -0.170492   -0.170491   -0.170489   -0.151686   -0.151685   -0.151684   -0.151682   -0.151681   -0.151680   -0.151678   -0.121686   -0.121674   -0.121661   -0.121649   -0.121587   -0.121524   -0.120156   -0.118011   -0.115427   -0.112820   -0.110312   -0.107906   -0.101808   -0.099868   -0.097990   -0.096170   -0.094411   -0.087467   -0.086257   -0.085366
   -0.170408   -0.170407   -0.170406   -0.170405   -0.170404   -0.170403   -0.170401   -0.170400   -0.170399   -0.170398   -0.151583   -0.151582   -0.151580   -0.151579   -0.151578   -0.151576   -0.151575   -0.121557   -0.121545   -0.121532   -0.121520   -0.121457   -0.121395   -0.120025   -0.117876   -0.115289   -0.112678   -0.110166   -0.107757   -0.101649   -0.099706   -0.097824   -0.096000   -0.094238   -0.087280   -0.086067   -0.085174
   -0.170305   -0.170305   -0.170304   -0.170303   -0.170302   -0.170300   -0.170299   -0.170298   -0.170296   -0.170295   -0.151468   -0.151467   -0.151465   -0.151464   -0.151462   -0.151461   -0.151460   -0.121414   -0.121401   -0.121389   -0.121376   -0.121313   -0.121250   -0.119878   -0.117727   -0.115136   -0.112522   -0.110006   -0.107593   -0.101475   -0.099528   -0.097643   -0.095815   -0.094050   -0.087077   -0.085861   -0.084966
   -0.170189   -0.170188   -0.170188   -0.170186   -0.170185   -0.170184   -0.170182   -0.170181   -0.170180   -0.170179   -0.151337   -0.151335   -0.151334   -0.151333   -0.151331   -0.151330   -0.151328   -0.121250   -0.121237   -0.121225   -0.121212   -0.121150   -0.121087   -0.119713   -0.117559   -0.114964   -0.112346   -0.109826   -0.107410   -0.101281   -0.099331   -0.097442   -0.095611   -0.093842   -0.086854   -0.085635   -0.084738
   -0.170050   -0.170050   -0.170049   -0.170048   -0.170046   -0.170045   -0.170044   -0.170042   -0.170041   -0.170040   -0.151181   -0.151179   -0.151178   -0.151177   -0.151175   -0.151174   -0.151173   -0.121055   -0.121043   -0.121031   -0.121018   -0.120956   -0.120894   -0.119520   -0.117363   -0.114766   -0.112144   -0.109621   -0.107201   -0.101061   -0.099108   -0.097216   -0.095383   -0.093610   -0.086605   -0.085384   -0.084487
   -0.169866   -0.169865   -0.169865   -0.169863   -0.169862   -0.169861   -0.169860   -0.169859   -0.169858   -0.169857   -0.150975   -0.150974   -0.150973   -0.150971   -0.150970   -0.150969   -0.150968   -0.120800   -0.120788   -0.120776   -0.120765   -0.120706   -0.120647   -0.119276   -0.117120   -0.114522   -0.111899   -0.109374   -0.106952   -0.100801   -0.098847   -0.096955   -0.095119   -0.093345   -0.086322   -0.085101   -0.084204
 -999.000000 -999.000000 -999.000000 -999.000000 -999.000000 -999.000000 -999.000000 -999.000000 -999.000000 -999.000000 -999.000000 -999.000000 -999.000000 -999.000000 -999.000000 -999.000000 -999.000000 -999.000000 -999.000000 -999.000000 -999.000000 -999.000000   -0.120150   -0.118856   -0.116736   -0.114159   -0.111551   -0.109037   -0.106624   -0.100467   -0.098519   -0.096631   -0.094799   -0.093027   -0.085987   -0.084769   -0.083875
 -999.000000 -999.000000 -999.000000 -999.000000 -999.000000 -999.000000 -999.000000 -999.000000 -999.000000 -999.000000 -999.000000 -999.000000 -999.000000 -999.000000 -999.000000 -999.000000 -999.000000 -999.000000 -999.000000 -999.000000 -999.000000 -999.000000 -999.000000 -999.000000 -999.000000 -999.000000 -999.000000 -999.000000 -999.000000   -0.099757   -0.097964   -0.096135   -0.094340   -0.092594   -0.085548   -0.084348   -0.083469
 -999.000000 -999.000000 -999.000000 -999.000000 -999.000000 -999.000000 -999.000000 -999.000000 -999.000000 -999.000000 -999.000000 -999.000000 -999.000000 -999.000000 -999.000000 -999.000000 -999.000000 -999.000000 -999.000000 -999.000000 -999.000000 -999.000000 -999.000000 -999.000000 -999.000000 -999.000000 -999.000000 -999.000000 -999.000000 -999.000000 -999.000000 -999.000000 -999.000000 -999.000000 -999.000000   -0.083618   -0.082852
#
# iasp91 travel-time table for P'P'bc
#
