#
# iasp91 travel-time table for PnPn
#
# number of distance and depth samples
49 29
# delta samples
1.500 2.000 2.500 3.000 3.500 4.000 4.500 5.000 5.500 6.000 6.500 7.000 7.500 8.000 8.500 9.000 10.000 11.000 12.000 13.000 14.000 15.000 16.000 17.000 18.000 
19.000 20.000 21.000 22.000 23.000 24.000 25.000 26.000 27.000 28.000 29.000 30.000 31.000 32.000 33.000 34.000 35.000 36.000 37.000 38.000 39.000 40.000 41.000 42.000 
# depth samples
    0.000000    1.000000    2.500000    5.000000    7.500000   10.000000   12.500000   15.000000   17.500000   19.900000   20.000000   22.500000   25.000000   27.500000   30.000000   32.500000   34.900000   35.000000   40.000000   45.000000   50.000000   75.000000  100.000000  150.000000  200.000000  250.000000  300.000000  350.000000  400.000000
#
# travel times (rows - delta, columns - depth)
#
   35.668720   35.548622   35.368511   35.068428   34.768467   34.468636   34.168926   33.869347   33.569889   33.282532   33.270580   33.043278   32.816154   32.589199   32.362411   32.135792   31.918394   31.909374 -999.000000 -999.000000 -999.000000 -999.000000 -999.000000 -999.000000 -999.000000 -999.000000 -999.000000 -999.000000 -999.000000
   42.545830   42.425732   42.245621   41.945534   41.645576   41.345741   41.046032   40.746449   40.446991   40.159634   40.147682   39.920376   39.693249   39.466293   39.239502   39.012878   38.795479   38.786457 -999.000000 -999.000000 -999.000000 -999.000000 -999.000000 -999.000000 -999.000000 -999.000000 -999.000000 -999.000000 -999.000000
   49.422901   49.302799   49.122688   48.822601   48.522636   48.222797   47.923088   47.623501   47.324039   47.036678   47.024727   46.797417   46.570286   46.343323   46.116528   45.889900   45.672493   45.663471 -999.000000 -999.000000 -999.000000 -999.000000 -999.000000 -999.000000 -999.000000 -999.000000 -999.000000 -999.000000 -999.000000
   56.299892   56.179790   55.999676   55.699581   55.399612   55.099770   54.800053   54.500462   54.200996   53.913631   53.901680   53.674358   53.447224   53.220253   52.993450   52.766815   52.549400   52.540382 -999.000000 -999.000000 -999.000000 -999.000000 -999.000000 -999.000000 -999.000000 -999.000000 -999.000000 -999.000000 -999.000000
   63.176765   63.056660   62.876541   62.576443   62.276466   61.976620   61.676895   61.377296   61.077824   60.790447   60.778500   60.551170   60.324024   60.097042   59.870232   59.643585   59.426163   59.417141 -999.000000 -999.000000 -999.000000 -999.000000 -999.000000 -999.000000 -999.000000 -999.000000 -999.000000 -999.000000 -999.000000
   70.053482   69.933372   69.753250   69.453140   69.153160   68.853302   68.553566   68.253960   67.954483   67.667099   67.655144   67.427803   67.200645   66.973656   66.746826   66.520172   66.302734   66.293716 -999.000000 -999.000000 -999.000000 -999.000000 -999.000000 -999.000000 -999.000000 -999.000000 -999.000000 -999.000000 -999.000000
   76.930000   76.809891   76.629761   76.329643   76.029648   75.729782   75.430038   75.130417   74.830925   74.543533   74.531578   74.304230   74.077057   73.850044   73.623207   73.396538   73.179085   73.170067 -999.000000 -999.000000 -999.000000 -999.000000 -999.000000 -999.000000 -999.000000 -999.000000 -999.000000 -999.000000 -999.000000
   83.806282   83.686165   83.506027   83.205902   82.905891   82.606018   82.306259   82.006630   81.707123   81.419724   81.407768   81.180397   80.953209   80.726181   80.499329   80.272636   80.055168   80.046150 -999.000000 -999.000000 -999.000000 -999.000000 -999.000000 -999.000000 -999.000000 -999.000000 -999.000000 -999.000000 -999.000000
   90.682297   90.562172   90.382027   90.081879   89.781860   89.481972   89.182198   88.882553   88.583038   88.295616   88.283669   88.056274   87.829063   87.602020   87.375145   87.148438   86.930954   86.921928 -999.000000 -999.000000 -999.000000 -999.000000 -999.000000 -999.000000 -999.000000 -999.000000 -999.000000 -999.000000 -999.000000
   97.557991   97.437859   97.257706   96.957550   96.657509   96.357605   96.057816   95.758156   95.458626   95.171188   95.159233   94.931824   94.704590   94.477524   94.250626   94.023895   93.806389   93.797363 -999.000000 -999.000000 -999.000000 -999.000000 -999.000000 -999.000000 -999.000000 -999.000000 -999.000000 -999.000000 -999.000000
  104.433334  104.313194  104.133034  103.832855  103.532806  103.232872  102.933075  102.633392  102.333839  102.046387  102.034439  101.806999  101.579742  101.352654  101.125732  100.898979  100.681442  100.672424 -999.000000 -999.000000 -999.000000 -999.000000 -999.000000 -999.000000 -999.000000 -999.000000 -999.000000 -999.000000 -999.000000
  111.308281  111.188141  111.007965  110.707771  110.407700  110.107750  109.807930  109.508232  109.208656  108.921188  108.909233  108.681770  108.454491  108.227371  108.000420  107.773636  107.556084  107.547058 -999.000000 -999.000000 -999.000000 -999.000000 -999.000000 -999.000000 -999.000000 -999.000000 -999.000000 -999.000000 -999.000000
  118.182800  118.062653  117.882462  117.582245  117.282150  116.982185  116.682343  116.382622  116.083031  115.795540  115.783585  115.556091  115.328781  115.101639  114.874657  114.647842  114.430260  114.421227 -999.000000 -999.000000 -999.000000 -999.000000 -999.000000 -999.000000 -999.000000 -999.000000 -999.000000 -999.000000 -999.000000
  125.056854  124.936691  124.756493  124.456253  124.156136  123.856140  123.556274  123.256538  122.956917  122.669403  122.657448  122.429924  122.202583  121.975403  121.748398  121.521553  121.303932  121.294907  121.281876 -999.000000 -999.000000 -999.000000 -999.000000 -999.000000 -999.000000 -999.000000 -999.000000 -999.000000 -999.000000
  131.930389  131.810226  131.630005  131.329742  131.029602  130.729584  130.429688  130.129929  129.830276  129.542740  129.530792  129.303238  129.075851  128.848648  128.621597  128.394714  128.177078  128.168045  128.152802 -999.000000 -999.000000 -999.000000 -999.000000 -999.000000 -999.000000 -999.000000 -999.000000 -999.000000 -999.000000
  138.803391  138.683197  138.502975  138.202682  137.902512  137.602463  137.302551  137.002762  136.703094  136.415527  136.403564  136.175980  135.948563  135.721313  135.494232  135.267319  135.049637  135.040604  135.023300 -999.000000 -999.000000 -999.000000 -999.000000 -999.000000 -999.000000 -999.000000 -999.000000 -999.000000 -999.000000
  152.547562  152.427368  152.247086  151.946747  151.646515  151.346420  151.046432  150.746582  150.446854  150.159241  150.147278  149.919601  149.692108  149.464783  149.237625  149.010620  148.792862  148.783829  148.762695 -999.000000 -999.000000 -999.000000 -999.000000 -999.000000 -999.000000 -999.000000 -999.000000 -999.000000 -999.000000
  166.289078  166.168854  165.988541  165.688126  165.387833  165.087677  164.787628  164.487701  164.187912  163.900223  163.888260  163.660507  163.432922  163.205505  162.978256  162.751160  162.533310  162.524277  162.499573  162.486053 -999.000000 -999.000000 -999.000000 -999.000000 -999.000000 -999.000000 -999.000000 -999.000000 -999.000000
  180.027618  179.907364  179.727005  179.426529  179.126160  178.825912  178.525803  178.225815  177.925934  177.638184  177.626205  177.398361  177.170685  176.943161  176.715805  176.488617  176.270676  176.261642  176.233505  176.214828 -999.000000 -999.000000 -999.000000 -999.000000 -999.000000 -999.000000 -999.000000 -999.000000 -999.000000
  193.762878  193.642578  193.462189  193.161621  192.861176  192.560852  192.260651  191.960571  191.660629  191.372787  191.360825  191.132858  190.905075  190.677444  190.449982  190.222687  190.004639  189.995590  189.964096  189.940918  189.928436 -999.000000 -999.000000 -999.000000 -999.000000 -999.000000 -999.000000 -999.000000 -999.000000
  207.494522  207.374191  207.193741  206.893097  206.592560  206.292145  205.991867  205.691696  205.391663  205.103745  205.091766  204.863678  204.635788  204.408035  204.180466  203.953049  203.734879  203.725830  203.691040  203.663757  203.645416 -999.000000 -999.000000 -999.000000 -999.000000 -999.000000 -999.000000 -999.000000 -999.000000
  221.222260  221.101898  220.921387  220.620636  220.320007  220.019501  219.719131  219.418869  219.118729  218.830719  218.818741  218.590530  218.362503  218.134628  217.906921  217.679382  217.461090  217.452042  217.414017  217.382843  217.359421 -999.000000 -999.000000 -999.000000 -999.000000 -999.000000 -999.000000 -999.000000 -999.000000
  234.945770  234.825363  234.644791  234.343948  234.043213  233.742615  233.442123  233.141769  232.841522  232.553421  232.541428  232.313095  232.084915  231.856918  231.629074  231.401382  231.182968  231.173904  231.132706  231.097748  231.069748 -999.000000 -999.000000 -999.000000 -999.000000 -999.000000 -999.000000 -999.000000 -999.000000
  248.664734  248.544281  248.363647  248.062698  247.761856  247.461136  247.160553  246.860077  246.559723  246.271515  246.259521  246.031036  245.802719  245.574570  245.346573  245.118744  244.900192  244.891113  244.846756  244.808151  244.775894 -999.000000 -999.000000 -999.000000 -999.000000 -999.000000 -999.000000 -999.000000 -999.000000
  262.378845  262.258362  262.077637  261.776581  261.475616  261.174805  260.874084  260.573486  260.273041  259.984711  259.972717  259.744049  259.515594  259.287292  259.059143  258.831146  258.612427  258.603363  258.555878  258.513733  258.477448 -999.000000 -999.000000 -999.000000 -999.000000 -999.000000 -999.000000 -999.000000 -999.000000
  276.087799  275.967255  275.786469  275.485260  275.184204  274.883240  274.582397  274.281708  273.981110  273.692657  273.680664  273.451843  273.223206  272.994751  272.766418  272.538269  272.319397  272.310333  272.259735  272.214142  272.173950 -999.000000 -999.000000 -999.000000 -999.000000 -999.000000 -999.000000 -999.000000 -999.000000
  289.791260  289.670654  289.489807  289.188477  288.887268  288.586182  288.285217  287.984375  287.683655  287.395081  287.383087  287.154083  286.925293  286.696655  286.468140  286.239838  286.020782  286.011688  285.958008  285.909027  285.865082  285.739410 -999.000000 -999.000000 -999.000000 -999.000000 -999.000000 -999.000000 -999.000000
  303.488922  303.368286  303.187347  302.885895  302.584534  302.283325  301.982208  301.681244  301.380371  301.091675  301.079651  300.850494  300.621490  300.392670  300.164001  299.935486  299.716278  299.707153  299.650421  299.598114  299.550537  299.397278 -999.000000 -999.000000 -999.000000 -999.000000 -999.000000 -999.000000 -999.000000
  317.180542  317.059814  316.878815  316.577179  316.275696  315.974335  315.673096  315.371979  315.070953  314.782104  314.770111  314.540741  314.311554  314.082550  313.853668  313.624969  313.405548  313.396454  313.336639  313.281067  313.229889  313.051544 -999.000000  313.299683 -999.000000 -999.000000 -999.000000 -999.000000 -999.000000
  330.865723  330.744965  330.563843  330.262085  329.960449  329.658936  329.357544  329.056244  328.755096  328.466095  328.454071  328.224518  327.995148  327.765930  327.536835  327.307953  327.088348  327.079224  327.016357  326.957520  326.902802  326.701080 -999.000000  326.640381 -999.000000 -999.000000 -999.000000 -999.000000 -999.000000
  344.544189  344.423370  344.242157  343.940247  343.638458  343.336761  343.035217  342.733765  342.432465  342.143311  342.131287  341.901520  341.671906  341.442474  341.213196  340.984070  340.764252  340.755127  340.689240  340.627106  340.568939  340.345093 -999.000000  339.953369  339.553864 -999.000000 -999.000000 -999.000000 -999.000000
  358.215576  358.094696  357.913391  357.611298  357.309326  357.007507  356.705780  356.404175  356.102692  355.813354  355.801331  355.571350  355.341522  355.111847  354.882355  354.653015  354.432983  354.423859  354.354889  354.289520  354.227905  353.983063  353.872253  353.220306  352.565796 -999.000000 -999.000000 -999.000000 -999.000000
  371.879547  371.758575  371.577179  371.274902  370.972778  370.670746  370.368866  370.067078  369.765411  369.475922  369.463898  369.233673  369.003632  368.773712  368.543976  368.314392  368.094147  368.085022  368.013000  367.944458  367.879517  367.614563  367.471039  366.423645  365.535461  365.012695 -999.000000 -999.000000 -999.000000
  385.535797  385.414734  385.233215  384.930786  384.628479  384.326263  384.024200  383.722229  383.420380  383.130737  383.118683  382.888214  382.657928  382.427795  382.197815  381.968018  381.747528  381.738373  381.663361  381.591705  381.523468  381.239288  380.882935  379.546753  378.433746  377.625366 -999.000000 -999.000000 -999.000000
  399.184082  399.062958  398.881348  398.578735  398.276215  397.973846  397.671570  397.369415  397.067383  396.777557  396.765503  396.534790  396.304260  396.073883  395.843658  395.613617  395.392883  395.383728  395.305756  395.231018  395.159607  394.856293  394.100067  392.573639  391.239166  390.184753  389.649597 -999.000000 -999.000000
  412.824249  412.703064  412.521332  412.218506  411.915833  411.613251  411.310791  411.008453  410.706238  410.416229  410.404144  410.173218  409.942413  409.711792  409.481323  409.251007  409.030060  409.020874  408.940002  408.862244  408.787689  408.062866  407.214325  405.489044  403.938599  402.677948  401.903381 -999.000000 -999.000000
  426.456085  426.334808  426.152954  425.849945  425.547058  425.244293  424.941650  424.639130  424.336731  424.046509  424.034454  423.803253  423.572205  423.335876  423.092621  422.849457  422.616028  422.606354  422.428864  422.250275  422.070526  421.154388  420.208252  418.278412  416.534058  415.096130  414.110504  413.652893 -999.000000
  439.721832  439.595917  439.407013  439.092255  438.777527  438.462860  438.148224  437.833649  437.519104  437.217194  437.204620  436.957581  436.710571  436.463593  436.216675  435.969757  435.732758  435.722931  435.525696  435.327271  435.127625  434.110596  433.061920  430.937164  429.029144  427.432861  426.258148  425.563354 -999.000000
  452.740814  452.613586  452.422760  452.104736  451.786774  451.468811  451.150909  450.833038  450.515167  450.210083  450.197388  449.946106  449.694855  449.443604  449.192383  448.941162  448.700012  448.690002  448.471710  448.252106  448.031219  446.907654  445.759277  443.476288  441.426147  439.683868  438.337585  437.434937  437.044037
  465.589783  465.461060  465.267944  464.946136  464.624359  464.302582  463.980835  463.659119  463.337433  463.028625  463.015778  462.759613  462.503510  462.247375  461.991272  461.735168  461.489319  461.479126  461.239197  460.998444  460.757019  459.541565  458.316986  455.903992  453.726196  451.846344  450.342499  449.252441  448.620300
  478.252930  478.122833  477.927704  477.602570  477.277435  476.952362  476.627319  476.302307  475.977356  475.665436  475.652466  475.392273  475.132141  474.872040  474.612000  474.351959  474.102386  474.092010  473.836121  473.579987  473.323608  472.039185  470.752563  468.225464  465.928223  463.918091  462.267914  461.005096 -999.000000
  490.764801  490.633667  490.436951  490.109161  489.781403  489.453705  489.126038  488.798431  488.470886  488.156464  488.143402  487.880005  487.616638  487.353363  487.090118  486.826904  486.574280  486.563782  486.295441  486.027069  485.758667  484.416931  483.075958  480.441681  478.030762  475.897186  474.109070  472.684906 -999.000000
  503.149231  503.017151  502.819092  502.489014  502.158997  501.829010  501.499084  501.169220  500.839386  500.522797  500.509644  500.243408  499.977264  499.711182  499.445129  499.179138  498.923828  498.913208  498.634155  498.355133  498.076172  496.682098  495.289520  492.552032  490.032623  487.781677  485.861542  484.285431 -999.000000
  515.416443  515.283508  515.084167  514.751892  514.419678  514.087524  513.755432  513.423340  513.091370  512.772644  512.759399  512.490479  512.221619  511.952850  511.684082  511.415375  511.157471  511.146759  510.857513  510.568359  510.279297  508.834991  507.392761  504.555969  501.932495  499.568451  497.521393 -999.000000 -999.000000
  527.567261  527.433472  527.232849  526.898438  526.564087  526.229797  525.895508  525.561279  525.227112  524.906372  524.893066  524.621460  524.349976  524.078491  523.807068  523.535706  523.275269  523.264465  522.965454  522.666565  522.367737  520.875183  519.385132  516.452759  513.728088  511.254425 -999.000000 -999.000000 -999.000000
  539.601501  539.466919  539.264954  538.928467  538.591980  538.255554  537.919189  537.582825  537.246521  536.923767  536.910339  536.636169  536.362061  536.087952  535.813965  535.539978  535.276978  535.266052  534.957703  534.649414  534.341248  532.802185  531.265930  528.240417  525.416992  522.836792 -999.000000 -999.000000 -999.000000
  551.518921  551.383423  551.180237  550.841614  550.503052  550.164551  549.826050  549.487610  549.149231  548.824463  548.810913  548.534180  548.257507  547.980835  547.704224  547.427673  547.162231  547.151184  546.833679  546.516357  546.199097  544.614685  543.033264  539.916748  536.996826 -999.000000 -999.000000 -999.000000 -999.000000
  563.318176  563.181885  562.977417  562.636719  562.296021  561.955444  561.614868  561.274353  560.933838  560.606995  560.593445  560.314087  560.034851  559.755615  559.476440  559.197327  558.929382  558.918274  558.591858  558.265686  557.939575  556.310852  554.685181 -999.000000 -999.000000 -999.000000 -999.000000 -999.000000 -999.000000
  574.997498  574.860352  574.654663  574.311829  573.969116  573.626404  573.283752  572.941101  572.598511  572.269653  572.255981  571.974121  571.692322  571.410522  571.128784  570.847107  570.576721  570.565491  570.230469  569.895508  569.560730 -999.000000 -999.000000 -999.000000 -999.000000 -999.000000 -999.000000 -999.000000 -999.000000
#
# dtdd (rows - delta, columns - depth)
#
   13.754235   13.754235   13.754235   13.754234   13.754234   13.754233   13.754232   13.754231   13.754230   13.754230   13.754230   13.754227   13.754225   13.754222   13.754219   13.754216   13.754212   13.754211 -999.000000 -999.000000 -999.000000 -999.000000 -999.000000 -999.000000 -999.000000 -999.000000 -999.000000 -999.000000 -999.000000
   13.754194   13.754192   13.754190   13.754187   13.754182   13.754178   13.754173   13.754169   13.754164   13.754159   13.754159   13.754152   13.754145   13.754137   13.754129   13.754122   13.754113   13.754112 -999.000000 -999.000000 -999.000000 -999.000000 -999.000000 -999.000000 -999.000000 -999.000000 -999.000000 -999.000000 -999.000000
   13.754075   13.754072   13.754067   13.754060   13.754052   13.754045   13.754036   13.754027   13.754019   13.754011   13.754010   13.753999   13.753987   13.753975   13.753962   13.753949   13.753936   13.753936 -999.000000 -999.000000 -999.000000 -999.000000 -999.000000 -999.000000 -999.000000 -999.000000 -999.000000 -999.000000 -999.000000
   13.753878   13.753873   13.753866   13.753856   13.753844   13.753832   13.753820   13.753809   13.753797   13.753784   13.753784   13.753768   13.753751   13.753734   13.753716   13.753698   13.753681   13.753681 -999.000000 -999.000000 -999.000000 -999.000000 -999.000000 -999.000000 -999.000000 -999.000000 -999.000000 -999.000000 -999.000000
   13.753602   13.753596   13.753588   13.753572   13.753557   13.753542   13.753527   13.753511   13.753495   13.753480   13.753480   13.753458   13.753437   13.753415   13.753392   13.753369   13.753347   13.753348 -999.000000 -999.000000 -999.000000 -999.000000 -999.000000 -999.000000 -999.000000 -999.000000 -999.000000 -999.000000 -999.000000
   13.753248   13.753242   13.753230   13.753212   13.753193   13.753174   13.753155   13.753136   13.753117   13.753098   13.753097   13.753071   13.753044   13.753017   13.752991   13.752963   13.752936   13.752936 -999.000000 -999.000000 -999.000000 -999.000000 -999.000000 -999.000000 -999.000000 -999.000000 -999.000000 -999.000000 -999.000000
   13.752817   13.752808   13.752795   13.752772   13.752750   13.752728   13.752706   13.752683   13.752659   13.752637   13.752636   13.752605   13.752574   13.752542   13.752510   13.752478   13.752446   13.752445 -999.000000 -999.000000 -999.000000 -999.000000 -999.000000 -999.000000 -999.000000 -999.000000 -999.000000 -999.000000 -999.000000
   13.752307   13.752296   13.752281   13.752255   13.752230   13.752204   13.752177   13.752151   13.752124   13.752098   13.752097   13.752061   13.752026   13.751988   13.751952   13.751915   13.751879   13.751877 -999.000000 -999.000000 -999.000000 -999.000000 -999.000000 -999.000000 -999.000000 -999.000000 -999.000000 -999.000000 -999.000000
   13.751719   13.751707   13.751689   13.751660   13.751631   13.751601   13.751571   13.751541   13.751511   13.751481   13.751480   13.751439   13.751398   13.751357   13.751315   13.751273   13.751233   13.751231 -999.000000 -999.000000 -999.000000 -999.000000 -999.000000 -999.000000 -999.000000 -999.000000 -999.000000 -999.000000 -999.000000
   13.751052   13.751040   13.751019   13.750986   13.750954   13.750919   13.750886   13.750853   13.750818   13.750786   13.750784   13.750739   13.750693   13.750647   13.750601   13.750554   13.750508   13.750506 -999.000000 -999.000000 -999.000000 -999.000000 -999.000000 -999.000000 -999.000000 -999.000000 -999.000000 -999.000000 -999.000000
   13.750307   13.750293   13.750271   13.750235   13.750197   13.750160   13.750123   13.750086   13.750049   13.750011   13.750010   13.749960   13.749909   13.749859   13.749807   13.749756   13.749705   13.749703 -999.000000 -999.000000 -999.000000 -999.000000 -999.000000 -999.000000 -999.000000 -999.000000 -999.000000 -999.000000 -999.000000
   13.749484   13.749468   13.749444   13.749404   13.749364   13.749323   13.749282   13.749241   13.749200   13.749160   13.749158   13.749104   13.749048   13.748992   13.748936   13.748879   13.748825   13.748822 -999.000000 -999.000000 -999.000000 -999.000000 -999.000000 -999.000000 -999.000000 -999.000000 -999.000000 -999.000000 -999.000000
   13.748583   13.748566   13.748539   13.748495   13.748451   13.748407   13.748363   13.748318   13.748273   13.748229   13.748227   13.748168   13.748108   13.748047   13.747986   13.747925   13.747866   13.747863 -999.000000 -999.000000 -999.000000 -999.000000 -999.000000 -999.000000 -999.000000 -999.000000 -999.000000 -999.000000 -999.000000
   13.747603   13.747584   13.747556   13.747508   13.747460   13.747413   13.747364   13.747316   13.747268   13.747221   13.747218   13.747154   13.747089   13.747024   13.746958   13.746892   13.746828   13.746825   13.742172 -999.000000 -999.000000 -999.000000 -999.000000 -999.000000 -999.000000 -999.000000 -999.000000 -999.000000 -999.000000
   13.746545   13.746525   13.746494   13.746443   13.746391   13.746340   13.746288   13.746236   13.746183   13.746134   13.746131   13.746062   13.745992   13.745922   13.745852   13.745780   13.745711   13.745708   13.741472 -999.000000 -999.000000 -999.000000 -999.000000 -999.000000 -999.000000 -999.000000 -999.000000 -999.000000 -999.000000
   13.745408   13.745386   13.745354   13.745299   13.745244   13.745189   13.745133   13.745078   13.745022   13.744968   13.744966   13.744891   13.744817   13.744741   13.744666   13.744591   13.744517   13.744514   13.740519 -999.000000 -999.000000 -999.000000 -999.000000 -999.000000 -999.000000 -999.000000 -999.000000 -999.000000 -999.000000
   13.742901   13.742876   13.742839   13.742777   13.742715   13.742652   13.742590   13.742527   13.742464   13.742403   13.742400   13.742316   13.742232   13.742147   13.742063   13.741978   13.741895   13.741891   13.738195 -999.000000 -999.000000 -999.000000 -999.000000 -999.000000 -999.000000 -999.000000 -999.000000 -999.000000 -999.000000
   13.740081   13.740053   13.740011   13.739943   13.739873   13.739803   13.739734   13.739663   13.739593   13.739525   13.739522   13.739429   13.739335   13.739241   13.739146   13.739052   13.738960   13.738956   13.735475   13.729855 -999.000000 -999.000000 -999.000000 -999.000000 -999.000000 -999.000000 -999.000000 -999.000000 -999.000000
   13.736948   13.736917   13.736872   13.736795   13.736719   13.736642   13.736565   13.736487   13.736410   13.736335   13.736332   13.736229   13.736126   13.736022   13.735918   13.735813   13.735713   13.735708   13.732326   13.727548 -999.000000 -999.000000 -999.000000 -999.000000 -999.000000 -999.000000 -999.000000 -999.000000 -999.000000
   13.733502   13.733469   13.733419   13.733335   13.733253   13.733168   13.733084   13.732999   13.732914   13.732833   13.732829   13.732717   13.732604   13.732491   13.732377   13.732263   13.732153   13.732148   13.728818   13.724545   13.718107 -999.000000 -999.000000 -999.000000 -999.000000 -999.000000 -999.000000 -999.000000 -999.000000
   13.729745   13.729709   13.729654   13.729564   13.729473   13.729382   13.729290   13.729198   13.729106   13.729017   13.729013   13.728892   13.728769   13.728647   13.728523   13.728400   13.728281   13.728275   13.725008   13.721035   13.715648 -999.000000 -999.000000 -999.000000 -999.000000 -999.000000 -999.000000 -999.000000 -999.000000
   13.725675   13.725636   13.725576   13.725479   13.725381   13.725283   13.725183   13.725084   13.724985   13.724890   13.724886   13.724754   13.724623   13.724490   13.724358   13.724224   13.724096   13.724091   13.720889   13.717060   13.712249 -999.000000 -999.000000 -999.000000 -999.000000 -999.000000 -999.000000 -999.000000 -999.000000
   13.721291   13.721249   13.721186   13.721081   13.720976   13.720870   13.720764   13.720657   13.720551   13.720448   13.720445   13.720304   13.720162   13.720020   13.719878   13.719735   13.719598   13.719592   13.716426   13.712708   13.708310 -999.000000 -999.000000 -999.000000 -999.000000 -999.000000 -999.000000 -999.000000 -999.000000
   13.716593   13.716548   13.716481   13.716369   13.716256   13.716144   13.716030   13.715917   13.715803   13.715693   13.715689   13.715539   13.715388   13.715237   13.715085   13.714933   13.714787   13.714780   13.711637   13.708042   13.703925 -999.000000 -999.000000 -999.000000 -999.000000 -999.000000 -999.000000 -999.000000 -999.000000
   13.711581   13.711534   13.711462   13.711343   13.711223   13.711102   13.710982   13.710862   13.710741   13.710625   13.710620   13.710461   13.710300   13.710139   13.709978   13.709816   13.709661   13.709654   13.706537   13.703051   13.699092 -999.000000 -999.000000 -999.000000 -999.000000 -999.000000 -999.000000 -999.000000 -999.000000
   13.706255   13.706204   13.706129   13.706002   13.705876   13.705749   13.705622   13.705494   13.705366   13.705242   13.705237   13.705069   13.704899   13.704729   13.704558   13.704388   13.704223   13.704216   13.701123   13.697709   13.693879 -999.000000 -999.000000 -999.000000 -999.000000 -999.000000 -999.000000 -999.000000 -999.000000
   13.700623   13.700570   13.700490   13.700356   13.700223   13.700089   13.699955   13.699820   13.699685   13.699555   13.699550   13.699372   13.699194   13.699015   13.698835   13.698655   13.698482   13.698474   13.695397   13.692044   13.688342   13.659060 -999.000000 -999.000000 -999.000000 -999.000000 -999.000000 -999.000000 -999.000000
   13.694687   13.694632   13.694548   13.694407   13.694267   13.694126   13.693985   13.693844   13.693702   13.693565   13.693560   13.693373   13.693185   13.692997   13.692809   13.692619   13.692437   13.692430   13.689371   13.686074   13.682467   13.656325 -999.000000 -999.000000 -999.000000 -999.000000 -999.000000 -999.000000 -999.000000
   13.688450   13.688392   13.688303   13.688156   13.688009   13.687861   13.687714   13.687565   13.687417   13.687274   13.687267   13.687072   13.686875   13.686678   13.686481   13.686282   13.686091   13.686083   13.683035   13.679756   13.676204   13.652060 -999.000000   13.348189 -999.000000 -999.000000 -999.000000 -999.000000 -999.000000
   13.681894   13.681832   13.681740   13.681585   13.681430   13.681274   13.681119   13.680963   13.680806   13.680655   13.680650   13.680444   13.680237   13.680029   13.679821   13.679613   13.679412   13.679403   13.676349   13.673080   13.669573   13.646878 -999.000000   13.329979 -999.000000 -999.000000 -999.000000 -999.000000 -999.000000
   13.674991   13.674926   13.674829   13.674665   13.674502   13.674339   13.674176   13.674012   13.673847   13.673689   13.673682   13.673466   13.673249   13.673031   13.672812   13.672594   13.672383   13.672374   13.669311   13.666055   13.662596   13.641069 -999.000000   13.292947   13.020491 -999.000000 -999.000000 -999.000000 -999.000000
   13.667733   13.667665   13.667563   13.667393   13.667222   13.667050   13.666879   13.666707   13.666534   13.666368   13.666361   13.666134   13.665907   13.665678   13.665449   13.665220   13.664999   13.664989   13.661925   13.658711   13.655333   13.634796   13.599953   13.237994   12.996493 -999.000000 -999.000000 -999.000000 -999.000000
   13.660133   13.660063   13.659957   13.659781   13.659603   13.659426   13.659247   13.659069   13.658891   13.658719   13.658712   13.658478   13.658242   13.658007   13.657771   13.657535   13.657307   13.657297   13.654281   13.651128   13.647824   13.628161   13.597179   13.165956   12.938066   12.633337 -999.000000 -999.000000 -999.000000
   13.652301   13.652228   13.652120   13.651938   13.651756   13.651574   13.651392   13.651210   13.651027   13.650850   13.650843   13.650602   13.650362   13.650120   13.649879   13.649635   13.649403   13.649393   13.646420   13.643323   13.640088   13.621160   13.263284   13.077598   12.854977   12.588651 -999.000000 -999.000000 -999.000000
   13.644263   13.644189   13.644077   13.643891   13.643705   13.643519   13.643332   13.643146   13.642958   13.642777   13.642770   13.642524   13.642278   13.642031   13.641783   13.641535   13.641296   13.641286   13.638354   13.635310   13.632140   13.258049   13.168436   12.973637   12.753095   12.528010   12.270957 -999.000000 -999.000000
   13.636027   13.635952   13.635838   13.635648   13.635457   13.635267   13.635076   13.634885   13.634693   13.634509   13.634501   13.634250   13.633998   13.633745   13.633492   13.633239   13.632995   13.632985   13.630094   13.627100   13.623988   13.152184   13.057194   12.854733   12.646711   12.456943   12.233112 -999.000000 -999.000000
   13.627602   13.627524   13.627408   13.627213   13.627020   13.626825   13.626630   13.626434   13.626239   13.626051   13.626043   13.625787   13.625529   13.193440   13.190003   13.186550   13.183219   13.183081   13.163971   13.144767   13.125466   13.027538   12.927344   12.722429   12.544827   12.378373   12.179085   11.922971 -999.000000
   13.094226   13.093032   13.091238   13.088239   13.085228   13.082205   13.079170   13.076123   13.073064   13.070116   13.069993   13.066067   13.062122   13.058161   13.054180   13.050181   13.046325   13.046165   13.025771   13.005294   12.984734   12.880879   12.776126   12.597254   12.445721   12.294390   12.114748   11.894087 -999.000000
   12.939119   12.937725   12.935629   12.932125   12.928607   12.925076   12.921532   12.917973   12.914400   12.910958   12.910814   12.906260   12.901685   12.897089   12.892473   12.887837   12.883368   12.883182   12.861382   12.839529   12.817631   12.710719   12.623672   12.482312   12.348551   12.207164   12.043102   11.846608   11.586663
   12.753039   12.751410   12.748980   12.744958   12.740975   12.737028   12.733116   12.729239   12.725394   12.721732   12.721581   12.716836   12.712140   12.707492   12.702888   12.698328   12.693990   12.693810   12.674955   12.656978   12.639757   12.562210   12.494513   12.373986   12.251279   12.117446   11.965925   11.786602   11.561503
   12.582021   12.580857   12.579114   12.576218   12.573332   12.570457   12.567592   12.564736   12.561892   12.559170   12.559057   12.555532   12.552021   12.548527   12.545048   12.541584   12.538273   12.538136   12.524340   12.510873   12.497707   12.435637   12.378357   12.268954   12.152495   12.025698   11.884080   11.717413 -999.000000
   12.445399   12.444427   12.442971   12.440547   12.438128   12.435715   12.433306   12.430902   12.428501   12.426202   12.426106   12.423135   12.420172   12.417216   12.414268   12.411328   12.408512   12.408396   12.397037   12.385840   12.374795   12.321194   12.268566   12.163391   12.052395   11.932242   11.797502   11.641120 -999.000000
   12.325359   12.324483   12.323167   12.320972   12.318777   12.316581   12.314384   12.312185   12.309986   12.307874   12.307786   12.305058   12.302331   12.299603   12.296873   12.294142   12.291520   12.291411   12.281030   12.270677   12.260350   12.209112   12.158480   12.057239   11.951136   11.836161   11.706763   11.559119 -999.000000
   12.209066   12.208202   12.206904   12.204741   12.202578   12.200412   12.198246   12.196078   12.193910   12.191827   12.191740   12.189061   12.186381   12.183701   12.181019   12.178336   12.175760   12.175653   12.165690   12.155752   12.145837   12.096595   12.047878   11.950560   11.848174   11.736878   11.612373 -999.000000 -999.000000
   12.092570   12.091719   12.090440   12.088307   12.086174   12.084040   12.081904   12.079767   12.077630   12.075577   12.075492   12.072860   12.070227   12.067593   12.064958   12.062323   12.059792   12.059687   12.050117   12.040567   12.031038   11.983685   11.936810   11.842613   11.742665   11.634640 -999.000000 -999.000000 -999.000000
   11.975892   11.975052   11.973791   11.971689   11.969587   11.967484   11.965379   11.963273   11.961166   11.959143   11.959059   11.956472   11.953886   11.951299   11.948710   11.946121   11.943634   11.943531   11.934327   11.925131   11.915941   11.870096   11.824412   11.732359   11.634747   11.529662 -999.000000 -999.000000 -999.000000
   11.858624   11.857787   11.856532   11.854439   11.852344   11.850248   11.848150   11.846051   11.843950   11.841932   11.841848   11.839276   11.836703   11.834128   11.831552   11.828973   11.826496   11.826393   11.817405   11.808423   11.799446   11.754645   11.709972   11.619887   11.524550 -999.000000 -999.000000 -999.000000 -999.000000
   11.739583   11.738748   11.737494   11.735403   11.733311   11.731217   11.729122   11.727025   11.724927   11.722912   11.722828   11.720266   11.717705   11.715140   11.712575   11.710009   11.707542   11.707440   11.698657   11.689879   11.681105   11.637295   11.593573 -999.000000 -999.000000 -999.000000 -999.000000 -999.000000 -999.000000
   11.618775   11.617942   11.616691   11.614604   11.612516   11.610428   11.608337   11.606245   11.604152   11.602140   11.602057   11.599509   11.596961   11.594411   11.591859   11.589306   11.586854   11.586752   11.578163   11.569579   11.560997 -999.000000 -999.000000 -999.000000 -999.000000 -999.000000 -999.000000 -999.000000 -999.000000
#
# dtdh (rows - delta, columns - depth)
#
   -0.120109   -0.120089   -0.120059   -0.120009   -0.119958   -0.119908   -0.119858   -0.119807   -0.119757   -0.119708   -0.090949   -0.090882   -0.090816   -0.090749   -0.090682   -0.090614   -0.090550   -0.000228 -999.000000 -999.000000 -999.000000 -999.000000 -999.000000 -999.000000 -999.000000 -999.000000 -999.000000 -999.000000 -999.000000
   -0.120109   -0.120089   -0.120059   -0.120009   -0.119959   -0.119909   -0.119858   -0.119808   -0.119758   -0.119709   -0.090950   -0.090883   -0.090817   -0.090750   -0.090683   -0.090616   -0.090551   -0.000523 -999.000000 -999.000000 -999.000000 -999.000000 -999.000000 -999.000000 -999.000000 -999.000000 -999.000000 -999.000000 -999.000000
   -0.120110   -0.120090   -0.120060   -0.120010   -0.119960   -0.119910   -0.119860   -0.119809   -0.119759   -0.119710   -0.090952   -0.090885   -0.090818   -0.090752   -0.090685   -0.090618   -0.090553   -0.000819 -999.000000 -999.000000 -999.000000 -999.000000 -999.000000 -999.000000 -999.000000 -999.000000 -999.000000 -999.000000 -999.000000
   -0.120112   -0.120092   -0.120062   -0.120012   -0.119962   -0.119912   -0.119862   -0.119811   -0.119761   -0.119713   -0.090955   -0.090888   -0.090821   -0.090755   -0.090688   -0.090621   -0.090556   -0.001116 -999.000000 -999.000000 -999.000000 -999.000000 -999.000000 -999.000000 -999.000000 -999.000000 -999.000000 -999.000000 -999.000000
   -0.120115   -0.120095   -0.120065   -0.120015   -0.119965   -0.119915   -0.119864   -0.119814   -0.119764   -0.119715   -0.090958   -0.090892   -0.090825   -0.090759   -0.090692   -0.090625   -0.090561   -0.001412 -999.000000 -999.000000 -999.000000 -999.000000 -999.000000 -999.000000 -999.000000 -999.000000 -999.000000 -999.000000 -999.000000
   -0.120118   -0.120098   -0.120068   -0.120018   -0.119968   -0.119918   -0.119868   -0.119818   -0.119767   -0.119719   -0.090963   -0.090897   -0.090830   -0.090764   -0.090697   -0.090630   -0.090566   -0.001709 -999.000000 -999.000000 -999.000000 -999.000000 -999.000000 -999.000000 -999.000000 -999.000000 -999.000000 -999.000000 -999.000000
   -0.120122   -0.120102   -0.120072   -0.120022   -0.119972   -0.119922   -0.119872   -0.119822   -0.119772   -0.119723   -0.090969   -0.090902   -0.090836   -0.090769   -0.090703   -0.090636   -0.090572   -0.002006 -999.000000 -999.000000 -999.000000 -999.000000 -999.000000 -999.000000 -999.000000 -999.000000 -999.000000 -999.000000 -999.000000
   -0.120127   -0.120107   -0.120077   -0.120027   -0.119977   -0.119927   -0.119877   -0.119827   -0.119777   -0.119728   -0.090975   -0.090909   -0.090843   -0.090776   -0.090710   -0.090643   -0.090579   -0.002303 -999.000000 -999.000000 -999.000000 -999.000000 -999.000000 -999.000000 -999.000000 -999.000000 -999.000000 -999.000000 -999.000000
   -0.120132   -0.120112   -0.120082   -0.120032   -0.119983   -0.119933   -0.119883   -0.119832   -0.119782   -0.119734   -0.090983   -0.090917   -0.090850   -0.090784   -0.090718   -0.090651   -0.090587   -0.002599 -999.000000 -999.000000 -999.000000 -999.000000 -999.000000 -999.000000 -999.000000 -999.000000 -999.000000 -999.000000 -999.000000
   -0.120138   -0.120118   -0.120088   -0.120039   -0.119989   -0.119939   -0.119889   -0.119839   -0.119789   -0.119741   -0.090991   -0.090925   -0.090859   -0.090793   -0.090726   -0.090660   -0.090596   -0.002896 -999.000000 -999.000000 -999.000000 -999.000000 -999.000000 -999.000000 -999.000000 -999.000000 -999.000000 -999.000000 -999.000000
   -0.120145   -0.120125   -0.120095   -0.120046   -0.119996   -0.119946   -0.119896   -0.119846   -0.119796   -0.119748   -0.091001   -0.090935   -0.090869   -0.090803   -0.090736   -0.090670   -0.090606   -0.003192 -999.000000 -999.000000 -999.000000 -999.000000 -999.000000 -999.000000 -999.000000 -999.000000 -999.000000 -999.000000 -999.000000
   -0.120153   -0.120133   -0.120103   -0.120053   -0.120004   -0.119954   -0.119904   -0.119854   -0.119804   -0.119756   -0.091011   -0.090945   -0.090879   -0.090813   -0.090747   -0.090681   -0.090617   -0.003489 -999.000000 -999.000000 -999.000000 -999.000000 -999.000000 -999.000000 -999.000000 -999.000000 -999.000000 -999.000000 -999.000000
   -0.120161   -0.120141   -0.120111   -0.120062   -0.120012   -0.119962   -0.119912   -0.119863   -0.119813   -0.119764   -0.091023   -0.090957   -0.090891   -0.090825   -0.090759   -0.090692   -0.090629   -0.003785 -999.000000 -999.000000 -999.000000 -999.000000 -999.000000 -999.000000 -999.000000 -999.000000 -999.000000 -999.000000 -999.000000
   -0.120170   -0.120150   -0.120121   -0.120071   -0.120021   -0.119972   -0.119922   -0.119872   -0.119822   -0.119774   -0.091035   -0.090969   -0.090904   -0.090838   -0.090771   -0.090705   -0.090641   -0.004082   -0.000679 -999.000000 -999.000000 -999.000000 -999.000000 -999.000000 -999.000000 -999.000000 -999.000000 -999.000000 -999.000000
   -0.120180   -0.120160   -0.120130   -0.120081   -0.120031   -0.119982   -0.119932   -0.119882   -0.119832   -0.119784   -0.091049   -0.090983   -0.090917   -0.090851   -0.090785   -0.090719   -0.090655   -0.004379   -0.001427 -999.000000 -999.000000 -999.000000 -999.000000 -999.000000 -999.000000 -999.000000 -999.000000 -999.000000 -999.000000
   -0.120190   -0.120171   -0.120141   -0.120091   -0.120042   -0.119992   -0.119943   -0.119893   -0.119843   -0.119795   -0.091063   -0.090997   -0.090932   -0.090866   -0.090800   -0.090734   -0.090670   -0.004675   -0.002045 -999.000000 -999.000000 -999.000000 -999.000000 -999.000000 -999.000000 -999.000000 -999.000000 -999.000000 -999.000000
   -0.120214   -0.120194   -0.120164   -0.120115   -0.120065   -0.120016   -0.119966   -0.119916   -0.119867   -0.119819   -0.091094   -0.091029   -0.090963   -0.090898   -0.090832   -0.090766   -0.090703   -0.005268   -0.003068 -999.000000 -999.000000 -999.000000 -999.000000 -999.000000 -999.000000 -999.000000 -999.000000 -999.000000 -999.000000
   -0.120240   -0.120220   -0.120190   -0.120141   -0.120092   -0.120042   -0.119993   -0.119943   -0.119893   -0.119846   -0.091130   -0.091064   -0.090999   -0.090934   -0.090868   -0.090802   -0.090739   -0.005861   -0.003941   -0.001224 -999.000000 -999.000000 -999.000000 -999.000000 -999.000000 -999.000000 -999.000000 -999.000000 -999.000000
   -0.120269   -0.120249   -0.120219   -0.120170   -0.120121   -0.120072   -0.120022   -0.119973   -0.119923   -0.119875   -0.091169   -0.091104   -0.091039   -0.090973   -0.090908   -0.090842   -0.090779   -0.006453   -0.004756   -0.002587 -999.000000 -999.000000 -999.000000 -999.000000 -999.000000 -999.000000 -999.000000 -999.000000 -999.000000
   -0.120300   -0.120281   -0.120251   -0.120202   -0.120153   -0.120104   -0.120055   -0.120005   -0.119956   -0.119908   -0.091212   -0.091147   -0.091082   -0.091017   -0.090951   -0.090886   -0.090823   -0.007046   -0.005523   -0.003668   -0.001120 -999.000000 -999.000000 -999.000000 -999.000000 -999.000000 -999.000000 -999.000000 -999.000000
   -0.120335   -0.120316   -0.120286   -0.120237   -0.120188   -0.120139   -0.120090   -0.120040   -0.119991   -0.119944   -0.091259   -0.091194   -0.091129   -0.091064   -0.090999   -0.090934   -0.090871   -0.007638   -0.006251   -0.004621   -0.002607 -999.000000 -999.000000 -999.000000 -999.000000 -999.000000 -999.000000 -999.000000 -999.000000
   -0.120373   -0.120353   -0.120324   -0.120275   -0.120226   -0.120177   -0.120128   -0.120079   -0.120029   -0.119982   -0.091309   -0.091245   -0.091180   -0.091115   -0.091050   -0.090985   -0.090923   -0.008230   -0.006952   -0.005505   -0.003802 -999.000000 -999.000000 -999.000000 -999.000000 -999.000000 -999.000000 -999.000000 -999.000000
   -0.120413   -0.120394   -0.120364   -0.120316   -0.120267   -0.120218   -0.120169   -0.120120   -0.120071   -0.120023   -0.091363   -0.091299   -0.091235   -0.091170   -0.091105   -0.091041   -0.090978   -0.008822   -0.007640   -0.006332   -0.004830 -999.000000 -999.000000 -999.000000 -999.000000 -999.000000 -999.000000 -999.000000 -999.000000
   -0.120456   -0.120437   -0.120408   -0.120359   -0.120310   -0.120262   -0.120213   -0.120164   -0.120115   -0.120068   -0.091422   -0.091357   -0.091293   -0.091229   -0.091164   -0.091100   -0.091037   -0.009414   -0.008314   -0.007113   -0.005763 -999.000000 -999.000000 -999.000000 -999.000000 -999.000000 -999.000000 -999.000000 -999.000000
   -0.120503   -0.120483   -0.120454   -0.120406   -0.120357   -0.120308   -0.120259   -0.120211   -0.120162   -0.120115   -0.091483   -0.091419   -0.091355   -0.091291   -0.091227   -0.091163   -0.091101   -0.010006   -0.008976   -0.007862   -0.006640 -999.000000 -999.000000 -999.000000 -999.000000 -999.000000 -999.000000 -999.000000 -999.000000
   -0.120552   -0.120532   -0.120503   -0.120455   -0.120406   -0.120358   -0.120309   -0.120260   -0.120212   -0.120165   -0.091549   -0.091485   -0.091421   -0.091357   -0.091293   -0.091229   -0.091167   -0.010598   -0.009630   -0.008592   -0.007471 -999.000000 -999.000000 -999.000000 -999.000000 -999.000000 -999.000000 -999.000000 -999.000000
   -0.120603   -0.120584   -0.120555   -0.120507   -0.120458   -0.120410   -0.120361   -0.120313   -0.120264   -0.120218   -0.091618   -0.091555   -0.091491   -0.091427   -0.091363   -0.091300   -0.091238   -0.011188   -0.010275   -0.009303   -0.008263   -0.000888 -999.000000 -999.000000 -999.000000 -999.000000 -999.000000 -999.000000 -999.000000
   -0.120658   -0.120639   -0.120610   -0.120562   -0.120513   -0.120465   -0.120417   -0.120368   -0.120320   -0.120273   -0.091691   -0.091628   -0.091564   -0.091501   -0.091437   -0.091373   -0.091312   -0.011778   -0.010913   -0.009998   -0.009027   -0.002641 -999.000000 -999.000000 -999.000000 -999.000000 -999.000000 -999.000000 -999.000000
   -0.120715   -0.120696   -0.120667   -0.120619   -0.120571   -0.120523   -0.120475   -0.120426   -0.120378   -0.120331   -0.091768   -0.091704   -0.091641   -0.091578   -0.091515   -0.091451   -0.091390   -0.012366   -0.011545   -0.010684   -0.009776   -0.004077 -999.000000   -0.002021 -999.000000 -999.000000 -999.000000 -999.000000 -999.000000
   -0.120775   -0.120756   -0.120727   -0.120679   -0.120631   -0.120583   -0.120535   -0.120487   -0.120439   -0.120393   -0.091848   -0.091785   -0.091722   -0.091659   -0.091596   -0.091533   -0.091472   -0.012957   -0.012177   -0.011363   -0.010510   -0.005323 -999.000000   -0.006730 -999.000000 -999.000000 -999.000000 -999.000000 -999.000000
   -0.120838   -0.120819   -0.120791   -0.120743   -0.120695   -0.120647   -0.120599   -0.120551   -0.120503   -0.120457   -0.091932   -0.091870   -0.091807   -0.091744   -0.091681   -0.091618   -0.091558   -0.013550   -0.012808   -0.012037   -0.011231   -0.006439 -999.000000   -0.011354   -0.000263 -999.000000 -999.000000 -999.000000 -999.000000
   -0.120905   -0.120886   -0.120857   -0.120810   -0.120762   -0.120714   -0.120666   -0.120619   -0.120571   -0.120525   -0.092021   -0.091958   -0.091896   -0.091833   -0.091771   -0.091708   -0.091648   -0.014146   -0.013438   -0.012702   -0.011935   -0.007459   -0.000748   -0.015893   -0.007341 -999.000000 -999.000000 -999.000000 -999.000000
   -0.120974   -0.120955   -0.120927   -0.120879   -0.120832   -0.120784   -0.120737   -0.120689   -0.120641   -0.120595   -0.092113   -0.092051   -0.091989   -0.091926   -0.091864   -0.091802   -0.091741   -0.014741   -0.014060   -0.013354   -0.012621   -0.008403   -0.002618   -0.020346   -0.013584   -0.005960 -999.000000 -999.000000 -999.000000
   -0.121046   -0.121027   -0.120998   -0.120951   -0.120904   -0.120856   -0.120809   -0.120761   -0.120713   -0.120668   -0.092208   -0.092146   -0.092084   -0.092022   -0.091960   -0.091897   -0.091838   -0.015328   -0.014672   -0.013993   -0.013290   -0.009296   -0.027487   -0.024711   -0.019216   -0.011588 -999.000000 -999.000000 -999.000000
   -0.121119   -0.121100   -0.121072   -0.121025   -0.120977   -0.120930   -0.120883   -0.120835   -0.120788   -0.120742   -0.092305   -0.092244   -0.092182   -0.092120   -0.092058   -0.091996   -0.091936   -0.015907   -0.015273   -0.014620   -0.013944   -0.029912   -0.031061   -0.028989   -0.024376   -0.016362   -0.004606 -999.000000 -999.000000
   -0.121194   -0.121175   -0.121147   -0.121100   -0.121053   -0.121006   -0.120958   -0.120911   -0.120863   -0.120818   -0.092405   -0.092343   -0.092282   -0.092220   -0.092158   -0.092096   -0.092037   -0.016479   -0.015866   -0.015235   -0.014584   -0.033560   -0.034761   -0.033179   -0.028760   -0.020574   -0.010189 -999.000000 -999.000000
   -0.121271   -0.121252   -0.121224   -0.121177   -0.121130   -0.121083   -0.121035   -0.120988   -0.120941   -0.120895   -0.092506   -0.092445   -0.092383   -0.097304   -0.097285   -0.097266   -0.097247   -0.035470   -0.035702   -0.035936   -0.036171   -0.037370   -0.038601   -0.037255   -0.032379   -0.024378   -0.014876   -0.002904 -999.000000
   -0.125934   -0.125926   -0.125916   -0.125898   -0.125880   -0.125862   -0.125844   -0.125826   -0.125809   -0.125792   -0.098821   -0.098808   -0.098795   -0.098782   -0.098769   -0.098757   -0.098745   -0.039393   -0.039637   -0.039882   -0.040128   -0.041366   -0.042597   -0.040703   -0.035523   -0.027854   -0.018987   -0.008410 -999.000000
   -0.127224   -0.127218   -0.127211   -0.127198   -0.127185   -0.127172   -0.127159   -0.127147   -0.127134   -0.127122   -0.100509   -0.100504   -0.100498   -0.100493   -0.100488   -0.100484   -0.100480   -0.043559   -0.043814   -0.044068   -0.044323   -0.045517   -0.046236   -0.043604   -0.038335   -0.031034   -0.022686   -0.013145   -0.001843
   -0.128734   -0.128731   -0.128727   -0.128719   -0.128711   -0.128702   -0.128693   -0.128684   -0.128675   -0.128666   -0.102454   -0.102452   -0.102449   -0.102445   -0.102441   -0.102436   -0.102432   -0.047890   -0.048058   -0.048206   -0.048338   -0.048812   -0.049077   -0.046149   -0.040937   -0.033975   -0.026071   -0.017356   -0.007551
   -0.130088   -0.130082   -0.130072   -0.130056   -0.130040   -0.130024   -0.130008   -0.129991   -0.129975   -0.129959   -0.104074   -0.104060   -0.104045   -0.104031   -0.104017   -0.104002   -0.103988   -0.051134   -0.051190   -0.051239   -0.051283   -0.051427   -0.051476   -0.048469   -0.043401   -0.036720   -0.029216   -0.021177 -999.000000
   -0.131147   -0.131139   -0.131128   -0.131109   -0.131090   -0.131071   -0.131052   -0.131033   -0.131014   -0.130995   -0.105364   -0.105346   -0.105327   -0.105309   -0.105290   -0.105271   -0.105253   -0.053659   -0.053668   -0.053673   -0.053676   -0.053659   -0.053625   -0.050676   -0.045744   -0.039301   -0.032190   -0.024695 -999.000000
   -0.132061   -0.132053   -0.132041   -0.132021   -0.132001   -0.131981   -0.131961   -0.131941   -0.131920   -0.131901   -0.106489   -0.106469   -0.106449   -0.106429   -0.106409   -0.106389   -0.106370   -0.055818   -0.055810   -0.055801   -0.055792   -0.055741   -0.055679   -0.052784   -0.047980   -0.041769   -0.035016   -0.027966 -999.000000
   -0.132931   -0.132924   -0.132912   -0.132892   -0.132873   -0.132853   -0.132833   -0.132814   -0.132794   -0.132775   -0.107570   -0.107550   -0.107530   -0.107511   -0.107491   -0.107472   -0.107453   -0.057855   -0.057842   -0.057828   -0.057814   -0.057737   -0.057651   -0.054803   -0.050133   -0.044156   -0.037712 -999.000000 -999.000000
   -0.133790   -0.133782   -0.133771   -0.133752   -0.133732   -0.133713   -0.133694   -0.133675   -0.133656   -0.133637   -0.108632   -0.108612   -0.108593   -0.108574   -0.108555   -0.108535   -0.108517   -0.059808   -0.059790   -0.059772   -0.059753   -0.059655   -0.059548   -0.056756   -0.052229   -0.046466 -999.000000 -999.000000 -999.000000
   -0.134636   -0.134628   -0.134617   -0.134599   -0.134580   -0.134561   -0.134542   -0.134523   -0.134505   -0.134487   -0.109675   -0.109656   -0.109637   -0.109618   -0.109599   -0.109581   -0.109562   -0.061685   -0.061663   -0.061641   -0.061619   -0.061507   -0.061392   -0.058666   -0.054271   -0.048705 -999.000000 -999.000000 -999.000000
   -0.135473   -0.135466   -0.135455   -0.135437   -0.135418   -0.135400   -0.135382   -0.135364   -0.135346   -0.135328   -0.110705   -0.110687   -0.110669   -0.110651   -0.110632   -0.110614   -0.110597   -0.063504   -0.063481   -0.063457   -0.063434   -0.063316   -0.063196   -0.060535   -0.056261 -999.000000 -999.000000 -999.000000 -999.000000
   -0.136309   -0.136302   -0.136291   -0.136274   -0.136256   -0.136239   -0.136221   -0.136203   -0.136186   -0.136169   -0.111731   -0.111714   -0.111696   -0.111679   -0.111661   -0.111644   -0.111627   -0.065281   -0.065257   -0.065233   -0.065209   -0.065087   -0.064963 -999.000000 -999.000000 -999.000000 -999.000000 -999.000000 -999.000000
   -0.137143   -0.137137   -0.137126   -0.137109   -0.137093   -0.137076   -0.137059   -0.137042   -0.137024   -0.137008   -0.112753   -0.112736   -0.112719   -0.112702   -0.112685   -0.112668   -0.112652   -0.067019   -0.066994   -0.066969   -0.066944 -999.000000 -999.000000 -999.000000 -999.000000 -999.000000 -999.000000 -999.000000 -999.000000
#
# iasp91 travel-time table for PnPn
#
