#
# iasp91 travel-time table for PnS
#
# number of distance and depth samples
41 29
# delta samples
53.000 54.000 55.000 56.000 57.000 58.000 59.000 60.000 61.000 62.000 63.000 64.000 65.000 66.000 67.000 68.000 69.000 70.000 71.000 72.000 73.000 74.000 75.000 76.000 77.000 
78.000 79.000 80.000 81.000 82.000 83.000 84.000 85.000 86.000 87.000 88.000 89.000 90.000 91.000 92.000 93.000 
# depth samples
    0.000000    1.000000    2.500000    5.000000    7.500000   10.000000   12.500000   15.000000   17.500000   19.900000   20.000000   22.500000   25.000000   27.500000   30.000000   32.500000   34.900000   35.000000   40.000000   45.000000   50.000000   75.000000  100.000000  150.000000  200.000000  250.000000  300.000000  350.000000  400.000000
#
# travel times (rows - delta, columns - depth)
#
 1017.527039 1017.406921 1017.226807 1016.926697 1016.626770 1016.326904 1016.027222 1015.727600 1015.428162 1015.140808 1015.128845 1014.901550 1014.674438 1014.447449 1014.220642 1013.994019 1013.776611 1013.767578 -999.000000 -999.000000 -999.000000 -999.000000 -999.000000 -999.000000 -999.000000 -999.000000 -999.000000 -999.000000 -999.000000
 1031.280762 1031.160645 1030.980469 1030.680420 1030.380371 1030.080566 1029.780884 1029.481201 1029.181763 1028.894287 1028.882446 1028.655029 1028.427856 1028.200928 1027.973999 1027.747314 1027.529907 1027.520874 -999.000000 -999.000000 -999.000000 -999.000000 -999.000000 -999.000000 -999.000000 -999.000000 -999.000000 -999.000000 -999.000000
 1045.032959 1044.912720 1044.732666 1044.432495 1044.132446 1043.832520 1043.532715 1043.233032 1042.933472 1042.645996 1042.634155 1042.406616 1042.179443 1041.952393 1041.725464 1041.498657 1041.281128 1041.272095 1041.261963 -999.000000 -999.000000 -999.000000 -999.000000 -999.000000 -999.000000 -999.000000 -999.000000 -999.000000 -999.000000
 1058.782227 1058.662109 1058.481934 1058.181641 1057.881470 1057.581543 1057.281616 1056.981934 1056.682251 1056.394775 1056.382812 1056.155273 1055.927856 1055.700684 1055.473633 1055.246826 1055.029175 1055.020142 1055.002930 1054.994019 -999.000000 -999.000000 -999.000000 -999.000000 -999.000000 -999.000000 -999.000000 -999.000000 -999.000000
 1072.527710 1072.407471 1072.227173 1071.926880 1071.626587 1071.326538 1071.026611 1070.726685 1070.427002 1070.139282 1070.127319 1069.899658 1069.672241 1069.444824 1069.217651 1068.990723 1068.772827 1068.763794 1068.740112 1068.722900 1068.712769 -999.000000 -999.000000 -999.000000 -999.000000 -999.000000 -999.000000 -999.000000 -999.000000
 1086.268066 1086.147827 1085.967529 1085.666992 1085.366699 1085.066406 1084.766357 1084.466309 1084.166504 1083.878662 1083.866699 1083.638916 1083.411255 1083.183716 1082.956299 1082.729126 1082.511108 1082.502075 1082.472290 1082.447754 1082.429199 -999.000000 -999.000000 -999.000000 -999.000000 -999.000000 -999.000000 -999.000000 -999.000000
 1100.002441 1099.882080 1099.701660 1099.401001 1099.100464 1098.800171 1098.499878 1098.199707 1097.899658 1097.611816 1097.599854 1097.371704 1097.143921 1096.916138 1096.688599 1096.461182 1096.243042 1096.233887 1096.197998 1096.167114 1096.140991 -999.000000 -999.000000 -999.000000 -999.000000 -999.000000 -999.000000 -999.000000 -999.000000
 1113.729614 1113.609253 1113.428711 1113.127930 1112.827148 1112.526611 1112.226196 1111.925903 1111.625610 1111.337646 1111.325562 1111.097290 1110.869141 1110.641235 1110.413330 1110.185669 1109.967285 1109.958252 1109.916626 1109.879395 1109.846191 1109.748291 -999.000000 -999.000000 -999.000000 -999.000000 -999.000000 -999.000000 -999.000000
 1127.448730 1127.328247 1127.147583 1126.846558 1126.545654 1126.244995 1125.944336 1125.643799 1125.343384 1125.055054 1125.043091 1124.814575 1124.586182 1124.357910 1124.129761 1123.901855 1123.683228 1123.674072 1123.626831 1123.583374 1123.543579 1123.404907 -999.000000 -999.000000 -999.000000 -999.000000 -999.000000 -999.000000 -999.000000
 1141.158691 1141.038208 1140.857422 1140.556152 1140.255005 1139.954102 1139.653198 1139.352417 1139.051758 1138.763306 1138.751343 1138.522461 1138.293701 1138.065186 1137.836792 1137.608521 1137.389526 1137.380493 1137.327637 1137.278198 1137.232056 1137.055908 1136.978760 -999.000000 -999.000000 -999.000000 -999.000000 -999.000000 -999.000000
 1154.858643 1154.737915 1154.557007 1154.255493 1153.954224 1153.652954 1153.351807 1153.050781 1152.749878 1152.461182 1152.449219 1152.219971 1151.990967 1151.762085 1151.533325 1151.304810 1151.085449 1151.076416 1151.018066 1150.962769 1150.910522 1150.699463 1150.577148 1150.371094 -999.000000 -999.000000 -999.000000 -999.000000 -999.000000
 1168.547363 1168.426636 1168.245483 1167.943726 1167.642090 1167.340698 1167.039307 1166.738037 1166.436890 1166.147827 1166.135864 1165.906250 1165.676880 1165.447632 1165.218506 1164.989624 1164.770020 1164.760864 1164.697144 1164.636108 1164.578125 1164.334106 1164.170410 1163.712646 -999.000000 -999.000000 -999.000000 -999.000000 -999.000000
 1182.224121 1182.103271 1181.921997 1181.619995 1181.318115 1181.016357 1180.714600 1180.413086 1180.111694 1179.822388 1179.810303 1179.580444 1179.350708 1179.120972 1178.891602 1178.662231 1178.442261 1178.433105 1178.364136 1178.297729 1178.234009 1177.958618 1177.756104 1177.026611 -999.000000 -999.000000 -999.000000 -999.000000 -999.000000
 1195.888306 1195.767334 1195.585815 1195.283569 1194.981323 1194.679199 1194.377197 1194.075439 1193.773682 1193.484131 1193.472046 1193.241699 1193.011597 1192.781494 1192.551636 1192.321899 1192.101562 1192.092407 1192.018188 1191.946533 1191.877441 1191.571533 1191.265991 1190.304565 -999.000000 -999.000000 -999.000000 -999.000000 -999.000000
 1209.538940 1209.417847 1209.236206 1208.933594 1208.631104 1208.328735 1208.026367 1207.724243 1207.422119 1207.132324 1207.120239 1206.889526 1206.658936 1206.428467 1206.198120 1205.968018 1205.747192 1205.738037 1205.658813 1205.581909 1205.507568 1205.171509 1204.642334 1203.542114 1203.018555 -999.000000 -999.000000 -999.000000 -999.000000
 1223.175659 1223.054443 1222.872559 1222.569580 1222.266724 1221.963989 1221.661377 1221.358887 1221.056519 1220.766357 1220.754272 1220.523071 1220.292114 1220.061157 1219.830444 1219.599854 1219.378662 1219.369507 1219.285278 1219.203247 1219.123413 1218.617798 1217.960815 1216.736328 1216.029419 -999.000000 -999.000000 -999.000000 -999.000000
 1236.797607 1236.676270 1236.494141 1236.190918 1235.887695 1235.584595 1235.281616 1234.978760 1234.676025 1234.385498 1234.373413 1234.141724 1233.910278 1233.678955 1233.447754 1233.216675 1232.994995 1232.985718 1232.896362 1232.796997 1232.654785 1231.939575 1231.222168 1229.884033 1229.009277 -999.000000 -999.000000 -999.000000 -999.000000
 1250.348389 1250.224609 1250.039062 1249.729736 1249.420532 1249.111328 1248.802368 1248.493286 1248.184448 1247.887939 1247.875610 1247.635864 1247.396240 1247.156738 1246.917236 1246.677979 1246.448242 1246.438721 1246.283936 1246.129028 1245.973999 1245.198853 1244.427002 1242.978394 1241.939209 -999.000000 -999.000000 -999.000000 -999.000000
 1263.659302 1263.534912 1263.348267 1263.037476 1262.726685 1262.416016 1262.105347 1261.794800 1261.484375 1261.186401 1261.174072 1260.932251 1260.690674 1260.449097 1260.207764 1259.966431 1259.734741 1259.725220 1259.558716 1259.392212 1259.225952 1258.397461 1257.574829 1256.010986 1254.811768 1254.151001 -999.000000 -999.000000 -999.000000
 1276.900391 1276.775391 1276.588013 1276.275635 1275.963379 1275.651245 1275.339233 1275.027222 1274.715332 1274.415894 1274.403442 1274.159912 1273.916382 1273.673096 1273.429810 1273.186523 1272.953247 1272.943481 1272.766602 1272.589966 1272.413574 1271.534790 1270.659058 1268.972534 1267.624512 1266.776489 -999.000000 -999.000000 -999.000000
 1290.074951 1289.949463 1289.761230 1289.447510 1289.133789 1288.820312 1288.506714 1288.193359 1287.880005 1287.579346 1287.566772 1287.321411 1287.076050 1286.830811 1286.585693 1286.340698 1286.105469 1286.095703 1285.908813 1285.722046 1285.535400 1284.603027 1283.669922 1281.858154 1280.375977 1279.364258 -999.000000 -999.000000 -999.000000
 1303.180054 1303.053955 1302.864624 1302.549438 1302.234131 1301.918945 1301.603882 1301.288940 1300.973999 1300.671753 1300.659180 1300.411621 1300.164307 1299.916992 1299.669678 1299.422607 1299.185425 1299.175537 1298.977783 1298.779907 1298.582031 1297.591064 1296.597168 1294.669189 1293.064697 1291.906860 -999.000000 -999.000000 -999.000000
 1316.204590 1316.077759 1315.887451 1315.570312 1315.253296 1314.936279 1314.619385 1314.302490 1313.985718 1313.681641 1313.668945 1313.419067 1313.169312 1312.919556 1312.669922 1312.420288 1312.180786 1312.170898 1311.960938 1311.750977 1311.540894 1310.489990 1309.440063 1307.406982 1305.690063 1304.399292 1303.755371 -999.000000 -999.000000
 1329.135620 1329.008057 1328.816528 1328.497437 1328.178345 1327.859375 1327.540405 1327.221558 1326.902832 1326.596802 1326.584106 1326.331665 1326.079468 1325.827271 1325.575073 1325.322998 1325.081055 1325.071045 1324.849609 1324.628296 1324.407104 1323.302734 1322.202271 1320.072632 1318.251099 1316.837402 1316.013306 -999.000000 -999.000000
 1341.972900 1341.844482 1341.651855 1341.330933 1341.010010 1340.689209 1340.368530 1340.047852 1339.727173 1339.419434 1339.406616 1339.151978 1338.897461 1338.642944 1338.388428 1338.134033 1337.889893 1337.879761 1337.648315 1337.416870 1337.185791 1336.032959 1334.886353 1332.666748 1330.747192 1329.218140 1328.234741 -999.000000 -999.000000
 1354.722168 1354.593018 1354.399414 1354.076782 1353.754150 1353.431641 1353.109131 1352.786743 1352.464478 1352.155029 1352.142212 1351.885376 1351.628662 1351.371948 1351.115356 1350.858887 1350.612671 1350.602417 1350.361694 1350.121216 1349.880981 1348.683960 1347.494385 1345.190063 1343.177124 1341.539062 1340.411865 -999.000000 -999.000000
 1367.387573 1367.257812 1367.063232 1366.739014 1366.414795 1366.090576 1365.766602 1365.442505 1365.118530 1364.807617 1364.794678 1364.535889 1364.277100 1364.018433 1363.759766 1363.501221 1363.253174 1363.242798 1362.993652 1362.744751 1362.496094 1361.257935 1360.028076 1357.642578 1355.540039 1353.798706 1352.539673 1351.888672 -999.000000
 1379.972656 1379.842285 1379.646851 1379.321045 1378.995239 1378.669556 1378.343872 1378.018311 1377.692871 1377.380493 1377.367432 1377.106689 1376.845947 1376.585327 1376.324829 1376.064331 1375.814331 1375.803955 1375.546875 1375.290039 1375.033691 1373.756470 1372.487793 1370.023682 1367.835205 1365.995483 1364.614136 1363.788086 -999.000000
 1392.479614 1392.348633 1392.152222 1391.824829 1391.497559 1391.170410 1390.843262 1390.516235 1390.189209 1389.875244 1389.862305 1389.599609 1389.337036 1389.074463 1388.812012 1388.549683 1388.297852 1388.287476 1388.022705 1387.758423 1387.494385 1386.179565 1384.873291 1382.333130 1380.061890 1378.128296 1376.632080 1375.650635 -999.000000
 1404.908569 1404.777100 1404.579712 1404.250854 1403.922119 1403.593384 1403.264771 1402.936279 1402.607666 1402.292358 1402.279297 1402.014771 1401.750366 1401.485962 1401.221680 1400.957397 1400.703857 1400.693237 1400.421265 1400.149658 1399.878296 1398.526855 1397.184326 1394.570801 1392.219727 1390.195923 1388.590820 1387.469238 1386.975586
 1417.259766 1417.127563 1416.929321 1416.598999 1416.268799 1415.938599 1415.608521 1415.278442 1414.948486 1414.631714 1414.618530 1414.352173 1414.085938 1413.819702 1413.553589 1413.287476 1413.032104 1413.021484 1412.742432 1412.463623 1412.185303 1410.798584 1409.420898 1406.736206 1404.307983 1402.197144 1400.488647 1399.239014 1398.553711
 1429.533081 1429.400269 1429.201294 1428.869507 1428.537720 1428.206177 1427.874512 1427.543091 1427.211670 1426.893433 1426.880249 1426.612061 1426.343994 1426.075928 1425.807983 1425.540039 1425.282959 1425.272339 1424.986328 1424.700806 1424.415527 1422.994751 1421.583008 1418.829224 1416.325806 1414.130859 1412.324585 1410.956421 1410.102295
 1441.728882 1441.595459 1441.395630 1441.062378 1440.729248 1440.396118 1440.063110 1439.730225 1439.397339 1439.077759 1439.064453 1438.794556 1438.524658 1438.254883 1437.985107 1437.715454 1437.456665 1437.445923 1437.153320 1436.861084 1436.569214 1435.115234 1433.670410 1430.849121 1428.272583 1425.996704 1424.097900 1422.617554 -999.000000
 1453.847168 1453.713257 1453.512451 1453.177856 1452.843384 1452.508789 1452.174438 1451.839966 1451.505737 1451.184814 1451.171509 1450.899780 1450.628052 1450.356567 1450.084961 1449.813599 1449.553101 1449.542236 1449.243164 1448.944458 1448.646240 1447.159912 1445.682617 1442.795288 1440.147949 1437.794800 1435.807861 1434.218384 -999.000000
 1465.887939 1465.753418 1465.551758 1465.215698 1464.879761 1464.543823 1464.208008 1463.872192 1463.536499 1463.214233 1463.200806 1462.927368 1462.653931 1462.380615 1462.107422 1461.834229 1461.572021 1461.561157 1461.255737 1460.950684 1460.646118 1459.128174 1457.619141 1454.667847 1451.952515 1449.525146 1447.451660 -999.000000 -999.000000
 1477.850464 1477.715576 1477.513062 1477.175537 1476.838257 1476.500854 1476.163574 1475.826416 1475.489258 1475.165649 1475.152222 1474.876953 1474.601929 1474.326782 1474.051880 1473.776855 1473.513062 1473.502075 1473.190552 1472.879395 1472.568604 1471.019897 1469.480347 1466.467407 1463.686401 1461.186035 1459.026001 -999.000000 -999.000000
 1489.735229 1489.599609 1489.396240 1489.057495 1488.718750 1488.380005 1488.041382 1487.702759 1487.364258 1487.039307 1487.025757 1486.748901 1486.472046 1486.195312 1485.918701 1485.642090 1485.376587 1485.365601 1485.048096 1484.730957 1484.414307 1482.836060 1481.266846 1478.194336 1475.348511 1472.774170 -999.000000 -999.000000 -999.000000
 1501.542725 1501.406616 1501.202515 1500.862305 1500.522217 1500.182251 1499.842163 1499.502319 1499.162354 1498.836182 1498.822632 1498.544067 1498.265625 1497.987183 1497.708862 1497.430542 1497.163452 1497.152466 1496.829224 1496.506470 1496.183960 1494.577148 1492.979248 1489.847168 1486.935181 -999.000000 -999.000000 -999.000000 -999.000000
 1513.274048 1513.137451 1512.932495 1512.591064 1512.249634 1511.908203 1511.566895 1511.225586 1510.884399 1510.556885 1510.543335 1510.263062 1509.983032 1509.703003 1509.422974 1509.143066 1508.874390 1508.863281 1508.534424 1508.206055 1507.877930 1506.242432 1504.615356 1501.422119 -999.000000 -999.000000 -999.000000 -999.000000 -999.000000
 1524.927734 1524.790649 1524.584839 1524.241943 1523.899170 1523.556396 1523.213745 1522.871094 1522.528442 1522.199707 1522.185913 1521.904053 1521.622314 1521.340576 1521.058960 1520.777344 1520.507080 1520.495850 1520.161255 1519.827026 1519.493042 1517.828125 -999.000000 -999.000000 -999.000000 -999.000000 -999.000000 -999.000000 -999.000000
 1536.500000 1536.362183 1536.155640 1535.811279 1535.467041 1535.122925 1534.778809 -999.000000 -999.000000 -999.000000 -999.000000 -999.000000 -999.000000 -999.000000 -999.000000 -999.000000 -999.000000 -999.000000 -999.000000 -999.000000 -999.000000 -999.000000 -999.000000 -999.000000 -999.000000 -999.000000 -999.000000 -999.000000 -999.000000
#
# dtdd (rows - delta, columns - depth)
#
   13.754164   13.754160   13.754154   13.754144   13.754132   13.754120   13.754107   13.754094   13.754080   13.754066   13.754066   13.754045   13.754024   13.754001   13.753977   13.753952   13.753926   13.753926 -999.000000 -999.000000 -999.000000 -999.000000 -999.000000 -999.000000 -999.000000 -999.000000 -999.000000 -999.000000 -999.000000
   13.753143   13.753128   13.753105   13.753067   13.753028   13.752988   13.752947   13.752906   13.752864   13.752823   13.752821   13.752764   13.752706   13.752645   13.752585   13.752523   13.752462   13.752465 -999.000000 -999.000000 -999.000000 -999.000000 -999.000000 -999.000000 -999.000000 -999.000000 -999.000000 -999.000000 -999.000000
   13.750937   13.750910   13.750872   13.750806   13.750739   13.750672   13.750605   13.750536   13.750467   13.750401   13.750398   13.750304   13.750210   13.750114   13.750018   13.749921   13.749825   13.749821   13.742077 -999.000000 -999.000000 -999.000000 -999.000000 -999.000000 -999.000000 -999.000000 -999.000000 -999.000000 -999.000000
   13.747576   13.747540   13.747484   13.747393   13.747300   13.747207   13.747112   13.747018   13.746922   13.746830   13.746826   13.746698   13.746570   13.746439   13.746308   13.746176   13.746047   13.746024   13.739402   13.730178 -999.000000 -999.000000 -999.000000 -999.000000 -999.000000 -999.000000 -999.000000 -999.000000 -999.000000
   13.743096   13.743050   13.742980   13.742863   13.742744   13.742626   13.742506   13.742386   13.742266   13.742148   13.742144   13.741983   13.741821   13.741657   13.741492   13.741326   13.741166   13.741156   13.734870   13.727198   13.717993 -999.000000 -999.000000 -999.000000 -999.000000 -999.000000 -999.000000 -999.000000 -999.000000
   13.737539   13.737483   13.737398   13.737256   13.737114   13.736971   13.736827   13.736683   13.736538   13.736398   13.736392   13.736198   13.736004   13.735808   13.735612   13.735414   13.735223   13.735221   13.729089   13.722373   13.714451 -999.000000 -999.000000 -999.000000 -999.000000 -999.000000 -999.000000 -999.000000 -999.000000
   13.730939   13.730874   13.730775   13.730610   13.730444   13.730277   13.730110   13.729942   13.729774   13.729610   13.729604   13.729380   13.729155   13.728928   13.728700   13.728471   13.728251   13.728251   13.722368   13.716021   13.708755 -999.000000 -999.000000 -999.000000 -999.000000 -999.000000 -999.000000 -999.000000 -999.000000
   13.723330   13.723255   13.723143   13.722954   13.722766   13.722576   13.722385   13.722195   13.722003   13.721818   13.721810   13.721556   13.721300   13.721044   13.720785   13.720526   13.720275   13.720270   13.714576   13.708349   13.701503   13.658451 -999.000000 -999.000000 -999.000000 -999.000000 -999.000000 -999.000000 -999.000000
   13.714712   13.714628   13.714502   13.714292   13.714079   13.713866   13.713654   13.713439   13.713224   13.713017   13.713008   13.712724   13.712438   13.712151   13.711863   13.711573   13.711293   13.711281   13.705690   13.699553   13.693055   13.654185 -999.000000 -999.000000 -999.000000 -999.000000 -999.000000 -999.000000 -999.000000
   13.705092   13.705000   13.704860   13.704626   13.704391   13.704157   13.703920   13.703684   13.703446   13.703218   13.703208   13.702893   13.702578   13.702261   13.701943   13.701623   13.701315   13.701300   13.695774   13.689786   13.683632   13.647574   13.599832 -999.000000 -999.000000 -999.000000 -999.000000 -999.000000 -999.000000
   13.694487   13.694385   13.694231   13.693975   13.693719   13.693461   13.693204   13.692945   13.692685   13.692434   13.692424   13.692081   13.691736   13.691391   13.691044   13.690695   13.690359   13.690342   13.684884   13.679133   13.673221   13.639285   13.596257   13.349656 -999.000000 -999.000000 -999.000000 -999.000000 -999.000000
   13.682925   13.682816   13.682651   13.682375   13.682099   13.681823   13.681545   13.681267   13.680987   13.680719   13.680708   13.680340   13.679972   13.679602   13.679230   13.678858   13.678499   13.678483   13.673150   13.667613   13.661895   13.629717   13.589879   13.329804 -999.000000 -999.000000 -999.000000 -999.000000 -999.000000
   13.670578   13.670462   13.670287   13.669995   13.669703   13.669411   13.669117   13.668822   13.668527   13.668243   13.668231   13.667843   13.667453   13.667062   13.666670   13.666277   13.665898   13.665882   13.660661   13.655296   13.649743   13.619015   13.581079   13.296955 -999.000000 -999.000000 -999.000000 -999.000000 -999.000000
   13.657521   13.657399   13.657215   13.656908   13.656601   13.656293   13.655984   13.655674   13.655364   13.655066   13.655053   13.654645   13.654236   13.653826   13.653414   13.653002   13.652604   13.652589   13.647469   13.642246   13.636843   13.606735   13.406491   13.258336 -999.000000 -999.000000 -999.000000 -999.000000 -999.000000
   13.643795   13.643667   13.643475   13.643153   13.642832   13.642509   13.642186   13.641863   13.641539   13.641227   13.641213   13.640787   13.640360   13.639932   13.639502   13.639071   13.638657   13.638640   13.633623   13.628518   13.623249   13.592805   13.347242   13.216247   13.018930 -999.000000 -999.000000 -999.000000 -999.000000
   13.629436   13.629303   13.629103   13.628769   13.628434   13.628098   13.627762   13.627425   13.627088   13.626762   13.626749   13.626306   13.625861   13.625416   13.624969   13.624520   13.624088   13.624070   13.619065   13.613824   13.608317   13.353683   13.289785   13.171768   12.999033 -999.000000 -999.000000 -999.000000 -999.000000
   13.614157   13.614010   13.613789   13.613420   13.613049   13.612677   13.612304   13.611928   13.611551   13.611189   13.611174   13.610678   13.610179   13.609678   13.609175   13.608668   13.608180   13.608160   13.602828   13.367943   13.354030   13.290197   13.233021   13.122390   12.957188 -999.000000 -999.000000 -999.000000 -999.000000
   13.347206   13.346556   13.345579   13.343954   13.342331   13.340710   13.339090   13.337472   13.335856   13.334307   13.334242   13.332166   13.330092   13.328023   13.325956   13.323894   13.321916   13.321834   13.309258   13.297002   13.285034   13.228713   13.176776   13.064974   12.901746 -999.000000 -999.000000 -999.000000 -999.000000
   13.275278   13.274677   13.273777   13.272277   13.270778   13.269279   13.267781   13.266284   13.264788   13.263351   13.263291   13.261373   13.259456   13.257541   13.255627   13.253715   13.251880   13.251804   13.240821   13.230034   13.219428   13.168657   13.117430   12.998635   12.843028   12.640182 -999.000000 -999.000000 -999.000000
   13.207498   13.206932   13.206084   13.204670   13.203257   13.201843   13.200431   13.199018   13.197605   13.196249   13.196193   13.194386   13.192579   13.190774   13.188970   13.187165   13.185434   13.185363   13.175524   13.165740   13.155837   13.104365   13.049418   12.923446   12.782329   12.608238 -999.000000 -999.000000 -999.000000
   13.141335   13.140750   13.139870   13.138398   13.136922   13.135439   13.133951   13.132459   13.130960   13.129516   13.129456   13.127527   13.125591   13.123646   13.121692   13.119729   13.117837   13.117758   13.107343   13.096786   13.086083   13.030294   12.970478   12.848098   12.720260   12.566203 -999.000000 -999.000000 -999.000000
   13.066939   13.066268   13.065258   13.063569   13.061873   13.060172   13.058463   13.056747   13.055024   13.053365   13.053295   13.051085   13.048864   13.046633   13.044391   13.042137   13.039964   13.039873   13.028446   13.016851   13.005082   12.943713   12.884399   12.774242   12.657172   12.518270 -999.000000 -999.000000 -999.000000
   12.979744   12.978957   12.977774   12.975795   12.973806   12.971809   12.969804   12.967790   12.965766   12.963815   12.963734   12.961144   12.958541   12.955923   12.953298   12.950677   12.948167   12.948063   12.935729   12.923624   12.911734   12.855038   12.802052   12.701535   12.593290   12.465794   12.271971 -999.000000 -999.000000
   12.883019   12.882256   12.881109   12.879201   12.877295   12.875390   12.873487   12.871585   12.869685   12.867863   12.867787   12.865393   12.863002   12.860615   12.858230   12.855848   12.853564   12.853470   12.842701   12.832076   12.821585   12.770915   12.722717   12.629748   12.528728   12.409863   12.241349 -999.000000 -999.000000
   12.792402   12.791695   12.790632   12.788863   12.787096   12.785329   12.783562   12.781796   12.780032   12.778339   12.778269   12.776051   12.773834   12.771620   12.769407   12.767197   12.765077   12.764989   12.755341   12.745787   12.736321   12.690193   12.645741   12.558720   12.463161   12.351210   12.200314 -999.000000 -999.000000
   12.706734   12.706068   12.705070   12.703405   12.701741   12.700079   12.698416   12.696754   12.695091   12.693497   12.693430   12.691346   12.689263   12.687182   12.685102   12.683022   12.681027   12.680944   12.672142   12.663403   12.654724   12.612135   12.570675   12.487945   12.396597   12.290532   12.153191 -999.000000 -999.000000
   12.624802   12.624169   12.623221   12.621641   12.620060   12.618480   12.616899   12.615319   12.613739   12.612223   12.612160   12.610183   12.608208   12.606233   12.604258   12.602284   12.600389   12.600311   12.592168   12.584068   12.576007   12.536201   12.496745   12.416815   12.329159   12.228377   12.101719   11.914124 -999.000000
   12.545818   12.545213   12.544303   12.542787   12.541269   12.539751   12.538232   12.536712   12.535191   12.533730   12.533669   12.531768   12.529866   12.527964   12.526059   12.524155   12.522325   12.522248   12.514538   12.506836   12.499143   12.460792   12.422630   12.345359   12.261046   12.164985   12.046658   11.882490 -999.000000
   12.467957   12.467358   12.466457   12.464957   12.463456   12.461953   12.460450   12.458945   12.457440   12.455995   12.455934   12.454058   12.452181   12.450303   12.448423   12.446544   12.444737   12.444662   12.437208   12.429762   12.422321   12.385222   12.348285   12.273608   12.192364   12.100432   11.988746   11.841566 -999.000000
   12.390068   12.389475   12.388584   12.387099   12.385613   12.384127   12.382639   12.381150   12.379661   12.378229   12.378170   12.376318   12.374465   12.372611   12.370756   12.368900   12.367117   12.367043   12.359831   12.352625   12.345426   12.309539   12.273822   12.201591   12.123145   12.034603   11.928520   11.794874   11.587024
   12.312185   12.311600   12.310719   12.309253   12.307786   12.306317   12.304848   12.303378   12.301907   12.300493   12.300435   12.298611   12.296786   12.294960   12.293134   12.291306   12.289551   12.289477   12.282512   12.275552   12.268599   12.233909   12.199335   12.129317   12.053166   11.967623   11.867013   11.744150   11.565906
   12.234511   12.233933   12.233066   12.231619   12.230172   12.228724   12.227274   12.225824   12.224373   12.222980   12.222921   12.221127   12.219331   12.217534   12.215736   12.213938   12.212210   12.212138   12.205401   12.198669   12.191941   12.158350   12.124804   12.056527   11.982409   11.899800   11.804737   11.689909   11.529336
   12.157063   12.156492   12.155637   12.154209   12.152781   12.151352   12.149922   12.148491   12.147059   12.145684   12.145627   12.143860   12.142091   12.140321   12.138550   12.136778   12.135075   12.135004   12.128468   12.121930   12.115390   12.082660   12.049874   11.983141   11.911026   11.831976   11.741820   11.631587 -999.000000
   12.079591   12.079024   12.078174   12.076756   12.075336   12.073915   12.072494   12.071071   12.069647   12.068279   12.068222   12.066468   12.064713   12.062957   12.061199   12.059441   12.057751   12.057681   12.051292   12.044903   12.038510   12.006511   11.974445   11.909305   11.839904   11.764226   11.677387   11.569639 -999.000000
   12.001729   12.001165   12.000319   11.998909   11.997498   11.996085   11.994672   11.993258   11.991842   11.990482   11.990425   11.988686   11.986944   11.985202   11.983459   11.981714   11.980038   11.979968   11.973722   11.967473   11.961221   11.929934   11.898748   11.835942   11.769198   11.696117   11.609666 -999.000000 -999.000000
   11.923528   11.922970   11.922132   11.920737   11.919341   11.917945   11.916548   11.915150   11.913752   11.912409   11.912353   11.910639   11.908925   11.907210   11.905495   11.903779   11.902131   11.902062   11.896010   11.889963   11.883922   11.853784   11.823755   11.763201   11.698490   11.625112   11.538657 -999.000000 -999.000000
   11.845952   11.845407   11.844590   11.843227   11.841865   11.840501   11.839136   11.837771   11.836406   11.835094   11.835040   11.833369   11.831698   11.830027   11.828355   11.826682   11.825076   11.825009   11.819183   11.813361   11.807543   11.778497   11.749522   11.690423   11.624949   11.550693 -999.000000 -999.000000 -999.000000
   11.769356   11.768824   11.768024   11.766692   11.765359   11.764026   11.762691   11.761357   11.760022   11.758739   11.758686   11.757056   11.755425   11.753794   11.752162   11.750529   11.748961   11.748897   11.743277   11.737659   11.732044   11.703717   11.674818   11.614532   11.547824 -999.000000 -999.000000 -999.000000 -999.000000
   11.693102   11.692566   11.691760   11.690415   11.689069   11.687720   11.686370   11.685018   11.683662   11.682361   11.682306   11.680652   11.678994   11.677335   11.675673   11.674007   11.672406   11.672339   11.666648   11.660934   11.655198   11.626172   11.596564   11.534856 -999.000000 -999.000000 -999.000000 -999.000000 -999.000000
   11.613623   11.613065   11.612226   11.610828   11.609428   11.608026   11.606621   11.605214   11.603806   11.602450   11.602394   11.600677   11.598957   11.597234   11.595509   11.593780   11.592117   11.592049   11.586206   11.580341   11.574453   11.544664 -999.000000 -999.000000 -999.000000 -999.000000 -999.000000 -999.000000 -999.000000
   11.529971   11.529389   11.528517   11.527060   11.525600   11.524139   11.522676 -999.000000 -999.000000 -999.000000 -999.000000 -999.000000 -999.000000 -999.000000 -999.000000 -999.000000 -999.000000 -999.000000 -999.000000 -999.000000 -999.000000 -999.000000 -999.000000 -999.000000 -999.000000 -999.000000 -999.000000 -999.000000 -999.000000
#
# dtdh (rows - delta, columns - depth)
#
   -0.120109   -0.120089   -0.120059   -0.120009   -0.119959   -0.119909   -0.119859   -0.119809   -0.119758   -0.119710   -0.090951   -0.090885   -0.090818   -0.090751   -0.090685   -0.090618   -0.090553   -0.000832 -999.000000 -999.000000 -999.000000 -999.000000 -999.000000 -999.000000 -999.000000 -999.000000 -999.000000 -999.000000 -999.000000
   -0.120119   -0.120099   -0.120069   -0.120019   -0.119970   -0.119920   -0.119870   -0.119820   -0.119770   -0.119722   -0.090966   -0.090900   -0.090834   -0.090768   -0.090702   -0.090635   -0.090572   -0.001995 -999.000000 -999.000000 -999.000000 -999.000000 -999.000000 -999.000000 -999.000000 -999.000000 -999.000000 -999.000000 -999.000000
   -0.120139   -0.120120   -0.120090   -0.120040   -0.119991   -0.119941   -0.119892   -0.119842   -0.119792   -0.119744   -0.090996   -0.090931   -0.090865   -0.090799   -0.090734   -0.090668   -0.090604   -0.003151   -0.000822 -999.000000 -999.000000 -999.000000 -999.000000 -999.000000 -999.000000 -999.000000 -999.000000 -999.000000 -999.000000
   -0.120170   -0.120151   -0.120121   -0.120072   -0.120023   -0.119974   -0.119924   -0.119875   -0.119825   -0.119778   -0.091040   -0.090975   -0.090910   -0.090845   -0.090779   -0.090714   -0.090651   -0.004297   -0.002588   -0.000877 -999.000000 -999.000000 -999.000000 -999.000000 -999.000000 -999.000000 -999.000000 -999.000000 -999.000000
   -0.120212   -0.120192   -0.120163   -0.120114   -0.120065   -0.120016   -0.119967   -0.119918   -0.119869   -0.119821   -0.091098   -0.091033   -0.090968   -0.090904   -0.090839   -0.090774   -0.090712   -0.005423   -0.004110   -0.002735   -0.001230 -999.000000 -999.000000 -999.000000 -999.000000 -999.000000 -999.000000 -999.000000 -999.000000
   -0.120263   -0.120244   -0.120215   -0.120166   -0.120117   -0.120069   -0.120020   -0.119971   -0.119922   -0.119875   -0.091168   -0.091104   -0.091040   -0.090976   -0.090912   -0.090847   -0.090785   -0.006538   -0.005468   -0.004283   -0.003082 -999.000000 -999.000000 -999.000000 -999.000000 -999.000000 -999.000000 -999.000000 -999.000000
   -0.120324   -0.120305   -0.120276   -0.120228   -0.120179   -0.120131   -0.120082   -0.120034   -0.119985   -0.119938   -0.091251   -0.091188   -0.091124   -0.091061   -0.090997   -0.090933   -0.090871   -0.007642   -0.006709   -0.005713   -0.004725 -999.000000 -999.000000 -999.000000 -999.000000 -999.000000 -999.000000 -999.000000 -999.000000
   -0.120394   -0.120375   -0.120346   -0.120298   -0.120250   -0.120202   -0.120154   -0.120106   -0.120057   -0.120011   -0.091347   -0.091284   -0.091221   -0.091157   -0.091094   -0.091031   -0.090970   -0.008735   -0.007907   -0.007064   -0.006218   -0.001473 -999.000000 -999.000000 -999.000000 -999.000000 -999.000000 -999.000000 -999.000000
   -0.120474   -0.120455   -0.120426   -0.120378   -0.120331   -0.120283   -0.120235   -0.120187   -0.120139   -0.120093   -0.091454   -0.091392   -0.091329   -0.091267   -0.091204   -0.091141   -0.091081   -0.009822   -0.009082   -0.008347   -0.007594   -0.003438 -999.000000 -999.000000 -999.000000 -999.000000 -999.000000 -999.000000 -999.000000
   -0.120562   -0.120543   -0.120515   -0.120467   -0.120420   -0.120372   -0.120325   -0.120277   -0.120229   -0.120184   -0.091574   -0.091512   -0.091450   -0.091388   -0.091325   -0.091263   -0.091203   -0.010902   -0.010234   -0.009572   -0.008881   -0.005173   -0.000914 -999.000000 -999.000000 -999.000000 -999.000000 -999.000000 -999.000000
   -0.120660   -0.120641   -0.120613   -0.120566   -0.120518   -0.120471   -0.120424   -0.120377   -0.120329   -0.120284   -0.091705   -0.091644   -0.091582   -0.091520   -0.091459   -0.091397   -0.091338   -0.011975   -0.011364   -0.010749   -0.010113   -0.006745   -0.002992   -0.000874 -999.000000 -999.000000 -999.000000 -999.000000 -999.000000
   -0.120766   -0.120747   -0.120719   -0.120672   -0.120625   -0.120578   -0.120531   -0.120484   -0.120437   -0.120392   -0.091847   -0.091786   -0.091725   -0.091664   -0.091603   -0.091542   -0.091483   -0.013036   -0.012468   -0.011891   -0.011301   -0.008192   -0.004840   -0.006759 -999.000000 -999.000000 -999.000000 -999.000000 -999.000000
   -0.120879   -0.120860   -0.120832   -0.120786   -0.120739   -0.120693   -0.120646   -0.120599   -0.120552   -0.120507   -0.091998   -0.091938   -0.091877   -0.091817   -0.091756   -0.091695   -0.091637   -0.014075   -0.013543   -0.013000   -0.012449   -0.009553   -0.006587   -0.010949 -999.000000 -999.000000 -999.000000 -999.000000 -999.000000
   -0.120998   -0.120980   -0.120952   -0.120906   -0.120859   -0.120813   -0.120767   -0.120720   -0.120674   -0.120629   -0.092157   -0.092097   -0.092037   -0.091977   -0.091917   -0.091857   -0.091799   -0.015093   -0.014591   -0.014079   -0.013561   -0.010906   -0.020898   -0.014383 -999.000000 -999.000000 -999.000000 -999.000000 -999.000000
   -0.121123   -0.121105   -0.121077   -0.121031   -0.120985   -0.120939   -0.120893   -0.120847   -0.120801   -0.120756   -0.092324   -0.092264   -0.092205   -0.092145   -0.092085   -0.092026   -0.091968   -0.016091   -0.015616   -0.015130   -0.014641   -0.012261   -0.023854   -0.017361   -0.001890 -999.000000 -999.000000 -999.000000 -999.000000
   -0.121254   -0.121236   -0.121208   -0.121163   -0.121117   -0.121071   -0.121025   -0.120979   -0.120933   -0.120889   -0.092498   -0.092439   -0.092379   -0.092320   -0.092261   -0.092201   -0.092144   -0.017071   -0.016624   -0.016179   -0.015740   -0.026152   -0.026397   -0.020024   -0.006943 -999.000000 -999.000000 -999.000000 -999.000000
   -0.121393   -0.121375   -0.121347   -0.121302   -0.121257   -0.121212   -0.121166   -0.121121   -0.121075   -0.121032   -0.092684   -0.092626   -0.092568   -0.092509   -0.092451   -0.092393   -0.092336   -0.018079   -0.017679   -0.028390   -0.028479   -0.028706   -0.028679   -0.022607   -0.011909 -999.000000 -999.000000 -999.000000 -999.000000
   -0.123767   -0.123754   -0.123735   -0.123704   -0.123672   -0.123641   -0.123609   -0.123577   -0.123545   -0.123515   -0.095904   -0.095869   -0.095833   -0.095796   -0.095760   -0.095724   -0.095689   -0.030942   -0.030978   -0.031003   -0.031018   -0.030969   -0.030765   -0.025271   -0.016292 -999.000000 -999.000000 -999.000000 -999.000000
   -0.124391   -0.124378   -0.124359   -0.124327   -0.124295   -0.124263   -0.124230   -0.124198   -0.124166   -0.124135   -0.096702   -0.096665   -0.096628   -0.096591   -0.096554   -0.096517   -0.096481   -0.033310   -0.033293   -0.033270   -0.033241   -0.033021   -0.032814   -0.028023   -0.019893   -0.004512 -999.000000 -999.000000 -999.000000
   -0.124973   -0.124960   -0.124941   -0.124909   -0.124876   -0.124844   -0.124812   -0.124779   -0.124747   -0.124715   -0.097446   -0.097409   -0.097371   -0.097334   -0.097296   -0.097259   -0.097223   -0.035401   -0.035351   -0.035300   -0.035253   -0.035075   -0.035004   -0.030832   -0.023018   -0.009541 -999.000000 -999.000000 -999.000000
   -0.125536   -0.125524   -0.125505   -0.125474   -0.125442   -0.125411   -0.125380   -0.125349   -0.125317   -0.125287   -0.098177   -0.098142   -0.098107   -0.098071   -0.098036   -0.098001   -0.097967   -0.037398   -0.037370   -0.037345   -0.037325   -0.037290   -0.037373   -0.033397   -0.025812   -0.013555 -999.000000 -999.000000 -999.000000
   -0.126163   -0.126151   -0.126134   -0.126105   -0.126076   -0.126047   -0.126018   -0.125990   -0.125961   -0.125933   -0.099000   -0.098969   -0.098937   -0.098906   -0.098875   -0.098844   -0.098814   -0.039563   -0.039565   -0.039571   -0.039583   -0.039709   -0.039781   -0.035719   -0.028360   -0.017003 -999.000000 -999.000000 -999.000000
   -0.126889   -0.126878   -0.126863   -0.126837   -0.126811   -0.126785   -0.126760   -0.126734   -0.126708   -0.126684   -0.099953   -0.099927   -0.099900   -0.099874   -0.099848   -0.099821   -0.099796   -0.041956   -0.041983   -0.042003   -0.042019   -0.042027   -0.041942   -0.037855   -0.030714   -0.020099   -0.004358 -999.000000 -999.000000
   -0.127683   -0.127673   -0.127658   -0.127632   -0.127606   -0.127580   -0.127554   -0.127529   -0.127503   -0.127478   -0.100957   -0.100930   -0.100902   -0.100874   -0.100846   -0.100818   -0.100791   -0.044271   -0.044260   -0.044246   -0.044229   -0.044100   -0.043911   -0.039840   -0.032912   -0.022932   -0.009266 -999.000000 -999.000000
   -0.128418   -0.128408   -0.128392   -0.128366   -0.128339   -0.128313   -0.128287   -0.128260   -0.128234   -0.128208   -0.101879   -0.101850   -0.101821   -0.101792   -0.101763   -0.101734   -0.101707   -0.046317   -0.046283   -0.046247   -0.046209   -0.045989   -0.045729   -0.041701   -0.034992   -0.025556   -0.013236 -999.000000 -999.000000
   -0.129104   -0.129094   -0.129078   -0.129051   -0.129025   -0.128998   -0.128971   -0.128945   -0.128918   -0.128893   -0.102738   -0.102709   -0.102679   -0.102650   -0.102621   -0.102591   -0.102563   -0.048168   -0.048118   -0.048067   -0.048015   -0.047734   -0.047426   -0.043467   -0.036974   -0.028002   -0.016655 -999.000000 -999.000000
   -0.129753   -0.129742   -0.129726   -0.129699   -0.129673   -0.129646   -0.129619   -0.129593   -0.129566   -0.129540   -0.103550   -0.103520   -0.103490   -0.103460   -0.103431   -0.103401   -0.103372   -0.049868   -0.049808   -0.049747   -0.049685   -0.049363   -0.049030   -0.045162   -0.038869   -0.030293   -0.019713   -0.005246 -999.000000
   -0.130371   -0.130360   -0.130344   -0.130318   -0.130291   -0.130264   -0.130238   -0.130211   -0.130184   -0.130159   -0.104322   -0.104293   -0.104263   -0.104233   -0.104203   -0.104174   -0.104145   -0.051451   -0.051386   -0.051320   -0.051254   -0.050920   -0.050577   -0.046794   -0.040684   -0.032452   -0.022517   -0.009782 -999.000000
   -0.130973   -0.130963   -0.130947   -0.130921   -0.130895   -0.130869   -0.130842   -0.130816   -0.130790   -0.130765   -0.105077   -0.105048   -0.105019   -0.104990   -0.104960   -0.104931   -0.104903   -0.052968   -0.052901   -0.052834   -0.052766   -0.052424   -0.052075   -0.048369   -0.042426   -0.034502   -0.025120   -0.013550 -999.000000
   -0.131570   -0.131560   -0.131544   -0.131518   -0.131493   -0.131467   -0.131441   -0.131415   -0.131389   -0.131364   -0.105823   -0.105794   -0.105765   -0.105736   -0.105707   -0.105678   -0.105651   -0.054434   -0.054366   -0.054298   -0.054229   -0.053880   -0.053524   -0.049891   -0.044103   -0.036464   -0.027555   -0.016839   -0.001621
   -0.132160   -0.132150   -0.132134   -0.132109   -0.132084   -0.132058   -0.132033   -0.132007   -0.131982   -0.131957   -0.106558   -0.106529   -0.106501   -0.106473   -0.106444   -0.106416   -0.106388   -0.055852   -0.055783   -0.055713   -0.055643   -0.055289   -0.054927   -0.051364   -0.045727   -0.038347   -0.029827   -0.019791   -0.006903
   -0.132742   -0.132732   -0.132717   -0.132692   -0.132667   -0.132642   -0.132617   -0.132591   -0.132566   -0.132542   -0.107281   -0.107253   -0.107225   -0.107197   -0.107169   -0.107141   -0.107114   -0.057223   -0.057152   -0.057082   -0.057011   -0.056652   -0.056288   -0.052797   -0.047303   -0.040154   -0.031953   -0.022512   -0.011199
   -0.133316   -0.133306   -0.133292   -0.133267   -0.133242   -0.133217   -0.133193   -0.133168   -0.133143   -0.133119   -0.107993   -0.107966   -0.107938   -0.107910   -0.107883   -0.107855   -0.107829   -0.058549   -0.058478   -0.058407   -0.058336   -0.057978   -0.057616   -0.054196   -0.048832   -0.041873   -0.033955   -0.025099 -999.000000
   -0.133885   -0.133875   -0.133860   -0.133836   -0.133812   -0.133787   -0.133763   -0.133739   -0.133714   -0.133691   -0.108697   -0.108670   -0.108643   -0.108616   -0.108589   -0.108562   -0.108535   -0.059841   -0.059771   -0.059700   -0.059629   -0.059273   -0.058914   -0.055559   -0.050301   -0.043513   -0.035879   -0.027570 -999.000000
   -0.134450   -0.134440   -0.134426   -0.134402   -0.134378   -0.134354   -0.134330   -0.134306   -0.134282   -0.134259   -0.109396   -0.109369   -0.109343   -0.109316   -0.109289   -0.109263   -0.109237   -0.061104   -0.061034   -0.060964   -0.060894   -0.060540   -0.060181   -0.056874   -0.051712   -0.045093   -0.037786 -999.000000 -999.000000
   -0.135011   -0.135002   -0.134988   -0.134964   -0.134941   -0.134917   -0.134894   -0.134870   -0.134846   -0.134824   -0.110088   -0.110062   -0.110035   -0.110009   -0.109983   -0.109956   -0.109931   -0.062337   -0.062267   -0.062196   -0.062125   -0.061767   -0.061402   -0.058140   -0.053077   -0.046675   -0.039676 -999.000000 -999.000000
   -0.135562   -0.135553   -0.135539   -0.135516   -0.135493   -0.135469   -0.135446   -0.135423   -0.135399   -0.135377   -0.110764   -0.110738   -0.110712   -0.110686   -0.110660   -0.110634   -0.110609   -0.063525   -0.063453   -0.063382   -0.063310   -0.062948   -0.062580   -0.059372   -0.054452   -0.048266 -999.000000 -999.000000 -999.000000
   -0.136101   -0.136092   -0.136078   -0.136055   -0.136032   -0.136009   -0.135986   -0.135963   -0.135939   -0.135917   -0.111424   -0.111399   -0.111373   -0.111347   -0.111321   -0.111295   -0.111270   -0.064669   -0.064597   -0.064525   -0.064453   -0.064093   -0.063737   -0.060622   -0.055849 -999.000000 -999.000000 -999.000000 -999.000000
   -0.136632   -0.136623   -0.136609   -0.136587   -0.136564   -0.136542   -0.136519   -0.136496   -0.136474   -0.136452   -0.112076   -0.112051   -0.112026   -0.112001   -0.111976   -0.111951   -0.111927   -0.065793   -0.065725   -0.065657   -0.065589   -0.065251   -0.064918   -0.061899 -999.000000 -999.000000 -999.000000 -999.000000 -999.000000
   -0.137179   -0.137170   -0.137157   -0.137135   -0.137114   -0.137092   -0.137070   -0.137049   -0.137027   -0.137006   -0.112750   -0.112726   -0.112702   -0.112678   -0.112654   -0.112630   -0.112607   -0.066944   -0.066880   -0.066817   -0.066753   -0.066439 -999.000000 -999.000000 -999.000000 -999.000000 -999.000000 -999.000000 -999.000000
   -0.137748   -0.137740   -0.137727   -0.137707   -0.137686   -0.137665   -0.137644 -999.000000 -999.000000 -999.000000 -999.000000 -999.000000 -999.000000 -999.000000 -999.000000 -999.000000 -999.000000 -999.000000 -999.000000 -999.000000 -999.000000 -999.000000 -999.000000 -999.000000 -999.000000 -999.000000 -999.000000 -999.000000 -999.000000
#
# iasp91 travel-time table for PnS
#
