#
# iasp91 travel-time table for SKPdf
#
# number of distance and depth samples
73 37
# delta samples
108.000 109.000 110.000 111.000 112.000 113.000 114.000 115.000 116.000 117.000 118.000 119.000 120.000 121.000 122.000 123.000 124.000 125.000 126.000 127.000 128.000 129.000 130.000 131.000 132.000 
133.000 134.000 135.000 136.000 137.000 138.000 139.000 140.000 141.000 142.000 143.000 144.000 145.000 146.000 147.000 148.000 149.000 150.000 151.000 152.000 153.000 154.000 155.000 156.000 157.000 
158.000 159.000 160.000 161.000 162.000 163.000 164.000 165.000 166.000 167.000 168.000 169.000 170.000 171.000 172.000 173.000 174.000 175.000 176.000 177.000 178.000 179.000 180.000 
# depth samples
    0.000000    1.000000    2.500000    5.000000    7.500000   10.000000   12.500000   15.000000   17.500000   19.900000   20.000000   22.500000   25.000000   27.500000   30.000000   32.500000   34.900000   35.000000   40.000000   45.000000   50.000000   75.000000  100.000000  150.000000  200.000000  250.000000  300.000000  350.000000  400.000000  450.000000  500.000000  550.000000  600.000000  650.000000  700.000000  750.000000  800.000000
#
# travel times (rows - delta, columns - depth)
#
 -999.000000 -999.000000 -999.000000 -999.000000 -999.000000 -999.000000 -999.000000 -999.000000 -999.000000 -999.000000 -999.000000 -999.000000 -999.000000 -999.000000 -999.000000 -999.000000 -999.000000 -999.000000 -999.000000 -999.000000 -999.000000 -999.000000 -999.000000 -999.000000 -999.000000 -999.000000 -999.000000 -999.000000 -999.000000 -999.000000 -999.000000 -999.000000 -999.000000 -999.000000 -999.000000 1173.511719 1165.531738
 1328.005127 1327.708008 1327.262329 1326.519531 1325.776733 1325.033936 1324.291138 1323.548340 1322.805542 1322.092407 1322.062744 1321.397461 1320.732178 1320.067017 1319.401733 1318.736450 1318.097778 1318.071289 1316.956177 1315.841675 1314.727539 1309.163818 1303.611206 1292.535645 1281.487061 1270.531006 1259.780884 1249.230835 1238.873657 1229.035400 1219.479004 1210.115967 1200.938599 1191.940186 1183.541260 1175.426880 1167.446899
 1329.920288 1329.623169 1329.177490 1328.434692 1327.691895 1326.949097 1326.206299 1325.463501 1324.720703 1324.007568 1323.977905 1323.312622 1322.647339 1321.982056 1321.316895 1320.651611 1320.012939 1319.986450 1318.871338 1317.756836 1316.642700 1311.078979 1305.526367 1294.450684 1283.402100 1272.446167 1261.695923 1251.145874 1240.788696 1230.950439 1221.394043 1212.031006 1202.853638 1193.855225 1185.456299 1177.341919 1169.361816
 1331.835205 1331.538086 1331.092407 1330.349609 1329.606812 1328.864014 1328.121216 1327.378418 1326.635620 1325.922485 1325.892822 1325.227539 1324.562256 1323.897095 1323.231812 1322.566528 1321.927856 1321.901367 1320.786255 1319.671753 1318.557617 1312.993896 1307.441284 1296.365601 1285.317017 1274.360962 1263.610840 1253.060791 1242.703613 1232.865234 1223.308838 1213.945801 1204.768433 1195.769897 1187.370972 1179.256592 1171.276489
 1333.749756 1333.452637 1333.006958 1332.264160 1331.521362 1330.778564 1330.035767 1329.292969 1328.550171 1327.837036 1327.807373 1327.142090 1326.476807 1325.811523 1325.146362 1324.481079 1323.842407 1323.815918 1322.700806 1321.586304 1320.472168 1314.908447 1309.355713 1298.280151 1287.231445 1276.275513 1265.525269 1254.975098 1244.617920 1234.779663 1225.223145 1215.860107 1206.682739 1197.684204 1189.285278 1181.170776 1173.190674
 1335.663696 1335.366577 1334.920898 1334.178101 1333.435303 1332.692505 1331.949707 1331.206909 1330.464111 1329.750977 1329.721313 1329.056030 1328.390747 1327.725464 1327.060303 1326.395020 1325.756348 1325.729858 1324.614746 1323.500244 1322.386108 1316.822266 1311.269653 1300.193970 1289.145386 1278.189331 1267.439087 1256.888916 1246.531738 1236.693359 1227.136841 1217.773682 1208.596313 1199.597778 1191.198730 1183.084229 1175.104126
 1337.576904 1337.279785 1336.834106 1336.091309 1335.348511 1334.605713 1333.862915 1333.120117 1332.377319 1331.664185 1331.634521 1330.969238 1330.303955 1329.638672 1328.973389 1328.308228 1327.669556 1327.643066 1326.527954 1325.413330 1324.299316 1318.735474 1313.182861 1302.107178 1291.058472 1280.102295 1269.352051 1258.801880 1248.444702 1238.606201 1229.049683 1219.686523 1210.509033 1201.510498 1193.111328 1184.996826 1177.016602
 1339.489136 1339.192017 1338.746338 1338.003540 1337.260742 1336.517944 1335.775146 1335.032349 1334.289551 1333.576416 1333.546753 1332.881470 1332.216187 1331.550903 1330.885620 1330.220337 1329.581665 1329.555176 1328.440063 1327.325562 1326.211426 1320.647583 1315.094971 1304.019165 1292.970459 1282.014404 1271.264038 1260.713867 1250.356567 1240.518066 1230.961426 1221.598267 1212.420776 1203.421997 1195.022949 1186.908203 1178.927979
 1341.400146 1341.103027 1340.657349 1339.914551 1339.171753 1338.428955 1337.686035 1336.943237 1336.200439 1335.487427 1335.457764 1334.792480 1334.127197 1333.461914 1332.796631 1332.131348 1331.492676 1331.466187 1330.351074 1329.236572 1328.122437 1322.558594 1317.005859 1305.930054 1294.881348 1283.925171 1273.174805 1262.624512 1252.267090 1242.428589 1232.871948 1223.508667 1214.331055 1205.332275 1196.933105 1188.818359 1180.837891
 1343.309692 1343.012573 1342.566895 1341.824097 1341.081299 1340.338501 1339.595581 1338.852783 1338.109985 1337.396973 1337.367310 1336.701904 1336.036743 1335.371460 1334.706177 1334.040894 1333.402222 1333.375732 1332.260620 1331.145996 1330.031982 1324.468018 1318.915283 1307.839478 1296.790649 1285.834351 1275.083984 1264.533569 1254.176147 1244.337524 1234.780884 1225.417480 1216.239746 1207.240967 1198.841675 1190.726807 1182.746338
 1345.217529 1344.920410 1344.474731 1343.731934 1342.989136 1342.246216 1341.503418 1340.760620 1340.017822 1339.304810 1339.275146 1338.609741 1337.944458 1337.279175 1336.614014 1335.948730 1335.310059 1335.283569 1334.168457 1333.053833 1331.939697 1326.375854 1320.822998 1309.747192 1298.698242 1287.741943 1276.991455 1266.440918 1256.083496 1246.244751 1236.687988 1227.324463 1218.146729 1209.147705 1200.748291 1192.633301 1184.652710
 1347.123413 1346.826294 1346.380493 1345.637695 1344.894897 1344.152100 1343.409302 1342.666504 1341.923706 1341.210571 1341.180908 1340.515625 1339.850342 1339.185059 1338.519775 1337.854492 1337.215820 1337.189331 1336.074219 1334.959595 1333.845459 1328.281616 1322.728760 1311.652710 1300.603760 1289.647339 1278.896729 1268.346313 1257.988647 1248.149902 1238.592896 1229.229370 1220.051514 1211.052368 1202.652832 1194.537720 1186.556885
 1349.026855 1348.729736 1348.284058 1347.541260 1346.798462 1346.055664 1345.312866 1344.570068 1343.827148 1343.114136 1343.084473 1342.419067 1341.753784 1341.088501 1340.423218 1339.757935 1339.119385 1339.092773 1337.977661 1336.863159 1335.749023 1330.184937 1324.632080 1313.556030 1302.506958 1291.550537 1280.799805 1270.249146 1259.891479 1250.052490 1240.495483 1231.131836 1221.953735 1212.954590 1204.554810 1196.439575 1188.458618
 1350.927856 1350.630737 1350.184937 1349.442139 1348.699341 1347.956543 1347.213745 1346.470947 1345.728149 1345.015015 1344.985352 1344.319946 1343.654663 1342.989380 1342.324097 1341.658813 1341.020142 1340.993652 1339.878540 1338.763916 1337.649780 1332.085815 1326.532837 1315.456665 1304.407471 1293.450928 1282.700073 1272.149292 1261.791504 1251.952515 1242.395264 1233.031494 1223.853271 1214.853882 1206.453979 1198.338501 1190.357422
 1352.825684 1352.528564 1352.082886 1351.340088 1350.597290 1349.854492 1349.111572 1348.368774 1347.625977 1346.912842 1346.883179 1346.217896 1345.552612 1344.887329 1344.222046 1343.556763 1342.918091 1342.891479 1341.776367 1340.661743 1339.547607 1333.983521 1328.430542 1317.354248 1306.304932 1295.348267 1284.597290 1274.046387 1263.688477 1253.849243 1244.291992 1234.927979 1225.749634 1216.750000 1208.349976 1200.234253 1192.252930
 1354.720215 1354.423096 1353.977417 1353.234619 1352.491821 1351.748901 1351.006104 1350.263306 1349.520508 1348.807373 1348.777710 1348.112305 1347.447021 1346.781738 1346.116455 1345.451172 1344.812500 1344.786011 1343.670776 1342.556274 1341.442017 1335.877930 1330.324829 1319.248413 1308.198975 1297.242188 1286.491089 1275.940063 1265.581909 1255.742554 1246.185059 1236.820801 1227.642334 1218.642578 1210.242188 1202.126343 1194.144775
 1356.610962 1356.313843 1355.868164 1355.125244 1354.382446 1353.639648 1352.896851 1352.153931 1351.411133 1350.697998 1350.668335 1350.003052 1349.337769 1348.672363 1348.007080 1347.341797 1346.703125 1346.676636 1345.561401 1344.446777 1343.332642 1337.768433 1332.215332 1321.138794 1310.089111 1299.132080 1288.380859 1277.829712 1267.471436 1257.631836 1248.074097 1238.709717 1229.531006 1220.531006 1212.130493 1204.014282 1196.032471
 1358.497437 1358.200317 1357.754517 1357.011719 1356.268921 1355.526001 1354.783203 1354.040405 1353.297485 1352.584473 1352.554810 1351.889404 1351.224121 1350.558716 1349.893433 1349.228149 1348.589478 1348.562988 1347.447754 1346.333130 1345.218872 1339.654663 1334.101440 1323.024658 1311.974976 1301.017822 1290.266357 1279.714966 1269.356445 1259.516724 1249.958740 1240.594116 1231.415161 1222.414917 1214.014160 1205.897705 1197.915527
 1360.379028 1360.081909 1359.636230 1358.893311 1358.150513 1357.407593 1356.664795 1355.921997 1355.179077 1354.465942 1354.436279 1353.770996 1353.105591 1352.440308 1351.775024 1351.109741 1350.470947 1350.444458 1349.329346 1348.214600 1347.100464 1341.536011 1335.982788 1324.905884 1313.855835 1302.898560 1292.146851 1281.595337 1271.236572 1261.396606 1251.838379 1242.473511 1233.294312 1224.293823 1215.892700 1207.775879 1199.793457
 1362.255249 1361.958130 1361.512451 1360.769653 1360.026733 1359.283936 1358.541016 1357.798218 1357.055298 1356.342163 1356.312500 1355.647217 1354.981812 1354.316528 1353.651245 1352.985840 1352.347168 1352.320679 1351.205444 1350.090820 1348.976562 1343.411987 1337.858643 1326.781494 1315.731445 1304.773804 1294.021973 1283.470093 1273.111206 1263.270996 1253.712524 1244.347290 1235.167725 1226.166992 1217.765503 1209.648315 1201.665527
 1364.125610 1363.828491 1363.382812 1362.639893 1361.897095 1361.154175 1360.411377 1359.668457 1358.925659 1358.212524 1358.182861 1357.517456 1356.852051 1356.186768 1355.521362 1354.856079 1354.217407 1354.190918 1353.075684 1351.960938 1350.846680 1345.282104 1339.728516 1328.651245 1317.600830 1306.643066 1295.890869 1285.338867 1274.979614 1265.139160 1255.580322 1246.214844 1237.035034 1228.033813 1219.631958 1211.514526 1203.531250
 1365.989258 1365.692139 1365.246460 1364.503540 1363.760742 1363.017822 1362.274902 1361.532104 1360.789185 1360.076050 1360.046387 1359.380981 1358.715698 1358.050293 1357.385010 1356.719604 1356.080933 1356.054443 1354.939209 1353.824463 1352.710083 1347.145386 1341.591797 1330.514160 1319.463623 1308.505493 1297.753174 1287.200806 1276.841309 1267.000488 1257.441284 1248.075562 1238.895264 1229.893677 1221.491455 1213.373535 1205.389771
 1367.845581 1367.548462 1367.102783 1366.359863 1365.616943 1364.874146 1364.131226 1363.388306 1362.645508 1361.932373 1361.902710 1361.237305 1360.571899 1359.906494 1359.241211 1358.575806 1357.937134 1357.910645 1356.795288 1355.680542 1354.566284 1349.001343 1343.447632 1332.369751 1321.318848 1310.360474 1299.607788 1289.055176 1278.695312 1268.854126 1259.294678 1249.928467 1240.747803 1231.745850 1223.343140 1215.224731 1207.240479
 1369.693848 1369.396606 1368.950928 1368.208008 1367.465088 1366.722168 1365.979370 1365.236450 1364.493530 1363.780396 1363.750732 1363.085327 1362.419922 1361.754639 1361.089233 1360.423828 1359.785156 1359.758545 1358.643311 1357.528442 1356.414185 1350.849121 1345.295288 1334.217041 1323.165894 1312.207153 1301.454224 1290.901123 1280.541016 1270.699341 1261.139526 1251.772949 1242.591797 1233.589355 1225.186157 1217.067261 1209.082397
 1371.532959 1371.235840 1370.790039 1370.047119 1369.304199 1368.561401 1367.818481 1367.075562 1366.332642 1365.619507 1365.589844 1364.924316 1364.259033 1363.593628 1362.928223 1362.262817 1361.624146 1361.597534 1360.482178 1359.367432 1358.253052 1352.687866 1347.133789 1336.055298 1325.003784 1314.044678 1303.291382 1292.737915 1282.377441 1272.535400 1262.975098 1253.608032 1244.426392 1235.423462 1227.019775 1218.900146 1210.914795
 1373.362183 1373.065063 1372.619263 1371.876343 1371.133423 1370.390503 1369.647583 1368.904663 1368.161743 1367.448608 1367.418945 1366.753540 1366.088135 1365.422729 1364.757324 1364.091919 1363.453125 1363.426636 1362.311279 1361.196411 1360.082031 1354.516602 1348.962402 1337.883545 1326.831665 1315.872192 1305.118408 1294.564575 1284.203613 1274.361206 1264.800415 1255.432739 1246.250732 1237.247192 1228.842896 1220.722656 1212.736694
 1375.180542 1374.883301 1374.437622 1373.694702 1372.951782 1372.208740 1371.465820 1370.722900 1369.979980 1369.266846 1369.237183 1368.571655 1367.906250 1367.240845 1366.575439 1365.910034 1365.271240 1365.244751 1364.129272 1363.014404 1361.900024 1356.334473 1350.780029 1339.700806 1328.648438 1317.688599 1306.934326 1296.380127 1286.018677 1276.175659 1266.614380 1257.246216 1248.063599 1239.059448 1230.654541 1222.533569 1214.546875
 1376.986816 1376.689575 1376.243896 1375.500977 1374.757935 1374.015015 1373.272095 1372.529175 1371.786255 1371.072998 1371.043335 1370.377808 1369.712402 1369.046997 1368.381592 1367.716187 1367.077271 1367.050781 1365.935303 1364.820435 1363.705933 1358.140137 1352.585571 1341.505859 1330.453003 1319.492798 1308.738037 1298.183350 1287.821411 1277.977783 1268.415894 1259.047119 1249.863892 1240.859131 1232.453491 1224.331787 1216.344238
 1378.779907 1378.482666 1378.036865 1377.293945 1376.551025 1375.807983 1375.065063 1374.322144 1373.579102 1372.865845 1372.836182 1372.170776 1371.505249 1370.839844 1370.174438 1369.508911 1368.870117 1368.843628 1367.728149 1366.613159 1365.498535 1359.932617 1354.377686 1343.297607 1332.244263 1321.283447 1310.528320 1299.973022 1289.610474 1279.766357 1270.203857 1260.834473 1251.650391 1242.645020 1234.238525 1226.116089 1218.127686
 1380.558350 1380.261230 1379.815430 1379.072388 1378.329468 1377.586426 1376.843506 1376.100464 1375.357544 1374.644287 1374.614624 1373.949097 1373.283691 1372.618164 1371.952759 1371.287231 1370.648438 1370.621826 1369.506348 1368.391235 1367.276733 1361.710449 1356.155396 1345.074707 1334.020874 1323.059448 1312.303711 1301.747925 1291.384766 1281.539917 1271.976807 1262.606689 1253.421875 1244.415771 1236.008423 1227.885010 1219.895630
 1382.321045 1382.023804 1381.578003 1380.835083 1380.092041 1379.349121 1378.606079 1377.863037 1377.120117 1376.406738 1376.377075 1375.711548 1375.046143 1374.380615 1373.715088 1373.049683 1372.410767 1372.384277 1371.268677 1370.153564 1369.038940 1363.472412 1357.916992 1346.835815 1335.781372 1324.819458 1314.063110 1303.506592 1293.142822 1283.297363 1273.733398 1264.362549 1255.177002 1246.170044 1237.761719 1229.637451 1221.647095
 1384.066528 1383.769287 1383.323486 1382.580444 1381.837524 1381.094482 1380.351440 1379.608398 1378.865356 1378.152100 1378.122437 1377.456909 1376.791382 1376.125854 1375.460327 1374.794800 1374.155884 1374.129395 1373.013794 1371.898560 1370.783936 1365.217163 1359.661377 1348.579590 1337.524658 1326.562012 1315.805054 1305.247925 1294.883423 1285.037109 1275.472412 1266.100708 1256.914429 1247.906494 1239.497192 1231.371826 1223.380493
 1385.793335 1385.496094 1385.050293 1384.307251 1383.564209 1382.821167 1382.078125 1381.335083 1380.592041 1379.878662 1379.848999 1379.183472 1378.517944 1377.852417 1377.186890 1376.521362 1375.882446 1375.855835 1374.740112 1373.624878 1372.510132 1366.943115 1361.387085 1350.304565 1339.248901 1328.285767 1317.528076 1306.970093 1296.604858 1286.757812 1277.192261 1267.819702 1258.632446 1249.623535 1241.213257 1233.086792 1225.094238
 1387.499756 1387.202515 1386.756714 1386.013672 1385.270630 1384.527466 1383.784424 1383.041382 1382.298340 1381.584961 1381.555298 1380.889648 1380.224121 1379.558594 1378.892944 1378.227417 1377.588501 1377.562012 1376.446167 1375.330933 1374.216064 1368.648682 1363.092285 1352.009155 1340.952759 1329.988892 1319.230347 1308.671753 1298.305664 1288.457764 1278.891235 1269.517822 1260.329468 1251.319580 1242.908203 1234.780640 1226.786865
 1389.184326 1388.887085 1388.441284 1387.698242 1386.955078 1386.212036 1385.468872 1384.725830 1383.982666 1383.269409 1383.239746 1382.574097 1381.908447 1381.242798 1380.577271 1379.911621 1379.272705 1379.246216 1378.130249 1377.015015 1375.900024 1370.332275 1364.775513 1353.691650 1342.634644 1331.669922 1320.910645 1310.351196 1299.984253 1290.135498 1280.567993 1271.193481 1262.004272 1252.993286 1244.580688 1236.451904 1228.456787
 1390.845581 1390.548218 1390.102417 1389.359253 1388.616211 1387.873047 1387.129883 1386.386841 1385.643677 1384.930298 1384.900635 1384.234985 1383.569336 1382.903687 1382.238037 1381.572388 1380.933472 1380.906860 1379.791016 1378.675537 1377.560547 1371.992432 1366.435303 1355.350708 1344.292847 1333.327271 1322.567261 1312.006836 1301.639038 1291.789307 1282.220825 1272.845337 1263.654907 1254.642822 1246.229004 1238.098877 1230.102539
 1392.481445 1392.184204 1391.738281 1390.995239 1390.252075 1389.508911 1388.765747 1388.022583 1387.279419 1386.566040 1386.536377 1385.870605 1385.204956 1384.539307 1383.873657 1383.208008 1382.568970 1382.542480 1381.426392 1380.310913 1379.195923 1373.627319 1368.069824 1356.984375 1345.925659 1334.959351 1324.198364 1313.637085 1303.268433 1293.417603 1283.848145 1274.471436 1265.279907 1256.266602 1247.851562 1239.719971 1231.722168
 1394.090576 1393.793335 1393.347412 1392.604248 1391.861084 1391.117920 1390.374756 1389.631470 1388.888306 1388.174927 1388.145264 1387.479492 1386.813721 1386.148071 1385.482422 1384.816650 1384.177612 1384.151123 1383.035034 1381.919434 1380.804321 1375.235352 1369.677490 1358.591064 1347.531616 1336.564331 1325.802490 1315.240234 1304.870483 1295.018677 1285.448120 1276.070312 1266.877563 1257.863037 1249.446533 1241.313599 1233.314331
 1395.671265 1395.374023 1394.928101 1394.184814 1393.441650 1392.698486 1391.955200 1391.212036 1390.468750 1389.755371 1389.725708 1389.059814 1388.394165 1387.728394 1387.062744 1386.396973 1385.757812 1385.731323 1384.615112 1383.499512 1382.384277 1376.814819 1371.256592 1360.169312 1349.108887 1338.140747 1327.377930 1316.814697 1306.443970 1296.591064 1287.019287 1277.640259 1268.446289 1259.430542 1251.012695 1242.878174 1234.877441
 1397.221802 1396.924561 1396.478638 1395.735352 1394.992065 1394.248901 1393.505615 1392.762329 1392.019165 1391.305664 1391.275879 1390.610107 1389.944336 1389.278564 1388.612793 1387.947021 1387.307983 1387.281372 1386.165161 1385.049316 1383.934082 1378.364258 1372.805420 1361.717285 1350.656006 1339.686890 1328.923096 1318.358887 1307.987061 1298.132935 1288.560059 1279.179810 1269.984497 1260.967407 1252.548096 1244.412109 1236.409668
 1398.740601 1398.443237 1397.997314 1397.254028 1396.510742 1395.767456 1395.024170 1394.280884 1393.537598 1392.824097 1392.794434 1392.128540 1391.462769 1390.796875 1390.131104 1389.465332 1388.826172 1388.799683 1387.683228 1386.567383 1385.452026 1379.881714 1374.322510 1363.233398 1352.171143 1341.201050 1330.436157 1319.870972 1309.498047 1299.642822 1290.068604 1280.687134 1271.490479 1262.472046 1254.051270 1245.913696 1237.909668
 1400.225952 1399.928589 1399.482666 1398.739258 1397.995972 1397.252686 1396.509399 1395.765991 1395.022705 1394.309204 1394.279419 1393.613525 1392.947754 1392.281860 1391.616089 1390.950195 1390.311035 1390.284424 1389.167969 1388.052124 1386.936646 1381.365845 1375.806152 1364.716064 1353.652832 1342.681641 1331.915771 1321.349487 1310.975464 1301.119019 1291.543579 1282.160767 1272.962891 1263.942993 1255.520630 1247.381592 1239.375854
 1401.676392 1401.379028 1400.933105 1400.189697 1399.446411 1398.703003 1397.959717 1397.216309 1396.473022 1395.759399 1395.729736 1395.063721 1394.397827 1393.732056 1393.066162 1392.400269 1391.760986 1391.734497 1390.617920 1389.501831 1388.386353 1382.815063 1377.254883 1366.163818 1355.099487 1344.127441 1333.360474 1322.793091 1312.417969 1302.560303 1292.983643 1283.599487 1274.400146 1265.378906 1256.955078 1248.814209 1240.806885
 1403.090698 1402.793335 1402.347290 1401.603882 1400.860474 1400.117065 1399.373779 1398.630371 1397.886963 1397.173340 1397.143677 1396.477661 1395.811768 1395.145874 1394.479858 1393.813965 1393.174683 1393.148193 1392.031494 1390.915405 1389.799683 1384.228027 1378.667236 1367.575317 1356.510010 1345.536865 1334.768799 1324.200317 1313.823975 1303.965088 1294.387207 1285.001709 1275.801025 1266.778320 1258.352905 1250.210449 1242.201416
 1404.467163 1404.169800 1403.723755 1402.980347 1402.236938 1401.493530 1400.750122 1400.006714 1399.263306 1398.549561 1398.519897 1397.853882 1397.187866 1396.521973 1395.855957 1395.190063 1394.550659 1394.524170 1393.407471 1392.291260 1391.175415 1385.603149 1380.041992 1368.949097 1357.882690 1346.908569 1336.139404 1325.569824 1315.192383 1305.332275 1295.752930 1286.366089 1277.164062 1268.139893 1259.712891 1251.568848 1243.558105
 1405.804688 1405.507324 1405.061279 1404.317749 1403.574341 1402.830811 1402.087402 1401.343994 1400.600464 1399.886841 1399.857056 1399.191040 1398.525024 1397.859009 1397.192993 1396.527100 1395.887695 1395.861084 1394.744263 1393.627930 1392.512085 1386.939331 1381.377686 1370.283691 1359.216309 1348.241089 1337.470947 1326.900146 1316.521606 1306.660278 1297.079712 1287.691528 1278.488037 1269.462402 1261.033813 1252.888184 1244.875732
 1407.101929 1406.804565 1406.358398 1405.614990 1404.871460 1404.127930 1403.384521 1402.640991 1401.897461 1401.183716 1401.154053 1400.487915 1399.821899 1399.155884 1398.489868 1397.823730 1397.184326 1397.157837 1396.040894 1394.924438 1393.808472 1388.235352 1382.673096 1371.578125 1360.509766 1349.533447 1338.762329 1328.190308 1317.810547 1307.947998 1298.366089 1288.976685 1279.771851 1270.744751 1262.314575 1254.167236 1246.153076
 1408.357788 1408.060425 1407.614258 1406.870728 1406.127197 1405.383667 1404.640137 1403.896606 1403.153076 1402.439331 1402.409668 1401.743530 1401.077393 1400.411377 1399.745239 1399.079224 1398.439697 1398.413208 1397.296143 1396.179688 1395.063599 1389.489868 1383.927246 1372.831299 1361.761841 1350.784546 1340.012207 1329.439209 1319.058350 1309.194458 1299.611328 1290.220581 1281.014282 1271.985840 1263.554077 1255.405151 1247.389282
 1409.571289 1409.273926 1408.827759 1408.084106 1407.340576 1406.597046 1405.853516 1405.109863 1404.366333 1403.652466 1403.622803 1402.956665 1402.290527 1401.624390 1400.958252 1400.292114 1399.652710 1399.626099 1398.509033 1397.392456 1396.276245 1390.702026 1385.138916 1374.041992 1362.971558 1351.993164 1341.219849 1330.645752 1320.263672 1310.398682 1300.814209 1291.422119 1282.214478 1273.184570 1264.751343 1256.600708 1248.583252
 1410.741211 1410.443848 1409.997681 1409.254028 1408.510376 1407.766846 1407.023193 1406.279663 1405.536011 1404.822144 1404.792480 1404.126343 1403.460083 1402.793945 1402.127808 1401.461670 1400.822144 1400.795532 1399.678345 1398.561646 1397.445435 1391.870728 1386.307129 1375.209229 1364.137817 1353.158447 1342.384033 1331.808838 1321.425659 1311.559448 1301.973755 1292.580322 1283.371338 1274.340088 1265.905273 1257.753174 1249.734009
 1411.866821 1411.569336 1411.123169 1410.379517 1409.635864 1408.892212 1408.148682 1407.405029 1406.661377 1405.947510 1405.917725 1405.251587 1404.585327 1403.919189 1403.252930 1402.586670 1401.947144 1401.920654 1400.803345 1399.686523 1398.570190 1392.994995 1387.430908 1376.332031 1365.259766 1354.279419 1343.503906 1332.927612 1322.543335 1312.676025 1303.089111 1293.694336 1284.484131 1275.451538 1267.015259 1258.861572 1250.840698
 1412.947266 1412.649780 1412.203491 1411.459839 1410.716187 1409.972534 1409.228882 1408.485229 1407.741577 1407.027588 1406.997925 1406.331665 1405.665405 1404.999146 1404.332886 1403.666748 1403.027100 1403.000610 1401.883179 1400.766235 1399.649780 1394.074219 1388.509766 1377.409912 1366.336548 1355.355225 1344.578857 1334.001587 1323.616211 1313.747681 1304.159546 1294.763672 1285.552124 1276.518066 1268.080444 1259.925171 1251.902832
 1413.981689 1413.684204 1413.238037 1412.494263 1411.750610 1411.006836 1410.263184 1409.519531 1408.775757 1408.061890 1408.032104 1407.365845 1406.699585 1406.033325 1405.366943 1404.700684 1404.061157 1404.034546 1402.917114 1401.800049 1400.683594 1395.107544 1389.542603 1378.441772 1367.367554 1356.385376 1345.607910 1335.029663 1324.643188 1314.773560 1305.184326 1295.787231 1286.574463 1277.539185 1269.100098 1260.943359 1252.919434
 1414.969482 1414.671997 1414.225830 1413.482056 1412.738281 1411.994629 1411.250854 1410.507080 1409.763428 1409.049438 1409.019653 1408.353394 1407.687012 1407.020752 1406.354370 1405.688110 1405.048462 1405.021851 1403.904297 1402.787231 1401.670654 1396.094238 1390.528809 1379.427124 1368.352051 1357.368896 1346.590576 1336.011230 1325.623901 1315.753174 1306.162720 1296.764404 1287.550537 1278.513916 1270.073486 1261.915283 1253.890015
 1415.910034 1415.612549 1415.166260 1414.422485 1413.678711 1412.934937 1412.191284 1411.447510 1410.703735 1409.989746 1409.959961 1409.293579 1408.627319 1407.960938 1407.294556 1406.628174 1405.988525 1405.962036 1404.844360 1403.727173 1402.610474 1397.033691 1391.467773 1380.365356 1369.289307 1358.305298 1347.526001 1336.945801 1326.557495 1316.685669 1307.094238 1297.694824 1288.479614 1279.441895 1271.000122 1262.840576 1254.813843
 1416.802612 1416.505127 1416.058838 1415.315063 1414.571289 1413.827515 1413.083740 1412.339844 1411.596069 1410.882080 1410.852417 1410.185913 1409.519531 1408.853149 1408.186768 1407.520386 1406.880737 1406.854126 1405.736450 1404.619141 1403.502441 1397.925171 1392.358887 1381.255615 1370.178833 1359.193970 1348.413818 1337.832642 1327.443359 1317.570557 1307.978149 1298.577637 1289.361328 1280.322510 1271.879395 1263.718628 1255.690430
 1417.646729 1417.349121 1416.902832 1416.159058 1415.415283 1414.671387 1413.927612 1413.183838 1412.439941 1411.725952 1411.696167 1411.029785 1410.363281 1409.696899 1409.030518 1408.364136 1407.724365 1407.697754 1406.579956 1405.462646 1404.345825 1398.768188 1393.201538 1382.097534 1371.019897 1360.034302 1349.253296 1338.671265 1328.281128 1318.407349 1308.813843 1299.412354 1290.195068 1281.155029 1272.710815 1264.548706 1256.519287
 1418.441772 1418.144287 1417.697876 1416.954102 1416.210205 1415.466431 1414.722534 1413.978760 1413.234863 1412.520752 1412.491089 1411.824585 1411.158203 1410.491699 1409.825317 1409.158813 1408.519043 1408.492432 1407.374634 1406.257202 1405.140259 1399.562378 1393.995361 1382.890503 1371.812256 1360.825684 1350.043945 1339.461182 1329.070068 1319.195435 1309.601074 1300.198486 1290.980225 1281.939087 1273.493774 1265.330444 1257.299805
 1419.187378 1418.889893 1418.443604 1417.699707 1416.955811 1416.211914 1415.468140 1414.724243 1413.980347 1413.266235 1413.236572 1412.569946 1411.903564 1411.237061 1410.570557 1409.904175 1409.264282 1409.237793 1408.119751 1407.002319 1405.885376 1400.307007 1394.739746 1383.634277 1372.555176 1361.567993 1350.785522 1340.201904 1329.810059 1319.934570 1310.339233 1300.935791 1291.716431 1282.674438 1274.228027 1266.063477 1258.031738
 1419.883301 1419.585693 1419.139404 1418.395508 1417.651611 1416.907715 1416.163818 1415.419922 1414.676025 1413.961914 1413.932129 1413.265625 1412.599121 1411.932617 1411.266113 1410.599609 1409.959839 1409.933228 1408.815186 1407.697754 1406.580688 1401.002075 1395.434326 1384.328247 1373.248535 1362.260620 1351.477417 1340.893066 1330.500488 1320.624146 1311.027954 1301.623657 1292.403442 1283.360474 1274.913086 1266.747559 1258.714600
 1420.528809 1420.231323 1419.784912 1419.041016 1418.297119 1417.553223 1416.809326 1416.065308 1415.321411 1414.607300 1414.577637 1413.911011 1413.244507 1412.578003 1411.911499 1411.244995 1410.605103 1410.578491 1409.460449 1408.342896 1407.225830 1401.646851 1396.078857 1384.972046 1373.891724 1362.903198 1352.119385 1341.534302 1331.141113 1321.264038 1311.666992 1302.261963 1293.040894 1283.997070 1275.548584 1267.382080 1259.348145
 1421.123901 1420.826294 1420.380005 1419.636108 1418.892090 1418.148193 1417.404297 1416.660278 1415.916382 1415.202148 1415.172485 1414.505859 1413.839355 1413.172852 1412.506226 1411.839722 1411.199829 1411.173340 1410.055176 1408.937500 1407.820312 1402.241089 1396.672852 1385.565552 1374.484619 1363.495483 1352.711060 1342.125366 1331.731445 1321.853760 1312.255981 1302.850098 1293.628296 1284.583618 1276.134399 1267.966919 1259.932007
 1421.668091 1421.370605 1420.924194 1420.180176 1419.436279 1418.692261 1417.948364 1417.204346 1416.460449 1415.746216 1415.716553 1415.049927 1414.383301 1413.716797 1413.050171 1412.383667 1411.743774 1411.717163 1410.598999 1409.481323 1408.364136 1402.784668 1397.216187 1386.108276 1375.026855 1364.037231 1353.252075 1342.665894 1332.271362 1322.392944 1312.794556 1303.388062 1294.165527 1285.120117 1276.670044 1268.501709 1260.465942
 1422.161255 1421.863647 1421.417236 1420.673218 1419.929321 1419.185303 1418.441284 1417.697388 1416.953369 1416.239136 1416.209473 1415.542847 1414.876221 1414.209717 1413.543091 1412.876465 1412.236572 1412.210083 1411.091797 1409.974121 1408.856812 1403.277100 1397.708374 1386.600098 1375.518066 1364.527954 1353.742432 1343.155640 1332.760498 1322.881592 1313.282593 1303.875366 1294.652222 1285.606079 1277.155273 1268.986206 1260.949707
 1422.602905 1422.305298 1421.858887 1421.114990 1420.370972 1419.626953 1418.882935 1418.139038 1417.395020 1416.680786 1416.651123 1415.984375 1415.317871 1414.651245 1413.984619 1413.317993 1412.678101 1412.651489 1411.533203 1410.415527 1409.298218 1403.718262 1398.149292 1387.040527 1375.958252 1364.967651 1354.181519 1343.594360 1333.198730 1323.319214 1313.719727 1304.312012 1295.088135 1286.041504 1277.589966 1269.420288 1261.383057
 1422.993164 1422.695557 1422.249146 1421.505127 1420.761108 1420.017212 1419.273193 1418.529175 1417.785156 1417.070923 1417.041260 1416.374512 1415.707886 1415.041260 1414.374634 1413.708130 1413.068115 1413.041626 1411.923218 1410.805420 1409.688110 1404.108032 1398.538818 1387.429688 1376.346924 1365.355957 1354.569580 1343.981934 1333.585938 1323.705933 1314.105957 1304.697632 1295.473389 1286.426147 1277.973999 1269.803711 1261.765747
 1423.331787 1423.034180 1422.587769 1421.843750 1421.099731 1420.355713 1419.611694 1418.867676 1418.123657 1417.409424 1417.379639 1416.713013 1416.046387 1415.379761 1414.713135 1414.046509 1413.406494 1413.380005 1412.261597 1411.143799 1410.026367 1404.446167 1398.876831 1387.767334 1376.684326 1365.692993 1354.906128 1344.318115 1333.921753 1324.041382 1314.440918 1305.032227 1295.807495 1286.759766 1278.307251 1270.136353 1262.097900
 1423.618530 1423.320923 1422.874512 1422.130371 1421.386353 1420.642334 1419.898315 1419.154297 1418.410278 1417.696045 1417.666382 1416.999634 1416.333008 1415.666382 1414.999756 1414.333130 1413.693115 1413.666504 1412.548218 1411.430298 1410.312866 1404.732544 1399.163086 1388.053345 1376.969971 1365.978271 1355.191284 1344.602905 1334.206177 1324.325439 1314.724731 1305.315552 1296.090454 1287.042358 1278.589355 1270.417969 1262.379028
 1423.853271 1423.555664 1423.109253 1422.365234 1421.621094 1420.877075 1420.133057 1419.389038 1418.645020 1417.930786 1417.901001 1417.234375 1416.567749 1415.901001 1415.234375 1414.567749 1413.927734 1413.901245 1412.782837 1411.664917 1410.547485 1404.966919 1399.397461 1388.287476 1377.203857 1366.212036 1355.424683 1344.836060 1334.439087 1324.558105 1314.957031 1305.547607 1296.322144 1287.273682 1278.820312 1270.648682 1262.609375
 1424.035889 1423.738281 1423.291870 1422.547852 1421.803833 1421.059814 1420.315796 1419.571655 1418.827637 1418.113403 1418.083618 1417.416992 1416.750366 1416.083618 1415.416992 1414.750366 1414.110352 1414.083740 1412.965332 1411.847534 1410.730103 1405.149414 1399.579834 1388.469604 1377.385864 1366.393799 1355.606201 1345.017456 1334.620239 1324.739014 1315.137695 1305.728149 1296.502441 1287.453735 1279.000122 1270.828125 1262.788452
 1424.166504 1423.868896 1423.422363 1422.678345 1421.934326 1421.190308 1420.446289 1419.702148 1418.958130 1418.243896 1418.214111 1417.547485 1416.880737 1416.214111 1415.547485 1414.880859 1414.240845 1414.214233 1413.095825 1411.977905 1410.860474 1405.279785 1399.710083 1388.599854 1377.515869 1366.523682 1355.736084 1345.147095 1334.749756 1324.868408 1315.266968 1305.857056 1296.631226 1287.582397 1279.128540 1270.956299 1262.916504
 1424.244873 1423.947266 1423.500854 1422.756714 1422.012695 1421.268677 1420.524658 1419.780518 1419.036499 1418.322266 1418.292480 1417.625854 1416.959106 1416.292480 1415.625854 1414.959106 1414.319092 1414.292603 1413.174194 1412.056274 1410.938843 1405.358032 1399.788330 1388.677979 1377.593994 1366.601685 1355.813965 1345.224976 1334.827515 1324.946045 1315.344482 1305.934570 1296.708618 1287.659668 1279.205688 1271.033325 1262.993408
 1424.270996 1423.973389 1423.526978 1422.782959 1422.038818 1421.294800 1420.550781 1419.806763 1419.062622 1418.348389 1418.318726 1417.651978 1416.985229 1416.318604 1415.651978 1414.985229 1414.345337 1414.318726 1413.200317 1412.082397 1410.964966 1405.384155 1399.814453 1388.704102 1377.619995 1366.627686 1355.839966 1345.250854 1334.853394 1324.971924 1315.370361 1305.960449 1296.734375 1287.685425 1279.231445 1271.058960 1263.019043
#
# dtdd (rows - delta, columns - depth)
#
 -999.000000 -999.000000 -999.000000 -999.000000 -999.000000 -999.000000 -999.000000 -999.000000 -999.000000 -999.000000 -999.000000 -999.000000 -999.000000 -999.000000 -999.000000 -999.000000 -999.000000 -999.000000 -999.000000 -999.000000 -999.000000 -999.000000 -999.000000 -999.000000 -999.000000 -999.000000 -999.000000 -999.000000 -999.000000 -999.000000 -999.000000 -999.000000 -999.000000 -999.000000 -999.000000    1.915214    1.915213
    1.915204    1.915204    1.915204    1.915204    1.915204    1.915203    1.915203    1.915203    1.915203    1.915203    1.915203    1.915203    1.915203    1.915203    1.915203    1.915203    1.915203    1.915203    1.915202    1.915202    1.915202    1.915201    1.915200    1.915197    1.915195    1.915191    1.915188    1.915184    1.915180    1.915175    1.915170    1.915164    1.915157    1.915150    1.915141    1.915131    1.915121
    1.915067    1.915067    1.915067    1.915067    1.915067    1.915066    1.915066    1.915066    1.915065    1.915065    1.915065    1.915065    1.915064    1.915064    1.915064    1.915064    1.915063    1.915063    1.915062    1.915062    1.915061    1.915057    1.915053    1.915044    1.915035    1.915026    1.915016    1.915006    1.914995    1.914982    1.914969    1.914955    1.914940    1.914924    1.914906    1.914886    1.914865
    1.914764    1.914764    1.914764    1.914763    1.914763    1.914762    1.914762    1.914761    1.914761    1.914760    1.914760    1.914760    1.914759    1.914759    1.914758    1.914757    1.914757    1.914757    1.914756    1.914754    1.914753    1.914746    1.914739    1.914724    1.914709    1.914693    1.914676    1.914658    1.914640    1.914620    1.914598    1.914575    1.914551    1.914526    1.914497    1.914466    1.914434
    1.914284    1.914284    1.914283    1.914282    1.914282    1.914281    1.914280    1.914279    1.914279    1.914278    1.914278    1.914277    1.914276    1.914275    1.914274    1.914274    1.914273    1.914273    1.914271    1.914269    1.914267    1.914256    1.914246    1.914225    1.914202    1.914180    1.914155    1.914130    1.914104    1.914075    1.914045    1.914013    1.913979    1.913943    1.913904    1.913862    1.913817
    1.913613    1.913613    1.913612    1.913611    1.913610    1.913609    1.913608    1.913607    1.913606    1.913605    1.913605    1.913604    1.913603    1.913602    1.913601    1.913600    1.913599    1.913599    1.913596    1.913593    1.913590    1.913576    1.913563    1.913534    1.913504    1.913474    1.913442    1.913409    1.913374    1.913336    1.913296    1.913254    1.913210    1.913164    1.913113    1.913058    1.913000
    1.912739    1.912739    1.912738    1.912737    1.912735    1.912734    1.912733    1.912732    1.912730    1.912729    1.912729    1.912728    1.912726    1.912725    1.912723    1.912722    1.912720    1.912720    1.912717    1.912713    1.912710    1.912692    1.912675    1.912638    1.912601    1.912563    1.912522    1.912480    1.912436    1.912389    1.912339    1.912286    1.912231    1.912173    1.912109    1.912041    1.911970
    1.911647    1.911647    1.911646    1.911644    1.911643    1.911641    1.911639    1.911638    1.911636    1.911635    1.911635    1.911633    1.911631    1.911629    1.911628    1.911626    1.911624    1.911624    1.911620    1.911616    1.911611    1.911590    1.911568    1.911524    1.911478    1.911431    1.911382    1.911330    1.911277    1.911219    1.911158    1.911094    1.911027    1.910957    1.910880    1.910798    1.910712
    1.910322    1.910321    1.910320    1.910318    1.910317    1.910315    1.910313    1.910311    1.910309    1.910307    1.910307    1.910305    1.910303    1.910301    1.910299    1.910296    1.910294    1.910294    1.910289    1.910284    1.910279    1.910253    1.910227    1.910174    1.910119    1.910063    1.910004    1.909943    1.909879    1.909810    1.909737    1.909661    1.909581    1.909498    1.909406    1.909309    1.909207
    1.908745    1.908744    1.908743    1.908740    1.908738    1.908736    1.908734    1.908731    1.908729    1.908727    1.908727    1.908724    1.908722    1.908719    1.908717    1.908714    1.908712    1.908712    1.908706    1.908700    1.908694    1.908663    1.908633    1.908570    1.908505    1.908439    1.908370    1.908298    1.908222    1.908141    1.908056    1.907967    1.907873    1.907776    1.907668    1.907554    1.907435
    1.906894    1.906893    1.906891    1.906889    1.906886    1.906883    1.906881    1.906878    1.906876    1.906873    1.906873    1.906870    1.906867    1.906864    1.906861    1.906858    1.906856    1.906855    1.906848    1.906841    1.906834    1.906799    1.906763    1.906690    1.906615    1.906538    1.906458    1.906374    1.906287    1.906193    1.906094    1.905990    1.905882    1.905769    1.905645    1.905513    1.905375
    1.904749    1.904747    1.904746    1.904743    1.904740    1.904737    1.904734    1.904731    1.904728    1.904725    1.904725    1.904721    1.904718    1.904715    1.904711    1.904708    1.904705    1.904704    1.904696    1.904688    1.904680    1.904639    1.904598    1.904514    1.904428    1.904339    1.904246    1.904150    1.904050    1.903942    1.903828    1.903709    1.903585    1.903456    1.903313    1.903162    1.903004
    1.902285    1.902283    1.902281    1.902278    1.902274    1.902271    1.902267    1.902264    1.902261    1.902257    1.902257    1.902253    1.902250    1.902246    1.902242    1.902238    1.902234    1.902234    1.902225    1.902216    1.902206    1.902160    1.902113    1.902017    1.901918    1.901817    1.901711    1.901602    1.901487    1.901364    1.901235    1.901099    1.900958    1.900810    1.900648    1.900476    1.900297
    1.899475    1.899473    1.899471    1.899467    1.899463    1.899459    1.899456    1.899452    1.899448    1.899444    1.899444    1.899439    1.899435    1.899431    1.899426    1.899422    1.899418    1.899418    1.899407    1.899397    1.899386    1.899333    1.899280    1.899171    1.899059    1.898944    1.898825    1.898700    1.898571    1.898431    1.898284    1.898131    1.897971    1.897804    1.897620    1.897426    1.897223
    1.896289    1.896288    1.896285    1.896281    1.896276    1.896272    1.896268    1.896263    1.896259    1.896255    1.896254    1.896249    1.896245    1.896240    1.896235    1.896230    1.896225    1.896225    1.896213    1.896201    1.896189    1.896130    1.896069    1.895946    1.895820    1.895691    1.895556    1.895415    1.895269    1.895112    1.894947    1.894774    1.894594    1.894405    1.894199    1.893980    1.893752
    1.892694    1.892692    1.892689    1.892684    1.892679    1.892674    1.892670    1.892665    1.892660    1.892655    1.892655    1.892649    1.892644    1.892638    1.892633    1.892627    1.892622    1.892621    1.892608    1.892595    1.892582    1.892514    1.892446    1.892308    1.892167    1.892021    1.891869    1.891712    1.891548    1.891371    1.891186    1.890992    1.890790    1.890578    1.890347    1.890101    1.889845
    1.888651    1.888649    1.888646    1.888640    1.888635    1.888629    1.888624    1.888618    1.888613    1.888607    1.888607    1.888601    1.888595    1.888589    1.888582    1.888576    1.888570    1.888570    1.888555    1.888540    1.888525    1.888450    1.888374    1.888219    1.888060    1.887897    1.887728    1.887551    1.887367    1.887170    1.886962    1.886745    1.886519    1.886282    1.886023    1.885749    1.885463
    1.884117    1.884115    1.884111    1.884105    1.884099    1.884093    1.884087    1.884081    1.884074    1.884068    1.884068    1.884061    1.884054    1.884047    1.884040    1.884033    1.884027    1.884027    1.884010    1.883993    1.883977    1.883893    1.883808    1.883635    1.883458    1.883276    1.883087    1.882890    1.882685    1.882465    1.882233    1.881991    1.881739    1.881476    1.881187    1.880882    1.880563
    1.879052    1.879049    1.879045    1.879038    1.879032    1.879025    1.879018    1.879011    1.879004    1.878997    1.878997    1.878989    1.878982    1.878974    1.878966    1.878959    1.878951    1.878951    1.878932    1.878914    1.878895    1.878802    1.878707    1.878515    1.878318    1.878115    1.877905    1.877686    1.877458    1.877213    1.876955    1.876686    1.876406    1.876113    1.875793    1.875453    1.875099
    1.873403    1.873400    1.873396    1.873388    1.873381    1.873373    1.873365    1.873358    1.873350    1.873343    1.873342    1.873334    1.873325    1.873317    1.873308    1.873300    1.873291    1.873291    1.873271    1.873250    1.873229    1.873126    1.873021    1.872807    1.872589    1.872364    1.872130    1.871887    1.871634    1.871363    1.871077    1.870779    1.870468    1.870144    1.869788    1.869412    1.869020
    1.867118    1.867114    1.867109    1.867101    1.867092    1.867084    1.867075    1.867067    1.867058    1.867050    1.867050    1.867041    1.867031    1.867021    1.867012    1.867002    1.866993    1.866993    1.866970    1.866947    1.866925    1.866809    1.866693    1.866456    1.866214    1.865965    1.865706    1.865437    1.865157    1.864856    1.864539    1.864209    1.863865    1.863506    1.863112    1.862696    1.862262
    1.860131    1.860128    1.860122    1.860113    1.860103    1.860094    1.860085    1.860075    1.860066    1.860057    1.860057    1.860046    1.860036    1.860025    1.860015    1.860004    1.859994    1.859994    1.859968    1.859943    1.859918    1.859791    1.859662    1.859400    1.859132    1.858857    1.858570    1.858273    1.857963    1.857630    1.857280    1.856915    1.856535    1.856138    1.855703    1.855242    1.854763
    1.852376    1.852371    1.852365    1.852355    1.852345    1.852334    1.852324    1.852314    1.852303    1.852293    1.852293    1.852281    1.852270    1.852258    1.852247    1.852235    1.852224    1.852223    1.852196    1.852168    1.852140    1.851999    1.851857    1.851568    1.851273    1.850969    1.850654    1.850326    1.849985    1.849618    1.849233    1.848832    1.848413    1.847977    1.847499    1.846993    1.846467
    1.843808    1.843804    1.843797    1.843786    1.843774    1.843763    1.843752    1.843740    1.843729    1.843718    1.843718    1.843705    1.843692    1.843679    1.843667    1.843654    1.843642    1.843641    1.843611    1.843580    1.843550    1.843396    1.843240    1.842923    1.842599    1.842266    1.841919    1.841560    1.841186    1.840784    1.840361    1.839921    1.839462    1.838984    1.838460    1.837906    1.837329
    1.834365    1.834360    1.834353    1.834340    1.834328    1.834316    1.834303    1.834291    1.834278    1.834266    1.834266    1.834252    1.834238    1.834224    1.834210    1.834196    1.834183    1.834182    1.834149    1.834115    1.834082    1.833913    1.833742    1.833395    1.833039    1.832674    1.832295    1.831901    1.831491    1.831051    1.830588    1.830106    1.829603    1.829080    1.828506    1.827899    1.827268
    1.823960    1.823955    1.823947    1.823933    1.823919    1.823906    1.823892    1.823879    1.823865    1.823852    1.823851    1.823836    1.823821    1.823806    1.823790    1.823775    1.823760    1.823760    1.823723    1.823686    1.823650    1.823464    1.823277    1.822896    1.822507    1.822107    1.821691    1.821259    1.820810    1.820328    1.819821    1.819293    1.818743    1.818170    1.817542    1.816878    1.816188
    1.812497    1.812491    1.812482    1.812467    1.812452    1.812437    1.812423    1.812408    1.812393    1.812378    1.812378    1.812361    1.812344    1.812328    1.812311    1.812294    1.812278    1.812278    1.812238    1.812197    1.812157    1.811955    1.811750    1.811334    1.810908    1.810471    1.810017    1.809545    1.809054    1.808527    1.807974    1.807397    1.806796    1.806170    1.805484    1.804759    1.804005
    1.799881    1.799875    1.799865    1.799849    1.799833    1.799817    1.799800    1.799784    1.799768    1.799752    1.799751    1.799733    1.799715    1.799697    1.799678    1.799660    1.799643    1.799642    1.799598    1.799554    1.799510    1.799289    1.799065    1.798610    1.798146    1.797668    1.797172    1.796657    1.796121    1.795546    1.794942    1.794313    1.793658    1.792976    1.792228    1.791438    1.790616
    1.786019    1.786012    1.786002    1.785984    1.785966    1.785949    1.785931    1.785913    1.785896    1.785879    1.785878    1.785858    1.785838    1.785818    1.785798    1.785778    1.785759    1.785758    1.785711    1.785663    1.785615    1.785374    1.785131    1.784636    1.784130    1.783610    1.783070    1.782509    1.781926    1.781300    1.780643    1.779958    1.779245    1.778503    1.777689    1.776829    1.775935
    1.770814    1.770806    1.770795    1.770776    1.770757    1.770737    1.770718    1.770699    1.770680    1.770661    1.770661    1.770639    1.770618    1.770596    1.770574    1.770553    1.770532    1.770531    1.770480    1.770428    1.770376    1.770115    1.769852    1.769316    1.768769    1.768207    1.767624    1.767018    1.766390    1.765715    1.765007    1.764270    1.763503    1.762704    1.761831    1.760908    1.759951
    1.754304    1.754296    1.754284    1.754263    1.754243    1.754222    1.754201    1.754181    1.754160    1.754140    1.754140    1.754117    1.754093    1.754070    1.754047    1.754024    1.754002    1.754001    1.753946    1.753890    1.753835    1.753555    1.753272    1.752698    1.752111    1.751509    1.750884    1.750235    1.749561    1.748838    1.748079    1.747290    1.746467    1.745612    1.744675    1.743685    1.742658
    1.736405    1.736396    1.736382    1.736360    1.736338    1.736316    1.736294    1.736272    1.736250    1.736228    1.736227    1.736203    1.736178    1.736153    1.736128    1.736103    1.736079    1.736078    1.736019    1.735959    1.735899    1.735598    1.735294    1.734675    1.734043    1.733395    1.732721    1.732022    1.731295    1.730516    1.729698    1.728846    1.727960    1.727037    1.726028    1.724961    1.723854
    1.716888    1.716879    1.716864    1.716840    1.716817    1.716793    1.716769    1.716745    1.716721    1.716698    1.716697    1.716670    1.716643    1.716617    1.716590    1.716563    1.716537    1.716536    1.716472    1.716407    1.716343    1.716018    1.715690    1.715023    1.714343    1.713645    1.712920    1.712169    1.711389    1.710553    1.709676    1.708764    1.707815    1.706829    1.705751    1.704613    1.703433
    1.695776    1.695765    1.695750    1.695725    1.695700    1.695675    1.695649    1.695624    1.695599    1.695574    1.695573    1.695545    1.695516    1.695488    1.695460    1.695431    1.695404    1.695403    1.695335    1.695267    1.695198    1.694855    1.694507    1.693802    1.693082    1.692343    1.691577    1.690782    1.689957    1.689072    1.688145    1.687181    1.686178    1.685136    1.683997    1.682795    1.681549
    1.673151    1.673140    1.673124    1.673097    1.673071    1.673044    1.673017    1.672990    1.672964    1.672938    1.672937    1.672907    1.672877    1.672847    1.672817    1.672786    1.672758    1.672756    1.672684    1.672612    1.672540    1.672176    1.671809    1.671062    1.670301    1.669519    1.668708    1.667867    1.666994    1.666058    1.665077    1.664057    1.662996    1.661893    1.660687    1.659415    1.658096
    1.648848    1.648836    1.648819    1.648791    1.648763    1.648734    1.648706    1.648678    1.648649    1.648622    1.648621    1.648589    1.648557    1.648525    1.648494    1.648462    1.648431    1.648430    1.648354    1.648277    1.648201    1.647815    1.647426    1.646635    1.645829    1.645001    1.644142    1.643252    1.642328    1.641337    1.640298    1.639219    1.638098    1.636932    1.635660    1.634319    1.632929
    1.622801    1.622789    1.622771    1.622741    1.622712    1.622682    1.622652    1.622622    1.622593    1.622564    1.622563    1.622530    1.622496    1.622463    1.622430    1.622396    1.622364    1.622363    1.622283    1.622203    1.622123    1.621719    1.621311    1.620484    1.619640    1.618774    1.617876    1.616946    1.615982    1.614948    1.613866    1.612741    1.611572    1.610359    1.609033    1.607637    1.606190
    1.595177    1.595164    1.595146    1.595115    1.595084    1.595053    1.595022    1.594991    1.594960    1.594930    1.594929    1.594895    1.594860    1.594825    1.594790    1.594756    1.594722    1.594721    1.594638    1.594554    1.594471    1.594051    1.593626    1.592765    1.591886    1.590985    1.590051    1.589083    1.588080    1.587004    1.585878    1.584708    1.583493    1.582230    1.580852    1.579400    1.577896
    1.565905    1.565892    1.565873    1.565841    1.565809    1.565776    1.565744    1.565712    1.565680    1.565649    1.565647    1.565611    1.565575    1.565539    1.565503    1.565467    1.565432    1.565431    1.565344    1.565257    1.565170    1.564733    1.564292    1.563395    1.562482    1.561545    1.560573    1.559567    1.558524    1.557406    1.556235    1.555020    1.553757    1.552446    1.551014    1.549507    1.547946
    1.534904    1.534891    1.534871    1.534838    1.534804    1.534771    1.534738    1.534705    1.534671    1.534639    1.534638    1.534600    1.534563    1.534526    1.534488    1.534451    1.534415    1.534413    1.534324    1.534234    1.534144    1.533692    1.533235    1.532308    1.531363    1.530395    1.529392    1.528352    1.527276    1.526123    1.524916    1.523663    1.522362    1.521012    1.519539    1.517989    1.516384
    1.502300    1.502287    1.502266    1.502232    1.502198    1.502164    1.502129    1.502095    1.502061    1.502028    1.502026    1.501988    1.501950    1.501911    1.501873    1.501834    1.501797    1.501796    1.501704    1.501612    1.501519    1.501055    1.500586    1.499634    1.498664    1.497670    1.496641    1.495574    1.494469    1.493286    1.492049    1.490764    1.489431    1.488049    1.486541    1.484954    1.483313
    1.468162    1.468148    1.468127    1.468092    1.468057    1.468023    1.467988    1.467953    1.467918    1.467884    1.467883    1.467844    1.467805    1.467765    1.467726    1.467687    1.467649    1.467648    1.467554    1.467460    1.467366    1.466892    1.466414    1.465444    1.464456    1.463444    1.462395    1.461309    1.460185    1.458982    1.457723    1.456417    1.455061    1.453656    1.452123    1.450511    1.448843
    1.432604    1.432590    1.432568    1.432533    1.432498    1.432462    1.432427    1.432391    1.432356    1.432322    1.432320    1.432281    1.432241    1.432201    1.432161    1.432121    1.432083    1.432082    1.431986    1.431891    1.431795    1.431315    1.430829    1.429844    1.428842    1.427814    1.426750    1.425649    1.424508    1.423288    1.422011    1.420686    1.419312    1.417887    1.416334    1.414700    1.413011
    1.395622    1.395608    1.395586    1.395551    1.395515    1.395479    1.395443    1.395407    1.395371    1.395337    1.395335    1.395295    1.395255    1.395215    1.395174    1.395134    1.395095    1.395094    1.394997    1.394901    1.394804    1.394317    1.393826    1.392829    1.391814    1.390774    1.389698    1.388583    1.387430    1.386195    1.384904    1.383565    1.382176    1.380736    1.379166    1.377515    1.375809
    1.357233    1.357219    1.357197    1.357161    1.357125    1.357089    1.357053    1.357017    1.356980    1.356946    1.356944    1.356904    1.356863    1.356823    1.356782    1.356742    1.356703    1.356701    1.356604    1.356507    1.356409    1.355919    1.355425    1.354421    1.353400    1.352354    1.351271    1.350150    1.348991    1.347750    1.346453    1.345108    1.343713    1.342267    1.340692    1.339036    1.337325
    1.317567    1.317552    1.317531    1.317495    1.317458    1.317422    1.317386    1.317350    1.317313    1.317279    1.317277    1.317237    1.317196    1.317155    1.317115    1.317074    1.317035    1.317033    1.316936    1.316839    1.316741    1.316250    1.315755    1.314750    1.313727    1.312680    1.311596    1.310474    1.309314    1.308073    1.306776    1.305431    1.304037    1.302593    1.301020    1.299367    1.297660
    1.276736    1.276722    1.276701    1.276665    1.276629    1.276593    1.276557    1.276521    1.276485    1.276450    1.276448    1.276408    1.276368    1.276327    1.276287    1.276247    1.276208    1.276206    1.276109    1.276013    1.275916    1.275428    1.274935    1.273936    1.272920    1.271879    1.270802    1.269688    1.268535    1.267303    1.266015    1.264679    1.263295    1.261862    1.260300    1.258660    1.256965
    1.234864    1.234850    1.234829    1.234793    1.234758    1.234722    1.234686    1.234650    1.234615    1.234580    1.234579    1.234539    1.234499    1.234459    1.234419    1.234378    1.234340    1.234338    1.234242    1.234146    1.234050    1.233566    1.233078    1.232087    1.231078    1.230046    1.228978    1.227872    1.226729    1.225507    1.224229    1.222905    1.221532    1.220110    1.218562    1.216935    1.215255
    1.191880    1.191866    1.191845    1.191809    1.191774    1.191738    1.191703    1.191668    1.191632    1.191598    1.191597    1.191557    1.191517    1.191478    1.191438    1.191398    1.191360    1.191358    1.191263    1.191168    1.191073    1.190593    1.190109    1.189128    1.188129    1.187106    1.186048    1.184954    1.183822    1.182611    1.181347    1.180036    1.178677    1.177271    1.175740    1.174133    1.172473
    1.147873    1.147859    1.147838    1.147803    1.147769    1.147734    1.147699    1.147664    1.147630    1.147596    1.147595    1.147556    1.147517    1.147478    1.147439    1.147400    1.147362    1.147361    1.147268    1.147174    1.147081    1.146610    1.146135    1.145172    1.144193    1.143190    1.142153    1.141081    1.139972    1.138787    1.137548    1.136265    1.134936    1.133560    1.132063    1.130490    1.128867
    1.103125    1.103112    1.103091    1.103058    1.103024    1.102990    1.102956    1.102922    1.102888    1.102855    1.102854    1.102816    1.102778    1.102740    1.102702    1.102664    1.102627    1.102625    1.102534    1.102443    1.102352    1.101892    1.101428    1.100488    1.099531    1.098552    1.097538    1.096491    1.095408    1.094250    1.093040    1.091787    1.090489    1.089144    1.087681    1.086145    1.084560
    1.057584    1.057571    1.057551    1.057518    1.057485    1.057452    1.057419    1.057385    1.057352    1.057320    1.057319    1.057282    1.057245    1.057208    1.057170    1.057133    1.057097    1.057096    1.057007    1.056918    1.056829    1.056380    1.055927    1.055009    1.054075    1.053119    1.052130    1.051107    1.050050    1.048920    1.047740    1.046517    1.045251    1.043939    1.042512    1.041014    1.039468
    1.011246    1.011233    1.011214    1.011182    1.011150    1.011118    1.011085    1.011053    1.011021    1.010990    1.010989    1.010953    1.010917    1.010880    1.010844    1.010808    1.010774    1.010772    1.010686    1.010599    1.010513    1.010077    1.009637    1.008746    1.007840    1.006912    1.005953    1.004961    1.003936    1.002841    1.001696    1.000511    0.999284    0.998013    0.996631    0.995180    0.993683
    0.964281    0.964269    0.964250    0.964219    0.964188    0.964157    0.964126    0.964095    0.964064    0.964034    0.964033    0.963998    0.963963    0.963928    0.963893    0.963858    0.963825    0.963824    0.963740    0.963657    0.963573    0.963152    0.962728    0.961867    0.960992    0.960097    0.959170    0.958213    0.957223    0.956165    0.955060    0.953916    0.952731    0.951504    0.950169    0.948769    0.947323
    0.916679    0.916667    0.916649    0.916619    0.916589    0.916559    0.916529    0.916499    0.916469    0.916440    0.916439    0.916405    0.916372    0.916338    0.916305    0.916271    0.916239    0.916237    0.916157    0.916076    0.915996    0.915590    0.915181    0.914351    0.913507    0.912644    0.911751    0.910827    0.909873    0.908853    0.907789    0.906686    0.905544    0.904362    0.903076    0.901726    0.900333
    0.868414    0.868403    0.868385    0.868357    0.868328    0.868299    0.868271    0.868242    0.868213    0.868185    0.868184    0.868152    0.868120    0.868088    0.868055    0.868023    0.867992    0.867991    0.867914    0.867836    0.867759    0.867370    0.866978    0.866182    0.865373    0.864545    0.863690    0.862805    0.861891    0.860914    0.859894    0.858837    0.857744    0.856612    0.855381    0.854089    0.852756
    0.819646    0.819635    0.819618    0.819591    0.819564    0.819536    0.819509    0.819481    0.819454    0.819428    0.819427    0.819396    0.819365    0.819335    0.819304    0.819273    0.819244    0.819242    0.819169    0.819095    0.819022    0.818651    0.818277    0.817519    0.816749    0.815960    0.815145    0.814303    0.813432    0.812501    0.811530    0.810524    0.809482    0.808404    0.807232    0.806002    0.804734
    0.770432    0.770422    0.770406    0.770381    0.770355    0.770329    0.770303    0.770277    0.770251    0.770226    0.770225    0.770196    0.770167    0.770137    0.770108    0.770079    0.770051    0.770050    0.769980    0.769911    0.769841    0.769490    0.769135    0.768417    0.767686    0.766939    0.766166    0.765367    0.764542    0.763660    0.762739    0.761786    0.760799    0.759777    0.758667    0.757502    0.756299
    0.720803    0.720793    0.720778    0.720754    0.720729    0.720705    0.720680    0.720656    0.720631    0.720608    0.720607    0.720580    0.720552    0.720525    0.720497    0.720470    0.720443    0.720442    0.720376    0.720311    0.720245    0.719913    0.719579    0.718902    0.718212    0.717508    0.716779    0.716026    0.715247    0.714416    0.713548    0.712649    0.711718    0.710755    0.709708    0.708610    0.707477
    0.670778    0.670769    0.670755    0.670732    0.670709    0.670686    0.670663    0.670640    0.670617    0.670595    0.670594    0.670569    0.670543    0.670517    0.670491    0.670466    0.670441    0.670440    0.670378    0.670317    0.670255    0.669944    0.669631    0.668995    0.668349    0.667688    0.667005    0.666299    0.665569    0.664789    0.663976    0.663133    0.662261    0.661358    0.660377    0.659347    0.658285
    0.620386    0.620378    0.620365    0.620344    0.620322    0.620301    0.620279    0.620258    0.620237    0.620216    0.620215    0.620191    0.620167    0.620143    0.620119    0.620095    0.620072    0.620071    0.620014    0.619957    0.619899    0.619610    0.619318    0.618726    0.618125    0.617510    0.616874    0.616216    0.615537    0.614812    0.614054    0.613270    0.612458    0.611618    0.610705    0.609747    0.608759
    0.569679    0.569672    0.569660    0.569640    0.569620    0.569601    0.569581    0.569561    0.569541    0.569522    0.569521    0.569499    0.569477    0.569455    0.569433    0.569411    0.569389    0.569389    0.569336    0.569283    0.569229    0.568962    0.568693    0.568146    0.567591    0.567023    0.566435    0.565828    0.565201    0.564530    0.563831    0.563107    0.562357    0.561582    0.560739    0.559854    0.558942
    0.518683    0.518676    0.518665    0.518647    0.518629    0.518611    0.518593    0.518575    0.518557    0.518539    0.518539    0.518518    0.518498    0.518478    0.518458    0.518437    0.518418    0.518417    0.518369    0.518320    0.518271    0.518027    0.517780    0.517280    0.516771    0.516251    0.515714    0.515158    0.514584    0.513970    0.513330    0.512668    0.511982    0.511272    0.510500    0.509691    0.508856
    0.467429    0.467423    0.467413    0.467397    0.467380    0.467364    0.467348    0.467331    0.467315    0.467299    0.467298    0.467280    0.467262    0.467243    0.467225    0.467207    0.467189    0.467188    0.467145    0.467101    0.467057    0.466835    0.466612    0.466159    0.465699    0.465229    0.464742    0.464240    0.463720    0.463165    0.462586    0.461987    0.461367    0.460725    0.460027    0.459295    0.458540
    0.416010    0.416004    0.415995    0.415981    0.415966    0.415952    0.415937    0.415922    0.415908    0.415894    0.415893    0.415877    0.415860    0.415844    0.415828    0.415811    0.415796    0.415795    0.415756    0.415717    0.415677    0.415480    0.415280    0.414877    0.414466    0.414046    0.413612    0.413163    0.412700    0.412205    0.411688    0.411153    0.410599    0.410026    0.409404    0.408751    0.408077
    0.364431    0.364426    0.364418    0.364405    0.364393    0.364380    0.364367    0.364354    0.364341    0.364329    0.364328    0.364314    0.364300    0.364285    0.364271    0.364256    0.364243    0.364242    0.364208    0.364173    0.364139    0.363965    0.363790    0.363435    0.363074    0.362705    0.362323    0.361929    0.361521    0.361086    0.360632    0.360162    0.359675    0.359172    0.358625    0.358051    0.357459
    0.312678    0.312674    0.312667    0.312656    0.312645    0.312634    0.312623    0.312612    0.312601    0.312590    0.312590    0.312577    0.312565    0.312553    0.312540    0.312528    0.312516    0.312515    0.312486    0.312456    0.312426    0.312277    0.312126    0.311821    0.311510    0.311192    0.310864    0.310525    0.310174    0.309799    0.309409    0.309004    0.308585    0.308152    0.307681    0.307187    0.306678
    0.260776    0.260772    0.260767    0.260757    0.260748    0.260739    0.260730    0.260720    0.260711    0.260702    0.260702    0.260692    0.260681    0.260671    0.260661    0.260650    0.260640    0.260640    0.260615    0.260590    0.260565    0.260440    0.260314    0.260059    0.259799    0.259533    0.259259    0.258975    0.258682    0.258369    0.258042    0.257704    0.257354    0.256991    0.256598    0.256185    0.255759
    0.208745    0.208742    0.208738    0.208730    0.208723    0.208715    0.208708    0.208701    0.208693    0.208686    0.208686    0.208677    0.208669    0.208661    0.208653    0.208644    0.208636    0.208636    0.208616    0.208596    0.208576    0.208476    0.208375    0.208170    0.207962    0.207748    0.207528    0.207301    0.207065    0.206814    0.206552    0.206281    0.206000    0.205709    0.205394    0.205062    0.204721
    0.156614    0.156612    0.156608    0.156603    0.156597    0.156592    0.156586    0.156581    0.156575    0.156570    0.156570    0.156563    0.156557    0.156551    0.156545    0.156538    0.156532    0.156532    0.156517    0.156502    0.156487    0.156412    0.156336    0.156182    0.156025    0.155865    0.155700    0.155529    0.155352    0.155163    0.154966    0.154762    0.154551    0.154333    0.154096    0.153847    0.153591
    0.104455    0.104454    0.104452    0.104448    0.104444    0.104441    0.104437    0.104433    0.104430    0.104426    0.104426    0.104422    0.104417    0.104413    0.104409    0.104405    0.104401    0.104401    0.104391    0.104381    0.104371    0.104321    0.104270    0.104167    0.104063    0.103956    0.103846    0.103732    0.103614    0.103488    0.103357    0.103221    0.103080    0.102935    0.102776    0.102610    0.102439
    0.052284    0.052284    0.052283    0.052281    0.052279    0.052277    0.052275    0.052273    0.052271    0.052270    0.052270    0.052268    0.052265    0.052263    0.052261    0.052259    0.052257    0.052257    0.052252    0.052247    0.052242    0.052217    0.052192    0.052140    0.052088    0.052034    0.051979    0.051922    0.051863    0.051800    0.051734    0.051666    0.051595    0.051522    0.051443    0.051360    0.051274
    0.000003    0.000003    0.000003    0.000003    0.000003    0.000003    0.000003    0.000003    0.000003    0.000003    0.000003    0.000003    0.000003    0.000003    0.000003    0.000003    0.000003    0.000003    0.000003    0.000003    0.000003    0.000003    0.000003    0.000003    0.000003    0.000003    0.000003    0.000003    0.000003    0.000003    0.000003    0.000003    0.000003    0.000003    0.000003    0.000003    0.000003
#
# dtdh (rows - delta, columns - depth)
#
 -999.000000 -999.000000 -999.000000 -999.000000 -999.000000 -999.000000 -999.000000 -999.000000 -999.000000 -999.000000 -999.000000 -999.000000 -999.000000 -999.000000 -999.000000 -999.000000 -999.000000 -999.000000 -999.000000 -999.000000 -999.000000 -999.000000 -999.000000 -999.000000 -999.000000 -999.000000 -999.000000 -999.000000 -999.000000 -999.000000 -999.000000 -999.000000 -999.000000 -999.000000 -999.000000   -0.160537   -0.159039
   -0.297120   -0.297120   -0.297120   -0.297119   -0.297119   -0.297119   -0.297118   -0.297118   -0.297118   -0.297117   -0.266106   -0.266106   -0.266105   -0.266105   -0.266105   -0.266104   -0.266104   -0.223042   -0.222953   -0.222863   -0.222774   -0.222327   -0.221883   -0.221224   -0.220720   -0.217055   -0.212978   -0.209050   -0.205261   -0.193112   -0.189165   -0.185377   -0.181733   -0.178228   -0.164058   -0.160537   -0.159039
   -0.297120   -0.297120   -0.297120   -0.297120   -0.297119   -0.297119   -0.297118   -0.297118   -0.297118   -0.297117   -0.266106   -0.266106   -0.266106   -0.266105   -0.266105   -0.266104   -0.266104   -0.223042   -0.222953   -0.222863   -0.222774   -0.222327   -0.221883   -0.221225   -0.220720   -0.217056   -0.212979   -0.209050   -0.205261   -0.193112   -0.189165   -0.185377   -0.181733   -0.178229   -0.164058   -0.160538   -0.159039
   -0.297120   -0.297120   -0.297120   -0.297120   -0.297119   -0.297119   -0.297118   -0.297118   -0.297118   -0.297117   -0.266107   -0.266106   -0.266106   -0.266105   -0.266105   -0.266104   -0.266104   -0.223042   -0.222953   -0.222863   -0.222774   -0.222328   -0.221883   -0.221225   -0.220720   -0.217056   -0.212979   -0.209050   -0.205261   -0.193112   -0.189165   -0.185377   -0.181733   -0.178229   -0.164058   -0.160538   -0.159040
   -0.297121   -0.297121   -0.297120   -0.297120   -0.297120   -0.297119   -0.297119   -0.297118   -0.297118   -0.297118   -0.266107   -0.266106   -0.266106   -0.266106   -0.266105   -0.266105   -0.266104   -0.223043   -0.222953   -0.222864   -0.222774   -0.222328   -0.221883   -0.221225   -0.220721   -0.217056   -0.212979   -0.209051   -0.205262   -0.193113   -0.189166   -0.185378   -0.181734   -0.178230   -0.164059   -0.160539   -0.159041
   -0.297121   -0.297121   -0.297121   -0.297120   -0.297120   -0.297120   -0.297119   -0.297119   -0.297118   -0.297118   -0.266107   -0.266107   -0.266106   -0.266106   -0.266105   -0.266105   -0.266105   -0.223043   -0.222954   -0.222864   -0.222775   -0.222329   -0.221884   -0.221226   -0.220721   -0.217057   -0.212980   -0.209051   -0.205262   -0.193113   -0.189166   -0.185379   -0.181735   -0.178230   -0.164060   -0.160540   -0.159042
   -0.297122   -0.297121   -0.297121   -0.297121   -0.297120   -0.297120   -0.297120   -0.297119   -0.297119   -0.297118   -0.266108   -0.266107   -0.266107   -0.266106   -0.266106   -0.266106   -0.266105   -0.223044   -0.222954   -0.222865   -0.222775   -0.222329   -0.221885   -0.221226   -0.220722   -0.217057   -0.212981   -0.209052   -0.205263   -0.193114   -0.189167   -0.185380   -0.181736   -0.178232   -0.164061   -0.160541   -0.159043
   -0.297122   -0.297122   -0.297122   -0.297121   -0.297121   -0.297121   -0.297120   -0.297120   -0.297119   -0.297119   -0.266108   -0.266108   -0.266108   -0.266107   -0.266107   -0.266106   -0.266106   -0.223045   -0.222955   -0.222866   -0.222776   -0.222330   -0.221885   -0.221227   -0.220723   -0.217058   -0.212982   -0.209053   -0.205264   -0.193115   -0.189168   -0.185381   -0.181737   -0.178233   -0.164063   -0.160543   -0.159045
   -0.297123   -0.297123   -0.297122   -0.297122   -0.297122   -0.297121   -0.297121   -0.297120   -0.297120   -0.297120   -0.266109   -0.266109   -0.266108   -0.266108   -0.266107   -0.266107   -0.266107   -0.223046   -0.222956   -0.222867   -0.222777   -0.222331   -0.221886   -0.221228   -0.220724   -0.217059   -0.212983   -0.209054   -0.205265   -0.193117   -0.189170   -0.185382   -0.181738   -0.178234   -0.164064   -0.160544   -0.159047
   -0.297124   -0.297123   -0.297123   -0.297123   -0.297122   -0.297122   -0.297122   -0.297121   -0.297121   -0.297121   -0.266110   -0.266110   -0.266109   -0.266109   -0.266108   -0.266108   -0.266108   -0.223047   -0.222957   -0.222868   -0.222778   -0.222332   -0.221887   -0.221229   -0.220725   -0.217061   -0.212984   -0.209055   -0.205267   -0.193118   -0.189171   -0.185384   -0.181740   -0.178236   -0.164067   -0.160547   -0.159049
   -0.297125   -0.297124   -0.297124   -0.297124   -0.297123   -0.297123   -0.297123   -0.297122   -0.297122   -0.297121   -0.266111   -0.266111   -0.266110   -0.266110   -0.266109   -0.266109   -0.266109   -0.223048   -0.222959   -0.222869   -0.222780   -0.222333   -0.221889   -0.221231   -0.220726   -0.217062   -0.212985   -0.209057   -0.205268   -0.193120   -0.189173   -0.185386   -0.181742   -0.178238   -0.164069   -0.160549   -0.159051
   -0.297126   -0.297126   -0.297125   -0.297125   -0.297125   -0.297124   -0.297124   -0.297123   -0.297123   -0.297123   -0.266112   -0.266112   -0.266112   -0.266111   -0.266111   -0.266110   -0.266110   -0.223049   -0.222960   -0.222871   -0.222781   -0.222335   -0.221890   -0.221232   -0.220728   -0.217064   -0.212987   -0.209059   -0.205270   -0.193122   -0.189175   -0.185388   -0.181745   -0.178241   -0.164072   -0.160552   -0.159054
   -0.297127   -0.297127   -0.297127   -0.297126   -0.297126   -0.297125   -0.297125   -0.297125   -0.297124   -0.297124   -0.266114   -0.266113   -0.266113   -0.266113   -0.266112   -0.266112   -0.266111   -0.223051   -0.222962   -0.222872   -0.222783   -0.222337   -0.221892   -0.221234   -0.220730   -0.217066   -0.212989   -0.209061   -0.205273   -0.193124   -0.189178   -0.185391   -0.181747   -0.178244   -0.164075   -0.160555   -0.159058
   -0.297128   -0.297128   -0.297128   -0.297128   -0.297127   -0.297127   -0.297126   -0.297126   -0.297126   -0.297125   -0.266116   -0.266115   -0.266115   -0.266114   -0.266114   -0.266113   -0.266113   -0.223053   -0.222964   -0.222874   -0.222785   -0.222339   -0.221894   -0.221236   -0.220732   -0.217068   -0.212992   -0.209063   -0.205275   -0.193127   -0.189181   -0.185394   -0.181750   -0.178247   -0.164078   -0.160559   -0.159062
   -0.297130   -0.297130   -0.297130   -0.297129   -0.297129   -0.297129   -0.297128   -0.297128   -0.297127   -0.297127   -0.266117   -0.266117   -0.266116   -0.266116   -0.266116   -0.266115   -0.266115   -0.223055   -0.222966   -0.222876   -0.222787   -0.222341   -0.221896   -0.221238   -0.220735   -0.217070   -0.212994   -0.209066   -0.205278   -0.193130   -0.189184   -0.185397   -0.181754   -0.178251   -0.164082   -0.160563   -0.159066
   -0.297132   -0.297132   -0.297132   -0.297131   -0.297131   -0.297130   -0.297130   -0.297130   -0.297129   -0.297129   -0.266119   -0.266119   -0.266119   -0.266118   -0.266118   -0.266117   -0.266117   -0.223058   -0.222969   -0.222879   -0.222790   -0.222343   -0.221899   -0.221241   -0.220737   -0.217073   -0.212997   -0.209069   -0.205281   -0.193134   -0.189188   -0.185401   -0.181758   -0.178255   -0.164087   -0.160568   -0.159071
   -0.297134   -0.297134   -0.297134   -0.297133   -0.297133   -0.297132   -0.297132   -0.297132   -0.297131   -0.297131   -0.266122   -0.266121   -0.266121   -0.266121   -0.266120   -0.266120   -0.266119   -0.223061   -0.222971   -0.222882   -0.222792   -0.222346   -0.221902   -0.221244   -0.220740   -0.217076   -0.213000   -0.209072   -0.205285   -0.193137   -0.189192   -0.185405   -0.181762   -0.178259   -0.164092   -0.160573   -0.159077
   -0.297136   -0.297136   -0.297136   -0.297136   -0.297135   -0.297135   -0.297134   -0.297134   -0.297134   -0.297133   -0.266124   -0.266124   -0.266124   -0.266123   -0.266123   -0.266122   -0.266122   -0.223064   -0.222974   -0.222885   -0.222796   -0.222349   -0.221905   -0.221247   -0.220744   -0.217080   -0.213004   -0.209076   -0.205288   -0.193142   -0.189196   -0.185410   -0.181767   -0.178264   -0.164098   -0.160579   -0.159083
   -0.297139   -0.297139   -0.297139   -0.297138   -0.297138   -0.297137   -0.297137   -0.297137   -0.297136   -0.297136   -0.266127   -0.266127   -0.266126   -0.266126   -0.266126   -0.266125   -0.266125   -0.223067   -0.222978   -0.222888   -0.222799   -0.222353   -0.221909   -0.221251   -0.220747   -0.217084   -0.213008   -0.209080   -0.205293   -0.193146   -0.189201   -0.185415   -0.181773   -0.178270   -0.164104   -0.160586   -0.159090
   -0.297142   -0.297142   -0.297141   -0.297141   -0.297141   -0.297140   -0.297140   -0.297140   -0.297139   -0.297139   -0.266131   -0.266130   -0.266130   -0.266129   -0.266129   -0.266128   -0.266128   -0.223071   -0.222982   -0.222892   -0.222803   -0.222357   -0.221913   -0.221255   -0.220752   -0.217088   -0.213013   -0.209085   -0.205298   -0.193152   -0.189207   -0.185421   -0.181779   -0.178276   -0.164111   -0.160593   -0.159097
   -0.297145   -0.297145   -0.297145   -0.297144   -0.297144   -0.297144   -0.297143   -0.297143   -0.297142   -0.297142   -0.266134   -0.266134   -0.266133   -0.266133   -0.266133   -0.266132   -0.266132   -0.223076   -0.222986   -0.222897   -0.222807   -0.222361   -0.221917   -0.221260   -0.220756   -0.217093   -0.213018   -0.209090   -0.205303   -0.193158   -0.189213   -0.185427   -0.181785   -0.178283   -0.164119   -0.160601   -0.159105
   -0.297149   -0.297148   -0.297148   -0.297148   -0.297147   -0.297147   -0.297147   -0.297146   -0.297146   -0.297146   -0.266138   -0.266138   -0.266137   -0.266137   -0.266136   -0.266136   -0.266136   -0.223080   -0.222991   -0.222902   -0.222812   -0.222366   -0.221922   -0.221265   -0.220761   -0.217098   -0.213023   -0.209096   -0.205309   -0.193164   -0.189220   -0.185434   -0.181793   -0.178291   -0.164127   -0.160610   -0.159115
   -0.297152   -0.297152   -0.297152   -0.297152   -0.297151   -0.297151   -0.297151   -0.297150   -0.297150   -0.297150   -0.266143   -0.266142   -0.266142   -0.266141   -0.266141   -0.266141   -0.266140   -0.223086   -0.222996   -0.222907   -0.222817   -0.222372   -0.221928   -0.221270   -0.220767   -0.217104   -0.213029   -0.209103   -0.205316   -0.193171   -0.189227   -0.185442   -0.181801   -0.178299   -0.164137   -0.160620   -0.159125
   -0.297157   -0.297157   -0.297156   -0.297156   -0.297156   -0.297155   -0.297155   -0.297155   -0.297154   -0.297154   -0.266147   -0.266147   -0.266147   -0.266146   -0.266146   -0.266145   -0.266145   -0.223091   -0.223002   -0.222913   -0.222823   -0.222378   -0.221934   -0.221276   -0.220773   -0.217111   -0.213036   -0.209110   -0.205323   -0.193179   -0.189235   -0.185451   -0.181810   -0.178309   -0.164147   -0.160631   -0.159136
   -0.297161   -0.297161   -0.297161   -0.297161   -0.297160   -0.297160   -0.297160   -0.297159   -0.297159   -0.297159   -0.266153   -0.266152   -0.266152   -0.266152   -0.266151   -0.266151   -0.266150   -0.223098   -0.223009   -0.222919   -0.222830   -0.222384   -0.221940   -0.221283   -0.220780   -0.217118   -0.213043   -0.209117   -0.205331   -0.193188   -0.189244   -0.185460   -0.181820   -0.178319   -0.164159   -0.160643   -0.159148
   -0.297167   -0.297167   -0.297166   -0.297166   -0.297166   -0.297165   -0.297165   -0.297165   -0.297164   -0.297164   -0.266159   -0.266158   -0.266158   -0.266157   -0.266157   -0.266157   -0.266156   -0.223105   -0.223016   -0.222926   -0.222837   -0.222391   -0.221947   -0.221291   -0.220788   -0.217126   -0.213052   -0.209126   -0.205340   -0.193197   -0.189254   -0.185470   -0.181830   -0.178330   -0.164171   -0.160656   -0.159162
   -0.297172   -0.297172   -0.297172   -0.297172   -0.297171   -0.297171   -0.297171   -0.297170   -0.297170   -0.297170   -0.266165   -0.266165   -0.266164   -0.266164   -0.266163   -0.266163   -0.266163   -0.223112   -0.223023   -0.222934   -0.222845   -0.222399   -0.221955   -0.221299   -0.220796   -0.217134   -0.213060   -0.209135   -0.205349   -0.193208   -0.189265   -0.185482   -0.181842   -0.178342   -0.164185   -0.160670   -0.159176
   -0.297179   -0.297178   -0.297178   -0.297178   -0.297178   -0.297177   -0.297177   -0.297177   -0.297176   -0.297176   -0.266172   -0.266172   -0.266171   -0.266171   -0.266170   -0.266170   -0.266170   -0.223121   -0.223032   -0.222942   -0.222853   -0.222408   -0.221964   -0.221307   -0.220805   -0.217143   -0.213070   -0.209145   -0.205360   -0.193219   -0.189277   -0.185494   -0.181855   -0.178356   -0.164199   -0.160686   -0.159192
   -0.297185   -0.297185   -0.297185   -0.297185   -0.297184   -0.297184   -0.297184   -0.297183   -0.297183   -0.297183   -0.266180   -0.266179   -0.266179   -0.266178   -0.266178   -0.266178   -0.266177   -0.223130   -0.223041   -0.222951   -0.222862   -0.222417   -0.221973   -0.221317   -0.220815   -0.217154   -0.213081   -0.209156   -0.205371   -0.193232   -0.189290   -0.185507   -0.181869   -0.178370   -0.164216   -0.160702   -0.159210
   -0.297193   -0.297193   -0.297192   -0.297192   -0.297192   -0.297191   -0.297191   -0.297191   -0.297190   -0.297190   -0.266188   -0.266187   -0.266187   -0.266187   -0.266186   -0.266186   -0.266186   -0.223140   -0.223051   -0.222961   -0.222872   -0.222427   -0.221983   -0.221327   -0.220825   -0.217165   -0.213092   -0.209168   -0.205384   -0.193245   -0.189304   -0.185522   -0.181884   -0.178386   -0.164233   -0.160721   -0.159229
   -0.297201   -0.297200   -0.297200   -0.297200   -0.297200   -0.297199   -0.297199   -0.297199   -0.297198   -0.297198   -0.266197   -0.266196   -0.266196   -0.266196   -0.266195   -0.266195   -0.266195   -0.223151   -0.223061   -0.222972   -0.222883   -0.222438   -0.221994   -0.221339   -0.220837   -0.217177   -0.213104   -0.209181   -0.205397   -0.193259   -0.189319   -0.185537   -0.181900   -0.178403   -0.164252   -0.160740   -0.159249
   -0.297209   -0.297209   -0.297209   -0.297208   -0.297208   -0.297208   -0.297208   -0.297207   -0.297207   -0.297207   -0.266206   -0.266206   -0.266206   -0.266205   -0.266205   -0.266205   -0.266204   -0.223162   -0.223073   -0.222984   -0.222894   -0.222449   -0.222006   -0.221351   -0.220849   -0.217189   -0.213118   -0.209194   -0.205411   -0.193275   -0.189335   -0.185554   -0.181918   -0.178421   -0.164272   -0.160761   -0.159270
   -0.297218   -0.297218   -0.297218   -0.297218   -0.297217   -0.297217   -0.297217   -0.297216   -0.297216   -0.297216   -0.266217   -0.266216   -0.266216   -0.266216   -0.266215   -0.266215   -0.266215   -0.223174   -0.223085   -0.222996   -0.222907   -0.222462   -0.222019   -0.221364   -0.220862   -0.217203   -0.213132   -0.209209   -0.205426   -0.193291   -0.189352   -0.185572   -0.181936   -0.178441   -0.164293   -0.160784   -0.159294
   -0.297228   -0.297228   -0.297228   -0.297228   -0.297227   -0.297227   -0.297227   -0.297226   -0.297226   -0.297226   -0.266228   -0.266227   -0.266227   -0.266227   -0.266226   -0.266226   -0.266226   -0.223188   -0.223098   -0.223009   -0.222920   -0.222475   -0.222033   -0.221378   -0.220877   -0.217218   -0.213147   -0.209225   -0.205443   -0.193309   -0.189370   -0.185591   -0.181956   -0.178461   -0.164316   -0.160808   -0.159318
   -0.297238   -0.297238   -0.297238   -0.297238   -0.297238   -0.297237   -0.297237   -0.297237   -0.297236   -0.297236   -0.266239   -0.266239   -0.266239   -0.266238   -0.266238   -0.266238   -0.266237   -0.223202   -0.223112   -0.223023   -0.222934   -0.222490   -0.222047   -0.221392   -0.220891   -0.217233   -0.213163   -0.209241   -0.205460   -0.193328   -0.189390   -0.185611   -0.181977   -0.178483   -0.164340   -0.160833   -0.159344
   -0.297249   -0.297249   -0.297249   -0.297249   -0.297249   -0.297248   -0.297248   -0.297248   -0.297247   -0.297247   -0.266252   -0.266251   -0.266251   -0.266251   -0.266250   -0.266250   -0.266250   -0.223216   -0.223127   -0.223038   -0.222949   -0.222505   -0.222062   -0.221408   -0.220907   -0.217249   -0.213180   -0.209259   -0.205478   -0.193348   -0.189410   -0.185633   -0.181999   -0.178506   -0.164366   -0.160860   -0.159372
   -0.297261   -0.297261   -0.297261   -0.297260   -0.297260   -0.297260   -0.297260   -0.297259   -0.297259   -0.297259   -0.266265   -0.266264   -0.266264   -0.266264   -0.266263   -0.266263   -0.266263   -0.223232   -0.223143   -0.223054   -0.222965   -0.222521   -0.222078   -0.221424   -0.220924   -0.217267   -0.213198   -0.209278   -0.205498   -0.193368   -0.189432   -0.185655   -0.182023   -0.178530   -0.164393   -0.160887   -0.159400
   -0.297273   -0.297273   -0.297273   -0.297273   -0.297272   -0.297272   -0.297272   -0.297272   -0.297271   -0.297271   -0.266278   -0.266278   -0.266278   -0.266277   -0.266277   -0.266277   -0.266276   -0.223248   -0.223159   -0.223070   -0.222981   -0.222537   -0.222095   -0.221441   -0.220941   -0.217285   -0.213217   -0.209297   -0.205518   -0.193390   -0.189455   -0.185679   -0.182047   -0.178556   -0.164421   -0.160916   -0.159430
   -0.297286   -0.297286   -0.297285   -0.297285   -0.297285   -0.297285   -0.297284   -0.297284   -0.297284   -0.297284   -0.266292   -0.266292   -0.266292   -0.266291   -0.266291   -0.266291   -0.266291   -0.223265   -0.223176   -0.223087   -0.222998   -0.222554   -0.222112   -0.221459   -0.220959   -0.217303   -0.213236   -0.209317   -0.205538   -0.193413   -0.189478   -0.185703   -0.182072   -0.178582   -0.164450   -0.160947   -0.159461
   -0.297299   -0.297299   -0.297299   -0.297298   -0.297298   -0.297298   -0.297298   -0.297297   -0.297297   -0.297297   -0.266307   -0.266307   -0.266306   -0.266306   -0.266306   -0.266306   -0.266305   -0.223283   -0.223194   -0.223105   -0.223016   -0.222572   -0.222130   -0.221477   -0.220978   -0.217323   -0.213256   -0.209338   -0.205560   -0.193436   -0.189502   -0.185728   -0.182099   -0.178609   -0.164480   -0.160978   -0.159493
   -0.297312   -0.297312   -0.297312   -0.297312   -0.297312   -0.297311   -0.297311   -0.297311   -0.297311   -0.297310   -0.266322   -0.266322   -0.266322   -0.266321   -0.266321   -0.266321   -0.266321   -0.223301   -0.223212   -0.223123   -0.223034   -0.222591   -0.222149   -0.221496   -0.220998   -0.217343   -0.213277   -0.209359   -0.205582   -0.193460   -0.189527   -0.185754   -0.182125   -0.178637   -0.164511   -0.161010   -0.159526
   -0.297326   -0.297326   -0.297326   -0.297326   -0.297325   -0.297325   -0.297325   -0.297325   -0.297325   -0.297324   -0.266338   -0.266337   -0.266337   -0.266337   -0.266337   -0.266336   -0.266336   -0.223320   -0.223231   -0.223142   -0.223053   -0.222610   -0.222168   -0.221516   -0.221017   -0.217363   -0.213298   -0.209381   -0.205605   -0.193484   -0.189553   -0.185780   -0.182153   -0.178665   -0.164542   -0.161043   -0.159560
   -0.297340   -0.297340   -0.297340   -0.297340   -0.297339   -0.297339   -0.297339   -0.297339   -0.297339   -0.297338   -0.266353   -0.266353   -0.266353   -0.266353   -0.266352   -0.266352   -0.266352   -0.223338   -0.223250   -0.223161   -0.223072   -0.222629   -0.222187   -0.221535   -0.221037   -0.217384   -0.213320   -0.209404   -0.205628   -0.193509   -0.189578   -0.185807   -0.182181   -0.178694   -0.164574   -0.161076   -0.159594
   -0.297354   -0.297354   -0.297354   -0.297354   -0.297354   -0.297354   -0.297353   -0.297353   -0.297353   -0.297353   -0.266369   -0.266369   -0.266369   -0.266369   -0.266369   -0.266368   -0.266368   -0.223358   -0.223269   -0.223180   -0.223091   -0.222648   -0.222207   -0.221555   -0.221058   -0.217405   -0.213341   -0.209426   -0.205651   -0.193535   -0.189605   -0.185834   -0.182209   -0.178723   -0.164606   -0.161109   -0.159628
   -0.297369   -0.297369   -0.297368   -0.297368   -0.297368   -0.297368   -0.297368   -0.297368   -0.297367   -0.297367   -0.266386   -0.266385   -0.266385   -0.266385   -0.266385   -0.266385   -0.266384   -0.223377   -0.223288   -0.223199   -0.223111   -0.222668   -0.222227   -0.221576   -0.221078   -0.217426   -0.213363   -0.209449   -0.205675   -0.193560   -0.189631   -0.185862   -0.182237   -0.178753   -0.164639   -0.161143   -0.159663
   -0.297383   -0.297383   -0.297383   -0.297383   -0.297383   -0.297382   -0.297382   -0.297382   -0.297382   -0.297382   -0.266402   -0.266402   -0.266401   -0.266401   -0.266401   -0.266401   -0.266401   -0.223396   -0.223308   -0.223219   -0.223130   -0.222688   -0.222247   -0.221596   -0.221099   -0.217448   -0.213385   -0.209472   -0.205699   -0.193585   -0.189657   -0.185889   -0.182265   -0.178782   -0.164671   -0.161177   -0.159697
   -0.297397   -0.297397   -0.297397   -0.297397   -0.297397   -0.297397   -0.297397   -0.297397   -0.297396   -0.297396   -0.266418   -0.266418   -0.266418   -0.266417   -0.266417   -0.266417   -0.266417   -0.223416   -0.223327   -0.223238   -0.223150   -0.222707   -0.222267   -0.221616   -0.221120   -0.217469   -0.213407   -0.209494   -0.205722   -0.193611   -0.189684   -0.185916   -0.182294   -0.178811   -0.164703   -0.161210   -0.159732
   -0.297412   -0.297412   -0.297412   -0.297412   -0.297411   -0.297411   -0.297411   -0.297411   -0.297411   -0.297411   -0.266434   -0.266434   -0.266434   -0.266433   -0.266433   -0.266433   -0.266433   -0.223435   -0.223346   -0.223258   -0.223169   -0.222727   -0.222286   -0.221636   -0.221140   -0.217490   -0.213429   -0.209517   -0.205745   -0.193636   -0.189710   -0.185944   -0.182322   -0.178840   -0.164735   -0.161243   -0.159766
   -0.297426   -0.297426   -0.297426   -0.297426   -0.297426   -0.297425   -0.297425   -0.297425   -0.297425   -0.297425   -0.266450   -0.266450   -0.266450   -0.266449   -0.266449   -0.266449   -0.266449   -0.223454   -0.223365   -0.223277   -0.223188   -0.222746   -0.222306   -0.221656   -0.221160   -0.217511   -0.213451   -0.209539   -0.205769   -0.193661   -0.189736   -0.185970   -0.182350   -0.178869   -0.164767   -0.161276   -0.159800
   -0.297440   -0.297440   -0.297440   -0.297440   -0.297440   -0.297439   -0.297439   -0.297439   -0.297439   -0.297439   -0.266466   -0.266465   -0.266465   -0.266465   -0.266465   -0.266465   -0.266465   -0.223473   -0.223384   -0.223296   -0.223207   -0.222765   -0.222325   -0.221676   -0.221180   -0.217531   -0.213472   -0.209561   -0.205791   -0.193686   -0.189761   -0.185997   -0.182377   -0.178898   -0.164798   -0.161309   -0.159833
   -0.297454   -0.297454   -0.297454   -0.297453   -0.297453   -0.297453   -0.297453   -0.297453   -0.297453   -0.297453   -0.266481   -0.266481   -0.266481   -0.266481   -0.266480   -0.266480   -0.266480   -0.223491   -0.223403   -0.223314   -0.223226   -0.222784   -0.222344   -0.221695   -0.221200   -0.217552   -0.213493   -0.209583   -0.205814   -0.193710   -0.189786   -0.186023   -0.182404   -0.178925   -0.164829   -0.161340   -0.159865
   -0.297467   -0.297467   -0.297467   -0.297467   -0.297467   -0.297467   -0.297466   -0.297466   -0.297466   -0.297466   -0.266496   -0.266496   -0.266496   -0.266496   -0.266495   -0.266495   -0.266495   -0.223509   -0.223421   -0.223332   -0.223244   -0.222802   -0.222362   -0.221714   -0.221219   -0.217571   -0.213513   -0.209604   -0.205835   -0.193733   -0.189810   -0.186048   -0.182430   -0.178952   -0.164859   -0.161371   -0.159897
   -0.297480   -0.297480   -0.297480   -0.297480   -0.297480   -0.297480   -0.297480   -0.297479   -0.297479   -0.297479   -0.266511   -0.266511   -0.266510   -0.266510   -0.266510   -0.266510   -0.266510   -0.223527   -0.223438   -0.223350   -0.223261   -0.222820   -0.222380   -0.221732   -0.221237   -0.217590   -0.213533   -0.209625   -0.205857   -0.193756   -0.189834   -0.186072   -0.182455   -0.178979   -0.164888   -0.161401   -0.159928
   -0.297493   -0.297493   -0.297493   -0.297493   -0.297492   -0.297492   -0.297492   -0.297492   -0.297492   -0.297492   -0.266525   -0.266525   -0.266525   -0.266524   -0.266524   -0.266524   -0.266524   -0.223544   -0.223455   -0.223367   -0.223278   -0.222837   -0.222398   -0.221750   -0.221255   -0.217609   -0.213552   -0.209644   -0.205877   -0.193778   -0.189857   -0.186096   -0.182480   -0.179004   -0.164916   -0.161430   -0.159958
   -0.297505   -0.297505   -0.297505   -0.297505   -0.297505   -0.297505   -0.297504   -0.297504   -0.297504   -0.297504   -0.266539   -0.266538   -0.266538   -0.266538   -0.266538   -0.266538   -0.266538   -0.223560   -0.223472   -0.223383   -0.223295   -0.222854   -0.222415   -0.221767   -0.221273   -0.217627   -0.213571   -0.209663   -0.205897   -0.193799   -0.189879   -0.186119   -0.182503   -0.179028   -0.164943   -0.161458   -0.159986
   -0.297517   -0.297517   -0.297517   -0.297516   -0.297516   -0.297516   -0.297516   -0.297516   -0.297516   -0.297516   -0.266552   -0.266552   -0.266551   -0.266551   -0.266551   -0.266551   -0.266551   -0.223576   -0.223487   -0.223399   -0.223311   -0.222870   -0.222431   -0.221783   -0.221289   -0.217644   -0.213589   -0.209682   -0.205916   -0.193820   -0.189900   -0.186141   -0.182526   -0.179052   -0.164969   -0.161485   -0.160014
   -0.297528   -0.297528   -0.297528   -0.297528   -0.297528   -0.297527   -0.297527   -0.297527   -0.297527   -0.297527   -0.266564   -0.266564   -0.266564   -0.266564   -0.266564   -0.266564   -0.266564   -0.223591   -0.223503   -0.223414   -0.223326   -0.222885   -0.222446   -0.221799   -0.221305   -0.217661   -0.213606   -0.209699   -0.205934   -0.193839   -0.189921   -0.186162   -0.182548   -0.179074   -0.164993   -0.161511   -0.160040
   -0.297538   -0.297538   -0.297538   -0.297538   -0.297538   -0.297538   -0.297538   -0.297538   -0.297538   -0.297538   -0.266576   -0.266576   -0.266576   -0.266576   -0.266576   -0.266576   -0.266576   -0.223605   -0.223517   -0.223428   -0.223340   -0.222899   -0.222461   -0.221814   -0.221320   -0.217676   -0.213622   -0.209716   -0.205951   -0.193858   -0.189940   -0.186182   -0.182569   -0.179096   -0.165017   -0.161535   -0.160065
   -0.297548   -0.297548   -0.297548   -0.297548   -0.297548   -0.297548   -0.297548   -0.297548   -0.297548   -0.297548   -0.266587   -0.266587   -0.266587   -0.266587   -0.266587   -0.266587   -0.266587   -0.223619   -0.223530   -0.223442   -0.223354   -0.222913   -0.222475   -0.221828   -0.221335   -0.217691   -0.213637   -0.209732   -0.205968   -0.193876   -0.189958   -0.186201   -0.182588   -0.179116   -0.165039   -0.161558   -0.160089
   -0.297558   -0.297558   -0.297558   -0.297558   -0.297558   -0.297558   -0.297558   -0.297558   -0.297558   -0.297558   -0.266598   -0.266598   -0.266598   -0.266598   -0.266598   -0.266598   -0.266598   -0.223631   -0.223543   -0.223455   -0.223366   -0.222926   -0.222488   -0.221841   -0.221348   -0.217705   -0.213651   -0.209747   -0.205983   -0.193892   -0.189975   -0.186218   -0.182606   -0.179135   -0.165060   -0.161580   -0.160111
   -0.297567   -0.297567   -0.297567   -0.297567   -0.297567   -0.297567   -0.297567   -0.297567   -0.297567   -0.297566   -0.266608   -0.266608   -0.266608   -0.266608   -0.266608   -0.266608   -0.266608   -0.223643   -0.223555   -0.223467   -0.223378   -0.222938   -0.222500   -0.221853   -0.221361   -0.217718   -0.213665   -0.209761   -0.205997   -0.193908   -0.189991   -0.186235   -0.182623   -0.179153   -0.165080   -0.161600   -0.160132
   -0.297575   -0.297575   -0.297575   -0.297575   -0.297575   -0.297575   -0.297575   -0.297575   -0.297575   -0.297575   -0.266617   -0.266617   -0.266617   -0.266617   -0.266617   -0.266617   -0.266617   -0.223654   -0.223566   -0.223478   -0.223390   -0.222949   -0.222511   -0.221865   -0.221373   -0.217730   -0.213677   -0.209773   -0.206010   -0.193922   -0.190006   -0.186250   -0.182639   -0.179169   -0.165098   -0.161619   -0.160151
   -0.297582   -0.297583   -0.297583   -0.297582   -0.297582   -0.297582   -0.297582   -0.297582   -0.297582   -0.297582   -0.266626   -0.266626   -0.266626   -0.266626   -0.266625   -0.266625   -0.266625   -0.223664   -0.223576   -0.223488   -0.223400   -0.222960   -0.222521   -0.221875   -0.221383   -0.217741   -0.213689   -0.209785   -0.206023   -0.193935   -0.190020   -0.186264   -0.182654   -0.179184   -0.165114   -0.161636   -0.160169
   -0.297589   -0.297589   -0.297589   -0.297589   -0.297589   -0.297589   -0.297589   -0.297589   -0.297589   -0.297589   -0.266633   -0.266633   -0.266633   -0.266633   -0.266633   -0.266633   -0.266633   -0.223674   -0.223585   -0.223497   -0.223409   -0.222969   -0.222531   -0.221885   -0.221393   -0.217751   -0.213699   -0.209796   -0.206034   -0.193947   -0.190032   -0.186277   -0.182667   -0.179198   -0.165129   -0.161652   -0.160185
   -0.297596   -0.297596   -0.297596   -0.297596   -0.297596   -0.297595   -0.297595   -0.297595   -0.297595   -0.297595   -0.266640   -0.266640   -0.266640   -0.266640   -0.266640   -0.266640   -0.266640   -0.223682   -0.223594   -0.223505   -0.223417   -0.222977   -0.222539   -0.221894   -0.221402   -0.217760   -0.213708   -0.209806   -0.206044   -0.193958   -0.190043   -0.186289   -0.182679   -0.179210   -0.165143   -0.161666   -0.160199
   -0.297601   -0.297601   -0.297601   -0.297601   -0.297601   -0.297601   -0.297601   -0.297601   -0.297601   -0.297601   -0.266646   -0.266646   -0.266646   -0.266646   -0.266646   -0.266646   -0.266646   -0.223689   -0.223601   -0.223513   -0.223425   -0.222985   -0.222547   -0.221901   -0.221410   -0.217768   -0.213717   -0.209814   -0.206053   -0.193967   -0.190053   -0.186299   -0.182690   -0.179221   -0.165155   -0.161679   -0.160212
   -0.297606   -0.297606   -0.297606   -0.297606   -0.297606   -0.297606   -0.297606   -0.297606   -0.297606   -0.297606   -0.266652   -0.266652   -0.266652   -0.266652   -0.266652   -0.266652   -0.266652   -0.223696   -0.223608   -0.223519   -0.223431   -0.222991   -0.222553   -0.221908   -0.221416   -0.217775   -0.213724   -0.209822   -0.206060   -0.193976   -0.190062   -0.186308   -0.182699   -0.179231   -0.165166   -0.161690   -0.160223
   -0.297610   -0.297610   -0.297610   -0.297610   -0.297610   -0.297610   -0.297610   -0.297610   -0.297610   -0.297610   -0.266656   -0.266656   -0.266656   -0.266656   -0.266656   -0.266656   -0.266656   -0.223701   -0.223613   -0.223525   -0.223437   -0.222997   -0.222559   -0.221914   -0.221422   -0.217781   -0.213730   -0.209828   -0.206067   -0.193983   -0.190069   -0.186315   -0.182707   -0.179239   -0.165174   -0.161699   -0.160233
   -0.297613   -0.297613   -0.297613   -0.297613   -0.297613   -0.297613   -0.297613   -0.297613   -0.297613   -0.297613   -0.266660   -0.266660   -0.266660   -0.266660   -0.266660   -0.266660   -0.266660   -0.223706   -0.223617   -0.223529   -0.223441   -0.223001   -0.222564   -0.221918   -0.221427   -0.217786   -0.213735   -0.209833   -0.206072   -0.193988   -0.190075   -0.186322   -0.182713   -0.179246   -0.165182   -0.161706   -0.160240
   -0.297616   -0.297616   -0.297616   -0.297616   -0.297616   -0.297616   -0.297616   -0.297616   -0.297616   -0.297616   -0.266663   -0.266663   -0.266663   -0.266663   -0.266663   -0.266663   -0.266663   -0.223709   -0.223621   -0.223533   -0.223445   -0.223005   -0.222567   -0.221922   -0.221430   -0.217790   -0.213739   -0.209837   -0.206076   -0.193993   -0.190080   -0.186327   -0.182718   -0.179251   -0.165187   -0.161712   -0.160246
   -0.297618   -0.297618   -0.297618   -0.297618   -0.297618   -0.297618   -0.297618   -0.297618   -0.297618   -0.297618   -0.266665   -0.266665   -0.266665   -0.266665   -0.266665   -0.266665   -0.266665   -0.223712   -0.223623   -0.223535   -0.223447   -0.223007   -0.222570   -0.221924   -0.221433   -0.217792   -0.213742   -0.209840   -0.206079   -0.193996   -0.190083   -0.186330   -0.182722   -0.179254   -0.165192   -0.161716   -0.160251
   -0.297619   -0.297619   -0.297619   -0.297619   -0.297619   -0.297619   -0.297619   -0.297619   -0.297619   -0.297619   -0.266666   -0.266666   -0.266666   -0.266666   -0.266666   -0.266666   -0.266666   -0.223713   -0.223625   -0.223537   -0.223449   -0.223009   -0.222571   -0.221926   -0.221435   -0.217794   -0.213744   -0.209842   -0.206081   -0.193998   -0.190085   -0.186332   -0.182724   -0.179257   -0.165194   -0.161719   -0.160253
   -0.297619   -0.297619   -0.297619   -0.297619   -0.297619   -0.297619   -0.297619   -0.297619   -0.297619   -0.297619   -0.266667   -0.266667   -0.266667   -0.266667   -0.266667   -0.266667   -0.266667   -0.223714   -0.223625   -0.223537   -0.223449   -0.223009   -0.222572   -0.221926   -0.221435   -0.217794   -0.213744   -0.209843   -0.206082   -0.193999   -0.190086   -0.186333   -0.182725   -0.179257   -0.165195   -0.161720   -0.160254
#
# iasp91 travel-time table for SKPdf
#
