#
# iasp91 travel-time table for pPKPab
#
# number of distance and depth samples
36 36
# delta samples
145.000 146.000 147.000 148.000 149.000 150.000 151.000 152.000 153.000 154.000 155.000 156.000 157.000 158.000 159.000 160.000 161.000 162.000 163.000 164.000 165.000 166.000 167.000 168.000 169.000 
170.000 171.000 172.000 173.000 174.000 175.000 176.000 177.000 178.000 179.000 180.000 
# depth samples
    1.000000    2.500000    5.000000    7.500000   10.000000   12.500000   15.000000   17.500000   19.900000   20.000000   22.500000   25.000000   27.500000   30.000000   32.500000   34.900000   35.000000   40.000000   45.000000   50.000000   75.000000  100.000000  150.000000  200.000000  250.000000  300.000000  350.000000  400.000000  450.000000  500.000000  550.000000  600.000000  650.000000  700.000000  750.000000  800.000000
#
# travel times (rows - delta, columns - depth)
#
 1177.915283 1178.169067 1178.591919 1179.014771 1179.437622 1179.860474 1180.283447 1180.706299 1181.112183 1181.129150 1181.504517 1181.880005 1182.255493 1182.630859 1183.006348 1183.366699 1183.381714 1183.980713 1184.579712 1185.178589 1188.172607 1191.165771 1197.130859 -999.000000 -999.000000 -999.000000 -999.000000 -999.000000 -999.000000 -999.000000 -999.000000 -999.000000 -999.000000 -999.000000 -999.000000 -999.000000
 1181.713257 1181.966553 1182.388794 1182.810913 1183.233032 1183.655273 1184.077393 1184.499512 1184.904785 1184.921631 1185.296265 1185.670898 1186.045532 1186.420166 1186.794678 1187.154297 1187.169189 1187.766235 1188.363037 1188.959717 1191.942505 1194.923584 1200.861206 1206.696777 1212.414551 1217.997681 1223.451538 1228.781982 1233.834839 1238.752319 -999.000000 -999.000000 -999.000000 -999.000000 -999.000000 -999.000000
 1185.628784 1185.881836 1186.303589 1186.725342 1187.147095 1187.568726 1187.990479 1188.412231 1188.817017 1188.833862 1189.208008 1189.582153 1189.956177 1190.330322 1190.704346 1191.063477 1191.078491 1191.674072 1192.269653 1192.865112 1195.841187 1198.815430 1204.738770 1210.558838 1216.259277 1221.823242 1227.255615 1232.561279 1237.584106 1242.463989 1247.246460 1251.935059 1256.533813 1260.822021 1264.997314 -999.000000
 1189.623779 1189.876587 1190.297974 1190.719360 1191.140747 1191.562134 1191.983521 1192.404907 1192.809448 1192.826294 1193.200073 1193.573730 1193.947510 1194.321167 1194.694946 1195.053711 1195.068604 1195.663330 1196.257812 1196.852295 1199.823608 1202.792847 1208.705688 1214.514404 1220.202759 1225.753662 1231.171753 1236.461792 1241.466919 1246.327026 1251.087280 1255.750977 1260.321167 1264.573853 1268.704346 1272.780518
 1193.679810 1193.932495 1194.353638 1194.774780 1195.195923 1195.617065 1196.038086 1196.459229 1196.863525 1196.880249 1197.253784 1197.627197 1198.000610 1198.374023 1198.747437 1199.105835 1199.120728 1199.714722 1200.308472 1200.902222 1203.869507 1206.834717 1212.739136 1218.539062 1224.217896 1229.758545 1235.165527 1240.443726 1245.435669 1250.281250 1255.025757 1259.672119 1264.223267 1268.453735 1272.559082 1276.606812
 1197.786011 1198.038574 1198.459473 1198.880371 1199.301270 1199.722168 1200.143066 1200.563843 1200.967896 1200.984741 1201.357910 1201.731079 1202.104248 1202.477417 1202.850586 1203.208740 1203.223633 1203.816895 1204.410034 1205.003052 1207.967041 1210.928833 1216.826172 1222.618652 1228.289673 1233.821899 1239.219849 1244.488403 1249.469482 1254.303467 1259.035522 1263.668335 1268.204834 1272.418335 1276.505005 1280.532349
 1201.934326 1202.186768 1202.607544 1203.028198 1203.448975 1203.869629 1204.290283 1204.710938 1205.114868 1205.131592 1205.504639 1205.877563 1206.250488 1206.623413 1206.996338 1207.354370 1207.369263 1207.961914 1208.554443 1209.146973 1212.108032 1215.066895 1220.958252 1226.744385 1232.408569 1237.933594 1243.323853 1248.584229 1253.556274 1258.380493 1263.101929 1267.723511 1272.247925 1276.447632 1280.519287 1284.530396
 1206.118286 1206.370605 1206.791138 1207.211670 1207.632202 1208.052734 1208.473267 1208.893799 1209.297485 1209.314331 1209.687134 1210.059814 1210.432617 1210.805298 1211.178101 1211.535889 1211.550781 1212.142944 1212.735107 1213.327026 1216.285645 1219.242065 1225.128296 1230.908936 1236.567383 1242.086304 1247.469971 1252.723267 1257.687500 1262.503296 1267.215820 1271.827759 1276.341797 1280.529907 1284.588745 1288.586182
 1210.333008 1210.585205 1211.005615 1211.426025 1211.846436 1212.266724 1212.687134 1213.107544 1213.511108 1213.527832 1213.900513 1214.273071 1214.645630 1215.018188 1215.390869 1215.748413 1215.763306 1216.355103 1216.946777 1217.538330 1220.494873 1223.448975 1229.330688 1235.106689 1240.760010 1246.273560 1251.651611 1256.898804 1261.856445 1266.665039 1271.369751 1275.973511 1280.478760 1284.656616 1288.704590 1292.690186
 1214.574951 1214.827148 1215.247437 1215.667725 1216.088013 1216.508179 1216.928467 1217.348633 1217.752075 1217.768921 1218.141357 1218.513794 1218.886230 1219.258667 1219.631104 1219.988647 1220.003418 1220.594849 1221.186157 1221.777344 1224.731812 1227.684082 1233.561768 1239.333374 1244.982300 1250.491089 1255.864014 1261.105957 1266.057617 1270.859863 1275.557983 1280.154541 1284.652100 1288.821411 1292.859863 1296.835327
 1218.841187 1219.093262 1219.513428 1219.933594 1220.353638 1220.773804 1221.193970 1221.614014 1222.017334 1222.034180 1222.406494 1222.778809 1223.151123 1223.523438 1223.895630 1224.253052 1224.267944 1224.859009 1225.449951 1226.040771 1228.993652 1231.944092 1237.818237 1243.586060 1249.230957 1254.735474 1260.103882 1265.340942 1270.287354 1275.083984 1279.776001 1284.366211 1288.856934 1293.018555 1297.048828 1301.015503
 1223.128296 1223.380371 1223.800415 1224.220459 1224.640503 1225.060547 1225.480591 1225.900513 1226.303833 1226.320557 1226.692749 1227.064941 1227.437134 1227.809326 1228.181519 1228.538818 1228.553589 1229.144409 1229.734985 1230.325562 1233.276978 1236.225830 1242.096802 1247.861328 1253.502686 1259.003418 1264.367920 1269.600708 1274.542480 1279.333984 1284.020630 1288.605103 1293.089722 1297.244507 1301.267334 1305.226196
 1227.434326 1227.686279 1228.106201 1228.526245 1228.946167 1229.366089 1229.786011 1230.205933 1230.609009 1230.625854 1230.997925 1231.369995 1231.742065 1232.114136 1232.486206 1232.843384 1232.858276 1233.448730 1234.039185 1234.629395 1237.579346 1240.526978 1246.395020 1252.156616 1257.794800 1263.292236 1268.653198 1273.882202 1278.819702 1283.606934 1288.288818 1292.868286 1297.347412 1301.495972 1305.512207 1309.463867
 1231.757324 1232.009155 1232.429077 1232.848999 1233.268799 1233.688721 1234.108521 1234.528320 1234.931396 1234.948120 1235.320190 1235.692139 1236.064209 1236.436157 1236.808105 1237.165161 1237.180054 1237.770264 1238.360352 1238.950439 1241.899170 1244.845459 1250.710938 1256.469849 1262.105225 1267.599609 1272.957275 1278.182861 1283.116699 1287.899902 1292.577637 1297.152466 1301.626953 1305.770020 1309.780396 1313.725830
 1236.095581 1236.347412 1236.767212 1237.187012 1237.606812 1238.026611 1238.446411 1238.866089 1239.269165 1239.285889 1239.657837 1240.029663 1240.401611 1240.773560 1241.145386 1241.502441 1241.517212 1242.107300 1242.697144 1243.286987 1246.234619 1249.179810 1255.042969 1260.799316 1266.432007 1271.923706 1277.278442 1282.500977 1287.431396 1292.210938 1296.884888 1301.455688 1305.925781 1310.063965 1314.069092 1318.008911
 1240.447632 1240.699463 1241.119141 1241.538940 1241.958618 1242.378296 1242.798096 1243.217773 1243.620605 1243.637451 1244.009277 1244.381104 1244.752930 1245.124756 1245.496582 1245.853394 1245.868286 1246.458130 1247.047852 1247.637451 1250.583984 1253.528198 1259.389282 1265.143433 1270.773804 1276.262939 1281.615112 1286.834839 1291.762207 1296.538452 1301.208862 1305.775879 1310.242065 1314.375854 1318.376099 1322.310913
 1244.811768 1245.063477 1245.483154 1245.902832 1246.322510 1246.742188 1247.161865 1247.581421 1247.984253 1248.001099 1248.372803 1248.744629 1249.116333 1249.488159 1249.859863 1250.216675 1250.231445 1250.821167 1251.410767 1252.000122 1254.945923 1257.889160 1263.748413 1269.500610 1275.128906 1280.615845 1285.965576 1291.182861 1296.107422 1300.880737 1305.547852 1310.111572 1314.574097 1318.703857 1322.699829 1326.630005
 1249.186523 1249.438232 1249.857910 1250.277466 1250.697144 1251.116699 1251.536255 1251.955933 1252.358643 1252.375366 1252.747192 1253.118896 1253.490601 1253.862183 1254.233887 1254.590698 1254.605469 1255.195068 1255.784424 1256.373657 1259.318604 1262.261108 1268.118652 1273.869141 1279.495605 1284.980713 1290.328369 1295.543335 1300.465576 1305.236206 1309.900513 1314.461182 1318.920532 1323.046631 1327.038574 1330.964600
 1253.570923 1253.822632 1254.242188 1254.661743 1255.081299 1255.500854 1255.920410 1256.339966 1256.742676 1256.759399 1257.131104 1257.502808 1257.874390 1258.245972 1258.617676 1258.974365 1258.989136 1259.578613 1260.167847 1260.756958 1263.701172 1266.642944 1272.499023 1278.247925 1283.872803 1289.356079 1294.701904 1299.914917 1304.834961 1309.603149 1314.265137 1318.823120 1323.279663 1327.402466 1331.390991 1335.313110
 1257.963867 1258.215576 1258.635010 1259.054565 1259.474121 1259.893555 1260.313110 1260.732544 1261.135254 1261.152100 1261.523682 1261.895264 1262.266846 1262.638428 1263.010010 1263.366699 1263.381470 1263.970825 1264.559937 1265.148926 1268.092529 1271.033569 1276.888306 1282.635864 1288.259277 1293.740967 1299.085083 1304.296387 1309.214355 1313.980591 1318.640259 1323.195923 1327.649902 1331.769897 1335.755249 1339.674072
 1262.364380 1262.616089 1263.035522 1263.455078 1263.874512 1264.293945 1264.713501 1265.132935 1265.535522 1265.552368 1265.923950 1266.295410 1266.666992 1267.038574 1267.410034 1267.766724 1267.781494 1268.370728 1268.959717 1269.548584 1272.491577 1275.432129 1281.285767 1287.031982 1292.654053 1298.134277 1303.476929 1308.686646 1313.602905 1318.367188 1323.024902 1327.578369 1332.030029 1336.147461 1340.130005 1344.045898
 1266.771729 1267.023438 1267.442871 1267.862305 1268.281738 1268.701172 1269.120605 1269.540039 1269.942627 1269.959351 1270.330933 1270.702393 1271.073975 1271.445435 1271.816895 1272.173584 1272.188354 1272.777466 1273.366333 1273.955078 1276.897705 1279.837646 1285.690186 1291.435303 1297.056274 1302.535278 1307.876587 1313.084839 1317.999512 1322.762207 1327.418091 1331.969604 1336.419312 1340.534424 1344.514404 1348.427612
 1271.184937 1271.436646 1271.856079 1272.275513 1272.694946 1273.114258 1273.533691 1273.953125 1274.355713 1274.372437 1274.743896 1275.115356 1275.486938 1275.858398 1276.229736 1276.586426 1276.601196 1277.190186 1277.778931 1278.367676 1281.309814 1284.249390 1290.100952 1295.845093 1301.464966 1306.942871 1312.283081 1317.489990 1322.403320 1327.164551 1331.818726 1336.368652 1340.816406 1344.929443 1348.907227 1352.818115
 1275.603394 1275.855103 1276.274414 1276.693848 1277.113281 1277.532593 1277.952026 1278.371338 1278.773926 1278.790649 1279.162109 1279.533569 1279.905029 1280.276489 1280.647949 1281.004517 1281.019287 1281.608154 1282.196899 1282.785522 1285.727295 1288.666382 1294.517212 1300.260498 1305.879517 1311.356445 1316.695557 1321.901489 1326.813599 1331.573364 1336.226196 1340.774658 1345.220703 1349.331909 1353.307739 1357.216431
 1280.026367 1280.277954 1280.697388 1281.116699 1281.536133 1281.955444 1282.374756 1282.794189 1283.196655 1283.213501 1283.584961 1283.956299 1284.327759 1284.699219 1285.070557 1285.427124 1285.441895 1286.030762 1286.619385 1287.208008 1290.149414 1293.088135 1298.938232 1304.680908 1310.299072 1315.775146 1321.113403 1326.318237 1331.229248 1335.987915 1340.639526 1345.186646 1349.631348 1353.740967 1357.714966 1361.621704
 1284.453125 1284.704834 1285.124146 1285.543457 1285.962891 1286.382202 1286.801514 1287.220825 1287.623413 1287.640137 1288.011597 1288.382935 1288.754395 1289.125732 1289.497070 1289.853638 1289.868408 1290.457153 1291.045776 1291.634277 1294.575439 1297.514038 1303.363525 1309.105469 1314.722900 1320.198242 1325.535767 1330.739746 1335.649902 1340.407593 1345.058105 1349.604004 1354.047485 1358.155518 1362.128052 1366.033081
 1288.883179 1289.134766 1289.554199 1289.973511 1290.392822 1290.812134 1291.231445 1291.650757 1292.053345 1292.070068 1292.441406 1292.812866 1293.184204 1293.555542 1293.927002 1294.283447 1294.298218 1294.886963 1295.475586 1296.063965 1299.004883 1301.943237 1307.792114 1313.533569 1319.150513 1324.625244 1329.962036 1335.165405 1340.074707 1344.831421 1349.481079 1354.026001 1358.468384 1362.575195 1366.546387 1370.449951
 1293.315918 1293.567505 1293.986938 1294.406250 1294.825562 1295.244873 1295.664185 1296.083374 1296.485962 1296.502686 1296.874146 1297.245483 1297.616821 1297.988159 1298.359497 1298.715942 1298.730835 1299.319458 1299.907959 1300.496460 1303.437134 1306.375244 1312.223755 1317.964722 1323.581177 1329.055420 1334.391602 1339.594360 1344.503052 1349.259033 1353.907837 1358.451904 1362.893433 1366.999268 1370.969116 1374.871460
 1297.750854 1298.002441 1298.421753 1298.841064 1299.260376 1299.679688 1300.098999 1300.518311 1300.920776 1300.937500 1301.308838 1301.680298 1302.051636 1302.422974 1302.794312 1303.150757 1303.165527 1303.754150 1304.342651 1304.931152 1307.871582 1310.809570 1316.657837 1322.398438 1328.014404 1333.488281 1338.824097 1344.026245 1348.934326 1353.689819 1358.338013 1362.881226 1367.322021 1371.426880 1375.395874 1379.296997
 1302.187378 1302.438965 1302.858276 1303.277588 1303.696899 1304.116211 1304.535522 1304.954834 1305.357300 1305.374023 1305.745361 1306.116699 1306.488037 1306.859375 1307.230713 1307.587158 1307.602051 1308.190674 1308.779175 1309.367554 1312.307861 1315.245728 1321.093750 1326.833984 1332.449829 1337.923218 1343.258667 1348.460571 1353.368164 1358.123169 1362.770752 1367.313477 1371.753540 1375.857666 1379.825806 1383.726074
 1306.625244 1306.876831 1307.296143 1307.715454 1308.134644 1308.553955 1308.973267 1309.392456 1309.795044 1309.811768 1310.183105 1310.554443 1310.925781 1311.297119 1311.668457 1312.024902 1312.039673 1312.628296 1313.216797 1313.805176 1316.745483 1319.683228 1325.531006 1331.271118 1336.886597 1342.359863 1347.695068 1352.896606 1357.803833 1362.558472 1367.205688 1371.747925 1376.187378 1380.291016 1384.258423 1388.157959
 1311.063721 1311.315308 1311.734619 1312.153931 1312.573242 1312.992432 1313.411743 1313.831055 1314.233521 1314.250244 1314.621582 1314.992920 1315.364258 1315.735596 1316.106934 1316.463379 1316.478149 1317.066772 1317.655273 1318.243652 1321.183838 1324.121582 1329.969238 1335.709229 1341.324585 1346.797729 1352.132690 1357.333984 1362.241089 1366.995361 1371.642212 1376.184082 1380.623291 1384.726318 1388.693237 1392.592163
 -999.000000 -999.000000 -999.000000 -999.000000 -999.000000 -999.000000 -999.000000 -999.000000 -999.000000 -999.000000 -999.000000 -999.000000 -999.000000 -999.000000 -999.000000 -999.000000 -999.000000 -999.000000 -999.000000 1322.682495 1325.622681 1328.560425 1334.407959 1340.147949 1345.763306 1351.236206 1356.571167 1361.772339 1366.679199 1371.433350 1376.079956 1380.621582 1385.060425 1389.163208 1393.129761 1397.028198
 -999.000000 -999.000000 -999.000000 -999.000000 -999.000000 -999.000000 -999.000000 -999.000000 -999.000000 -999.000000 -999.000000 -999.000000 -999.000000 -999.000000 -999.000000 -999.000000 -999.000000 -999.000000 -999.000000 -999.000000 -999.000000 -999.000000 -999.000000 -999.000000 -999.000000 -999.000000 1361.010010 1366.211182 1371.117920 1375.871948 1380.518555 1385.060059 1389.498657 1393.601196 1397.567383 1401.465698
 -999.000000 -999.000000 -999.000000 -999.000000 -999.000000 -999.000000 -999.000000 -999.000000 -999.000000 -999.000000 -999.000000 -999.000000 -999.000000 -999.000000 -999.000000 -999.000000 -999.000000 -999.000000 -999.000000 -999.000000 -999.000000 -999.000000 -999.000000 -999.000000 -999.000000 -999.000000 -999.000000 -999.000000 -999.000000 -999.000000 -999.000000 1389.498901 1393.937500 1398.039917 1402.005981 1405.903931
 -999.000000 -999.000000 -999.000000 -999.000000 -999.000000 -999.000000 -999.000000 -999.000000 -999.000000 -999.000000 -999.000000 -999.000000 -999.000000 -999.000000 -999.000000 -999.000000 -999.000000 -999.000000 -999.000000 -999.000000 -999.000000 -999.000000 -999.000000 -999.000000 -999.000000 -999.000000 -999.000000 -999.000000 -999.000000 -999.000000 -999.000000 -999.000000 -999.000000 -999.000000 -999.000000 1410.342529
#
# dtdd (rows - delta, columns - depth)
#
    3.710999    3.710373    3.709327    3.708273    3.707213    3.706146    3.705073    3.703992    3.702948    3.702904    3.701670    3.700427    3.699174    3.697912    3.696640    3.695409    3.695358    3.692099    3.688774    3.685379    3.667210    3.646502    3.589825 -999.000000 -999.000000 -999.000000 -999.000000 -999.000000 -999.000000 -999.000000 -999.000000 -999.000000 -999.000000 -999.000000 -999.000000 -999.000000
    3.866309    3.865997    3.865476    3.864954    3.864430    3.863906    3.863379    3.862852    3.862344    3.862322    3.861724    3.861125    3.860523    3.859920    3.859315    3.858732    3.858708    3.857177    3.855635    3.854082    3.846143    3.837897    3.820320    3.800825    3.778883    3.753720    3.724293    3.688693    3.641077    3.563049 -999.000000 -999.000000 -999.000000 -999.000000 -999.000000 -999.000000
    3.959202    3.958980    3.958608    3.958236    3.957863    3.957489    3.957114    3.956739    3.956378    3.956363    3.955938    3.955512    3.955086    3.954658    3.954229    3.953817    3.953800    3.952717    3.951628    3.950534    3.944974    3.939262    3.927311    3.914435    3.900468    3.885206    3.868444    3.849920    3.828593    3.804387    3.776721    3.744460    3.705745    3.653645    3.573341 -999.000000
    4.027762    4.027587    4.027294    4.027000    4.026706    4.026411    4.026115    4.025820    4.025535    4.025523    4.025188    4.024853    4.024518    4.024181    4.023844    4.023519    4.023506    4.022654    4.021798    4.020939    4.016584    4.012130    4.002878    3.993016    3.982447    3.971051    3.958730    3.945371    3.930347    3.913808    3.895655    3.875624    3.853355    3.826936    3.796461    3.761101
    4.082607    4.082460    4.082215    4.081970    4.081725    4.081479    4.081232    4.080986    4.080748    4.080738    4.080459    4.080180    4.079899    4.079619    4.079338    4.079068    4.079056    4.078347    4.077634    4.076919    4.073300    4.069610    4.061979    4.053898    4.045300    4.036107    4.026247    4.015647    4.003846    3.991012    3.977123    3.962042    3.945605    3.926585    3.905387    3.881953
    4.128476    4.128350    4.128140    4.127931    4.127720    4.127509    4.127298    4.127087    4.126884    4.126875    4.126636    4.126397    4.126157    4.125916    4.125676    4.125444    4.125435    4.124827    4.124217    4.123604    4.120508    4.117355    4.110845    4.103969    4.096673    4.088894    4.080592    4.071719    4.061905    4.051316    4.039959    4.027746    4.014560    3.999472    3.982893    3.964867
    4.167113    4.167007    4.166829    4.166651    4.166473    4.166295    4.166116    4.165936    4.165764    4.165757    4.165555    4.165351    4.165148    4.164945    4.164741    4.164545    4.164536    4.164021    4.163503    4.162984    4.160356    4.157676    4.152136    4.146271    4.140032    4.133362    4.126221    4.118595    4.110180    4.101126    4.091449    4.081089    4.069979    4.057364    4.043634    4.028865
    4.199936    4.199843    4.199688    4.199533    4.199378    4.199223    4.199067    4.198911    4.198761    4.198755    4.198579    4.198402    4.198225    4.198048    4.197871    4.197701    4.197693    4.197245    4.196795    4.196345    4.194068    4.191754    4.186986    4.181950    4.176607    4.170910    4.164830    4.158332    4.151141    4.143381    4.135055    4.126106    4.116513    4.105650    4.093867    4.081249
    4.228874    4.228791    4.228652    4.228512    4.228373    4.228233    4.228093    4.227953    4.227818    4.227812    4.227654    4.227495    4.227336    4.227177    4.227018    4.226865    4.226858    4.226456    4.226051    4.225646    4.223600    4.221521    4.217246    4.212754    4.208016    4.202997    4.197677    4.192033    4.185824    4.179143    4.171998    4.164346    4.156135    4.146799    4.136626    4.125678
    4.254651    4.254577    4.254453    4.254330    4.254206    4.254082    4.253958    4.253833    4.253714    4.253709    4.253568    4.253427    4.253286    4.253144    4.253003    4.252867    4.252861    4.252502    4.252143    4.251782    4.249958    4.248098    4.244259    4.240212    4.235944    4.231423    4.226631    4.221548    4.215972    4.210012    4.203688    4.196971    4.189829    4.181750    4.172977    4.163572
    4.277117    4.277052    4.276945    4.276836    4.276728    4.276619    4.276511    4.276402    4.276297    4.276293    4.276169    4.276046    4.275922    4.275798    4.275674    4.275555    4.275550    4.275237    4.274922    4.274606    4.273010    4.271384    4.268032    4.264493    4.260743    4.256750    4.252491    4.247946    4.242925    4.237545    4.231835    4.225772    4.219328    4.212078    4.204276    4.195995
    4.296900    4.296842    4.296745    4.296647    4.296550    4.296452    4.296354    4.296257    4.296163    4.296159    4.296048    4.295937    4.295826    4.295715    4.295604    4.295496    4.295492    4.295210    4.294928    4.294645    4.293216    4.291764    4.288781    4.285649    4.282347    4.278837    4.275100    4.271117    4.266724    4.261999    4.256951    4.251550    4.245762    4.239205    4.232146    4.224655
    4.314762    4.314709    4.314621    4.314532    4.314444    4.314355    4.314266    4.314178    4.314092    4.314088    4.313988    4.313887    4.313787    4.313685    4.313584    4.313487    4.313483    4.313227    4.312971    4.312713    4.311414    4.310094    4.307382    4.304534    4.301532    4.298355    4.294989    4.291422    4.287511    4.283335    4.278889    4.274141    4.269062    4.263303    4.257054    4.250361
    4.330901    4.330853    4.330772    4.330692    4.330612    4.330532    4.330451    4.330371    4.330294    4.330290    4.330199    4.330108    4.330017    4.329925    4.329834    4.329745    4.329741    4.329510    4.329277    4.329044    4.327866    4.326670    4.324209    4.321623    4.318896    4.316007    4.312945    4.309699    4.306139    4.302336    4.298303    4.294023    4.289477    4.284365    4.278849    4.272953
    4.345450    4.345407    4.345335    4.345262    4.345190    4.345117    4.345044    4.344972    4.344902    4.344899    4.344816    4.344734    4.344651    4.344568    4.344485    4.344406    4.344402    4.344193    4.343982    4.343771    4.342705    4.341622    4.339395    4.337053    4.334583    4.331965    4.329188    4.326242    4.323009    4.319550    4.315879    4.311980    4.307838    4.303176    4.298162    4.292843
    4.358340    4.358302    4.358239    4.358175    4.358112    4.358048    4.357985    4.357921    4.357860    4.357857    4.357785    4.357712    4.357640    4.357567    4.357495    4.357425    4.357422    4.357238    4.357053    4.356868    4.355931    4.354977    4.353006    4.350924    4.348715    4.346360    4.343848    4.341180    4.338249    4.335113    4.331783    4.328243    4.324478    4.320235    4.315664    4.310813
    4.369634    4.369600    4.369545    4.369488    4.369432    4.369376    4.369319    4.369263    4.369208    4.369206    4.369143    4.369078    4.369014    4.368950    4.368886    4.368824    4.368822    4.368659    4.368495    4.368332    4.367505    4.366665    4.364933    4.363104    4.361164    4.359098    4.356894    4.354542    4.351942    4.349141    4.346143    4.342936    4.339520    4.335670    4.331518    4.327107
    4.379742    4.379711    4.379661    4.379610    4.379559    4.379508    4.379457    4.379406    4.379357    4.379355    4.379298    4.379240    4.379182    4.379124    4.379066    4.379010    4.379008    4.378860    4.378713    4.378565    4.377818    4.377059    4.375496    4.373852    4.372117    4.370276    4.368323    4.366250    4.363962    4.361499    4.358866    4.356047    4.353024    4.349587    4.345846    4.341843
    4.388826    4.388799    4.388753    4.388708    4.388662    4.388617    4.388571    4.388525    4.388481    4.388479    4.388428    4.388376    4.388324    4.388272    4.388220    4.388170    4.388167    4.388036    4.387903    4.387770    4.387099    4.386416    4.385009    4.383526    4.381959    4.380297    4.378532    4.376656    4.374594    4.372386    4.370038    4.367540    4.364877    4.361851    4.358562    4.355034
    4.396914    4.396889    4.396849    4.396809    4.396768    4.396728    4.396687    4.396646    4.396607    4.396605    4.396559    4.396513    4.396467    4.396420    4.396374    4.396329    4.396327    4.396210    4.396092    4.395974    4.395377    4.394769    4.393515    4.392193    4.390793    4.389304    4.387720    4.386033    4.384172    4.382178    4.380056    4.377796    4.375388    4.372669    4.369733    4.366610
    4.404084    4.404062    4.404027    4.403990    4.403955    4.403918    4.403883    4.403846    4.403811    4.403810    4.403769    4.403728    4.403687    4.403646    4.403605    4.403566    4.403564    4.403460    4.403356    4.403251    4.402720    4.402181    4.401067    4.399892    4.398648    4.397324    4.395913    4.394410    4.392751    4.390969    4.389067    4.387036    4.384866    4.382408    4.379753    4.376924
    4.410417    4.410398    4.410366    4.410335    4.410303    4.410271    4.410239    4.410207    4.410177    4.410175    4.410140    4.410103    4.410067    4.410031    4.409995    4.409960    4.409958    4.409866    4.409774    4.409681    4.409213    4.408736    4.407752    4.406712    4.405609    4.404435    4.403183    4.401848    4.400374    4.398789    4.397096    4.395287    4.393351    4.391154    4.388772    4.386226
    4.415975    4.415958    4.415931    4.415903    4.415875    4.415847    4.415820    4.415792    4.415765    4.415764    4.415732    4.415700    4.415669    4.415637    4.415605    4.415575    4.415574    4.415493    4.415412    4.415331    4.414920    4.414502    4.413638    4.412724    4.411753    4.410717    4.409612    4.408432    4.407127    4.405722    4.404220    4.402613    4.400892    4.398938    4.396816    4.394545
    4.420813    4.420798    4.420774    4.420750    4.420726    4.420702    4.420678    4.420654    4.420630    4.420630    4.420602    4.420575    4.420547    4.420519    4.420492    4.420465    4.420465    4.420394    4.420324    4.420254    4.419897    4.419533    4.418781    4.417984    4.417136    4.416231    4.415262    4.414227    4.413080    4.411843    4.410518    4.409098    4.407574    4.405841    4.403958    4.401938
    4.424980    4.424968    4.424947    4.424926    4.424906    4.424885    4.424864    4.424844    4.424824    4.424823    4.424799    4.424776    4.424752    4.424729    4.424705    4.424682    4.424681    4.424622    4.424561    4.424500    4.424194    4.423882    4.423234    4.422546    4.421813    4.421029    4.420188    4.419288    4.418288    4.417208    4.416048    4.414803    4.413464    4.411938    4.410275    4.408489
    4.428523    4.428513    4.428495    4.428478    4.428460    4.428443    4.428425    4.428408    4.428391    4.428391    4.428370    4.428350    4.428330    4.428311    4.428291    4.428271    4.428271    4.428220    4.428169    4.428118    4.427858    4.427593    4.427043    4.426458    4.425832    4.425161    4.424440    4.423666    4.422804    4.421870    4.420865    4.419783    4.418616    4.417284    4.415827    4.414259
    4.431487    4.431478    4.431463    4.431449    4.431435    4.431420    4.431406    4.431391    4.431377    4.431376    4.431360    4.431344    4.431327    4.431311    4.431294    4.431278    4.431277    4.431235    4.431193    4.431150    4.430935    4.430714    4.430255    4.429764    4.429239    4.428673    4.428063    4.427407    4.426674    4.425877    4.425016    4.424087    4.423082    4.421930    4.420667    4.419302
    4.433908    4.433900    4.433889    4.433877    4.433866    4.433854    4.433842    4.433831    4.433819    4.433819    4.433805    4.433792    4.433779    4.433766    4.433752    4.433739    4.433739    4.433705    4.433671    4.433637    4.433462    4.433283    4.432909    4.432508    4.432076    4.431609    4.431103    4.430556    4.429943    4.429274    4.428548    4.427761    4.426907    4.425924    4.424842    4.423668
    4.435816    4.435811    4.435802    4.435793    4.435784    4.435775    4.435766    4.435757    4.435748    4.435748    4.435738    4.435727    4.435717    4.435707    4.435696    4.435687    4.435686    4.435660    4.435633    4.435606    4.435471    4.435331    4.435039    4.434721    4.434378    4.434004    4.433597    4.433153    4.432652    4.432103    4.431503    4.430849    4.430136    4.429310    4.428397    4.427402
    4.437244    4.437240    4.437233    4.437227    4.437221    4.437214    4.437208    4.437201    4.437195    4.437195    4.437187    4.437180    4.437172    4.437165    4.437158    4.437150    4.437150    4.437131    4.437112    4.437092    4.436994    4.436891    4.436674    4.436436    4.436176    4.435890    4.435575    4.435229    4.434835    4.434398    4.433918    4.433390    4.432808    4.432130    4.431376    4.430547
    4.438220    4.438217    4.438213    4.438209    4.438205    4.438201    4.438197    4.438192    4.438189    4.438188    4.438184    4.438179    4.438174    4.438169    4.438164    4.438160    4.438159    4.438148    4.438135    4.438122    4.438058    4.437990    4.437845    4.437682    4.437500    4.437296    4.437069    4.436814    4.436521    4.436191    4.435822    4.435413    4.434957    4.434419    4.433814    4.433142
    4.438770    4.438769    4.438767    4.438765    4.438763    4.438761    4.438759    4.438757    4.438756    4.438756    4.438753    4.438751    4.438749    4.438746    4.438744    4.438742    4.438742    4.438736    4.438730    4.438724    4.438692    4.438657    4.438579    4.438487    4.438378    4.438252    4.438107    4.437939    4.437740    4.437510    4.437248    4.436949    4.436612    4.436206    4.435741    4.435218
 -999.000000 -999.000000 -999.000000 -999.000000 -999.000000 -999.000000 -999.000000 -999.000000 -999.000000 -999.000000 -999.000000 -999.000000 -999.000000 -999.000000 -999.000000 -999.000000 -999.000000 -999.000000 -999.000000    4.438920    4.438919    4.438916    4.438901    4.438875    4.438837    4.438785    4.438716    4.438630    4.438519    4.438384    4.438221    4.438029    4.437802    4.437520    4.437188    4.436805
 -999.000000 -999.000000 -999.000000 -999.000000 -999.000000 -999.000000 -999.000000 -999.000000 -999.000000 -999.000000 -999.000000 -999.000000 -999.000000 -999.000000 -999.000000 -999.000000 -999.000000 -999.000000 -999.000000 -999.000000 -999.000000 -999.000000 -999.000000 -999.000000 -999.000000 -999.000000    4.438920    4.438911    4.438885    4.438839    4.438771    4.438677    4.438555    4.438390    4.438184    4.437932
 -999.000000 -999.000000 -999.000000 -999.000000 -999.000000 -999.000000 -999.000000 -999.000000 -999.000000 -999.000000 -999.000000 -999.000000 -999.000000 -999.000000 -999.000000 -999.000000 -999.000000 -999.000000 -999.000000 -999.000000 -999.000000 -999.000000 -999.000000 -999.000000 -999.000000 -999.000000 -999.000000 -999.000000 -999.000000 -999.000000 -999.000000    4.438918    4.438895    4.438841    4.438753    4.438626
 -999.000000 -999.000000 -999.000000 -999.000000 -999.000000 -999.000000 -999.000000 -999.000000 -999.000000 -999.000000 -999.000000 -999.000000 -999.000000 -999.000000 -999.000000 -999.000000 -999.000000 -999.000000 -999.000000 -999.000000 -999.000000 -999.000000 -999.000000 -999.000000 -999.000000 -999.000000 -999.000000 -999.000000 -999.000000 -999.000000 -999.000000 -999.000000 -999.000000 -999.000000 -999.000000    4.438911
#
# dtdh (rows - delta, columns - depth)
#
    0.169152    0.169151    0.169151    0.169150    0.169149    0.169149    0.169148    0.169147    0.169147    0.150176    0.150175    0.150175    0.150174    0.150174    0.150173    0.150173    0.119805    0.119796    0.119788    0.119780    0.119742    0.119710    0.118426 -999.000000 -999.000000 -999.000000 -999.000000 -999.000000 -999.000000 -999.000000 -999.000000 -999.000000 -999.000000 -999.000000 -999.000000 -999.000000
    0.168870    0.168869    0.168867    0.168865    0.168864    0.168862    0.168860    0.168858    0.168856    0.149848    0.149846    0.149844    0.149843    0.149841    0.149839    0.149837    0.119383    0.119370    0.119356    0.119343    0.119276    0.119210    0.117812    0.115626    0.112998    0.110353    0.107821    0.105413    0.099261    0.097480 -999.000000 -999.000000 -999.000000 -999.000000 -999.000000 -999.000000
    0.168696    0.168695    0.168692    0.168690    0.168688    0.168686    0.168683    0.168681    0.168679    0.149649    0.149646    0.149644    0.149641    0.149639    0.149636    0.149634    0.119128    0.119113    0.119098    0.119083    0.119008    0.118933    0.117513    0.115299    0.112635    0.109947    0.107360    0.104881    0.098598    0.096607    0.094691    0.092852    0.091102    0.084024    0.083032 -999.000000
    0.168565    0.168563    0.168561    0.168558    0.168556    0.168553    0.168551    0.168548    0.168546    0.149498    0.149496    0.149493    0.149490    0.149487    0.149485    0.149482    0.118937    0.118921    0.118906    0.118890    0.118810    0.118730    0.117297    0.115066    0.112384    0.109674    0.107062    0.104554    0.098223    0.096190    0.094223    0.092319    0.090486    0.083233    0.081997    0.081121
    0.168458    0.168456    0.168454    0.168451    0.168448    0.168446    0.168443    0.168440    0.168438    0.149376    0.149374    0.149371    0.149368    0.149365    0.149362    0.149359    0.118783    0.118766    0.118749    0.118733    0.118650    0.118566    0.117125    0.114883    0.112187    0.109462    0.106834    0.104307    0.097944    0.095887    0.093893    0.091957    0.090086    0.082758    0.081463    0.080516
    0.168367    0.168366    0.168363    0.168360    0.168357    0.168354    0.168352    0.168349    0.168346    0.149273    0.149270    0.149267    0.149264    0.149261    0.149258    0.149255    0.118652    0.118634    0.118617    0.118600    0.118515    0.118429    0.116980    0.114729    0.112023    0.109287    0.106647    0.104107    0.097720    0.095646    0.093632    0.091675    0.089780    0.082401    0.081073    0.080088
    0.168290    0.168289    0.168286    0.168283    0.168280    0.168277    0.168274    0.168271    0.168268    0.149185    0.149182    0.149179    0.149176    0.149172    0.149169    0.149166    0.118540    0.118522    0.118505    0.118487    0.118399    0.118311    0.116856    0.114598    0.111883    0.109138    0.106488    0.103937    0.097531    0.095444    0.093416    0.091443    0.089529    0.082111    0.080760    0.079749
    0.168224    0.168223    0.168219    0.168216    0.168213    0.168210    0.168207    0.168204    0.168201    0.149110    0.149107    0.149103    0.149100    0.149096    0.149093    0.149090    0.118444    0.118426    0.118408    0.118390    0.118301    0.118211    0.116751    0.114486    0.111764    0.109011    0.106351    0.103791    0.097368    0.095270    0.093229    0.091243    0.089316    0.081866    0.080496    0.079467
    0.168166    0.168164    0.168161    0.168158    0.168155    0.168151    0.168148    0.168145    0.168142    0.149043    0.149040    0.149036    0.149033    0.149029    0.149026    0.149022    0.118359    0.118341    0.118323    0.118305    0.118214    0.118122    0.116658    0.114389    0.111661    0.108901    0.106234    0.103666    0.097229    0.095121    0.093070    0.091072    0.089131    0.081654    0.080269    0.079224
    0.168113    0.168111    0.168108    0.168105    0.168102    0.168098    0.168095    0.168092    0.168089    0.148983    0.148980    0.148976    0.148973    0.148969    0.148965    0.148962    0.118283    0.118265    0.118246    0.118228    0.118135    0.118043    0.116575    0.114301    0.111568    0.108803    0.106130    0.103556    0.097107    0.094991    0.092931    0.090924    0.088973    0.081472    0.080073    0.079014
    0.168067    0.168065    0.168062    0.168059    0.168055    0.168052    0.168049    0.168046    0.168042    0.148931    0.148927    0.148923    0.148920    0.148916    0.148912    0.148909    0.118216    0.118198    0.118179    0.118160    0.118067    0.117972    0.116501    0.114224    0.111486    0.108715    0.106037    0.103457    0.096997    0.094875    0.092808    0.090792    0.088833    0.081312    0.079903    0.078833
    0.168026    0.168024    0.168021    0.168018    0.168014    0.168011    0.168008    0.168004    0.168001    0.148884    0.148880    0.148877    0.148873    0.148869    0.148865    0.148862    0.118157    0.118138    0.118119    0.118100    0.118006    0.117911    0.116437    0.114155    0.111413    0.108638    0.105954    0.103369    0.096899    0.094770    0.092696    0.090674    0.088707    0.081168    0.079750    0.078671
    0.167989    0.167987    0.167984    0.167980    0.167977    0.167974    0.167970    0.167967    0.167964    0.148842    0.148838    0.148834    0.148831    0.148827    0.148823    0.148819    0.118103    0.118084    0.118065    0.118046    0.117951    0.117855    0.116378    0.114094    0.111348    0.108569    0.105882    0.103291    0.096813    0.094679    0.092598    0.090569    0.088595    0.081039    0.079612    0.078524
    0.167955    0.167953    0.167950    0.167947    0.167943    0.167940    0.167936    0.167933    0.167930    0.148804    0.148800    0.148796    0.148792    0.148788    0.148784    0.148781    0.118055    0.118036    0.118016    0.117997    0.117901    0.117804    0.116325    0.114038    0.111289    0.108507    0.105815    0.103221    0.096736    0.094596    0.092511    0.090476    0.088496    0.080926    0.079490    0.078394
    0.167925    0.167923    0.167920    0.167916    0.167913    0.167909    0.167906    0.167902    0.167899    0.148769    0.148765    0.148761    0.148757    0.148753    0.148750    0.148746    0.118011    0.117991    0.117972    0.117953    0.117856    0.117758    0.116277    0.113988    0.111236    0.108450    0.105755    0.103157    0.096665    0.094522    0.092432    0.090392    0.088406    0.080824    0.079382    0.078279
    0.167898    0.167896    0.167892    0.167889    0.167886    0.167882    0.167879    0.167875    0.167872    0.148738    0.148734    0.148730    0.148726    0.148722    0.148718    0.148715    0.117971    0.117952    0.117933    0.117913    0.117815    0.117717    0.116234    0.113942    0.111188    0.108399    0.105701    0.103100    0.096601    0.094454    0.092360    0.090315    0.088325    0.080731    0.079283    0.078175
    0.167874    0.167872    0.167869    0.167865    0.167862    0.167858    0.167855    0.167851    0.167848    0.148711    0.148707    0.148703    0.148699    0.148695    0.148691    0.148687    0.117937    0.117917    0.117898    0.117878    0.117780    0.117681    0.116196    0.113902    0.111145    0.108353    0.105652    0.103048    0.096544    0.094392    0.092294    0.090246    0.088251    0.080646    0.079193    0.078079
    0.167853    0.167851    0.167847    0.167844    0.167840    0.167837    0.167833    0.167830    0.167826    0.148687    0.148683    0.148679    0.148675    0.148671    0.148667    0.148663    0.117906    0.117886    0.117867    0.117847    0.117748    0.117649    0.116163    0.113866    0.111107    0.108313    0.105610    0.103002    0.096493    0.094338    0.092236    0.090184    0.088184    0.080570    0.079112    0.077993
    0.167834    0.167832    0.167828    0.167825    0.167821    0.167817    0.167814    0.167810    0.167807    0.148665    0.148661    0.148657    0.148653    0.148649    0.148645    0.148641    0.117878    0.117858    0.117839    0.117819    0.117720    0.117620    0.116132    0.113834    0.111073    0.108277    0.105571    0.102961    0.096448    0.094290    0.092185    0.090129    0.088125    0.080502    0.079039    0.077915
    0.167817    0.167814    0.167811    0.167807    0.167804    0.167800    0.167797    0.167793    0.167790    0.148645    0.148641    0.148637    0.148633    0.148629    0.148625    0.148621    0.117853    0.117834    0.117814    0.117794    0.117694    0.117594    0.116105    0.113806    0.111043    0.108244    0.105537    0.102925    0.096407    0.094247    0.092139    0.090080    0.088073    0.080442    0.078975    0.077846
    0.167801    0.167799    0.167796    0.167792    0.167788    0.167785    0.167781    0.167778    0.167774    0.148628    0.148624    0.148620    0.148616    0.148611    0.148607    0.148603    0.117831    0.117811    0.117791    0.117771    0.117671    0.117570    0.116081    0.113780    0.111015    0.108215    0.105506    0.102892    0.096371    0.094208    0.092097    0.090035    0.088025    0.080388    0.078917    0.077785
    0.167788    0.167786    0.167782    0.167779    0.167775    0.167771    0.167768    0.167764    0.167761    0.148612    0.148608    0.148604    0.148600    0.148596    0.148592    0.148588    0.117812    0.117792    0.117772    0.117752    0.117651    0.117550    0.116059    0.113757    0.110991    0.108190    0.105478    0.102863    0.096338    0.094173    0.092060    0.089996    0.087983    0.080339    0.078865    0.077730
    0.167776    0.167774    0.167770    0.167767    0.167763    0.167759    0.167756    0.167752    0.167749    0.148599    0.148595    0.148591    0.148587    0.148582    0.148578    0.148574    0.117794    0.117774    0.117754    0.117734    0.117633    0.117532    0.116040    0.113737    0.110970    0.108167    0.105454    0.102837    0.096309    0.094142    0.092027    0.089960    0.087945    0.080296    0.078819    0.077680
    0.167766    0.167764    0.167760    0.167756    0.167753    0.167749    0.167745    0.167742    0.167738    0.148587    0.148583    0.148579    0.148575    0.148571    0.148566    0.148562    0.117779    0.117759    0.117739    0.117719    0.117618    0.117516    0.116024    0.113720    0.110951    0.108147    0.105433    0.102814    0.096284    0.094115    0.091998    0.089929    0.087912    0.080257    0.078777    0.077636
    0.167757    0.167755    0.167751    0.167747    0.167744    0.167740    0.167736    0.167733    0.167729    0.148577    0.148573    0.148569    0.148565    0.148560    0.148556    0.148552    0.117767    0.117746    0.117726    0.117706    0.117604    0.117502    0.116009    0.113704    0.110935    0.108129    0.105414    0.102794    0.096261    0.094091    0.091972    0.089901    0.087882    0.080223    0.078740    0.077596
    0.167749    0.167747    0.167743    0.167740    0.167736    0.167732    0.167729    0.167725    0.167721    0.148568    0.148564    0.148560    0.148556    0.148552    0.148547    0.148543    0.117755    0.117735    0.117715    0.117695    0.117593    0.117491    0.115997    0.113691    0.110921    0.108114    0.105398    0.102776    0.096242    0.094070    0.091950    0.089877    0.087856    0.080193    0.078708    0.077562
    0.167743    0.167741    0.167737    0.167733    0.167730    0.167726    0.167722    0.167719    0.167715    0.148561    0.148557    0.148553    0.148549    0.148544    0.148540    0.148536    0.117746    0.117726    0.117706    0.117685    0.117583    0.117481    0.115986    0.113680    0.110909    0.108101    0.105384    0.102761    0.096225    0.094052    0.091931    0.089856    0.087833    0.080167    0.078680    0.077531
    0.167738    0.167736    0.167732    0.167728    0.167725    0.167721    0.167717    0.167713    0.167710    0.148555    0.148551    0.148547    0.148543    0.148538    0.148534    0.148530    0.117739    0.117718    0.117698    0.117678    0.117576    0.117473    0.115978    0.113671    0.110899    0.108091    0.105372    0.102749    0.096211    0.094037    0.091914    0.089839    0.087814    0.080144    0.078656    0.077505
    0.167734    0.167732    0.167728    0.167724    0.167720    0.167717    0.167713    0.167709    0.167706    0.148551    0.148546    0.148542    0.148538    0.148534    0.148529    0.148525    0.117733    0.117712    0.117692    0.117672    0.117569    0.117466    0.115971    0.113663    0.110891    0.108082    0.105363    0.102739    0.096199    0.094024    0.091900    0.089824    0.087798    0.080125    0.078635    0.077482
    0.167731    0.167728    0.167725    0.167721    0.167717    0.167714    0.167710    0.167706    0.167703    0.148547    0.148543    0.148539    0.148534    0.148530    0.148526    0.148522    0.117728    0.117708    0.117687    0.117667    0.117565    0.117461    0.115966    0.113658    0.110884    0.108075    0.105355    0.102730    0.096190    0.094014    0.091889    0.089811    0.087784    0.080109    0.078617    0.077463
    0.167729    0.167726    0.167723    0.167719    0.167715    0.167711    0.167708    0.167704    0.167700    0.148545    0.148540    0.148536    0.148532    0.148528    0.148523    0.148519    0.117725    0.117705    0.117684    0.117664    0.117561    0.117458    0.115962    0.113653    0.110880    0.108070    0.105350    0.102724    0.096183    0.094006    0.091880    0.089801    0.087773    0.080096    0.078603    0.077448
    0.167727    0.167725    0.167721    0.167718    0.167714    0.167710    0.167707    0.167703    0.167699    0.148543    0.148539    0.148535    0.148530    0.148526    0.148522    0.148518    0.117723    0.117703    0.117682    0.117662    0.117559    0.117456    0.115959    0.113651    0.110877    0.108066    0.105346    0.102720    0.096177    0.094000    0.091873    0.089794    0.087765    0.080086    0.078592    0.077435
 -999.000000 -999.000000 -999.000000 -999.000000 -999.000000 -999.000000 -999.000000 -999.000000 -999.000000 -999.000000 -999.000000 -999.000000 -999.000000 -999.000000 -999.000000 -999.000000 -999.000000 -999.000000 -999.000000    0.117661    0.117559    0.117455    0.115958    0.113649    0.110875    0.108065    0.105343    0.102717    0.096174    0.093996    0.091869    0.089789    0.087759    0.080079    0.078583    0.077425
 -999.000000 -999.000000 -999.000000 -999.000000 -999.000000 -999.000000 -999.000000 -999.000000 -999.000000 -999.000000 -999.000000 -999.000000 -999.000000 -999.000000 -999.000000 -999.000000 -999.000000 -999.000000 -999.000000 -999.000000 -999.000000 -999.000000 -999.000000 -999.000000 -999.000000 -999.000000    0.105343    0.102716    0.096172    0.093994    0.091866    0.089786    0.087755    0.080074    0.078577    0.077419
 -999.000000 -999.000000 -999.000000 -999.000000 -999.000000 -999.000000 -999.000000 -999.000000 -999.000000 -999.000000 -999.000000 -999.000000 -999.000000 -999.000000 -999.000000 -999.000000 -999.000000 -999.000000 -999.000000 -999.000000 -999.000000 -999.000000 -999.000000 -999.000000 -999.000000 -999.000000 -999.000000 -999.000000 -999.000000 -999.000000 -999.000000    0.089784    0.087753    0.080071    0.078574    0.077414
 -999.000000 -999.000000 -999.000000 -999.000000 -999.000000 -999.000000 -999.000000 -999.000000 -999.000000 -999.000000 -999.000000 -999.000000 -999.000000 -999.000000 -999.000000 -999.000000 -999.000000 -999.000000 -999.000000 -999.000000 -999.000000 -999.000000 -999.000000 -999.000000 -999.000000 -999.000000 -999.000000 -999.000000 -999.000000 -999.000000 -999.000000 -999.000000 -999.000000 -999.000000 -999.000000    0.077413
#
# bounce point delta (rows - delta, columns - depth)
#
    0.001780    0.003814    0.007604    0.011402    0.015303    0.019213    0.019695    0.028606    0.031974    0.032139    0.036647    0.040033    0.050891    0.056189    0.061504    0.066702    0.063853    0.077430    0.090598    0.102977    0.166151    0.228779    0.351977 -999.000000 -999.000000 -999.000000 -999.000000 -999.000000 -999.000000 -999.000000 -999.000000 -999.000000 -999.000000 -999.000000 -999.000000 -999.000000
    0.001861    0.004002    0.007981    0.011970    0.016066    0.020172    0.020757    0.029999    0.033552    0.033714    0.038456    0.042056    0.053234    0.058774    0.064336    0.069771    0.066957    0.081197    0.095020    0.108106    0.174762    0.241633    0.376267    0.513897    0.654808    0.799135    0.946261    1.095049    1.247698    1.390291 -999.000000 -999.000000 -999.000000 -999.000000 -999.000000 -999.000000
    0.001909    0.004116    0.008209    0.012311    0.016524    0.020746    0.021395    0.030830    0.034492    0.034652    0.039531    0.043257    0.054613    0.060292    0.065995    0.071562    0.068778    0.083391    0.097578    0.111058    0.179542    0.248482    0.387625    0.530498    0.677639    0.829550    0.986165    1.147340    1.318185    1.493957    1.672557    1.852855    2.032951    2.218049    2.385104 -999.000000
    0.001945    0.004201    0.008378    0.012565    0.016864    0.021173    0.021869    0.031444    0.035187    0.035346    0.040326    0.044145    0.055628    0.061408    0.067214    0.072879    0.070118    0.085004    0.099456    0.113222    0.183016    0.253423    0.395679    0.542032    0.693108    0.849517    1.011312    1.178514    1.356758    1.541463    1.731024    1.925179    2.123528    2.336507    2.553602    2.769958
    0.001974    0.004268    0.008513    0.012769    0.017137    0.021515    0.022251    0.031937    0.035745    0.035902    0.040963    0.044858    0.056439    0.062299    0.068187    0.073929    0.071190    0.086292    0.100954    0.114949    0.185774    0.257331    0.401998    0.550997    0.705010    0.864706    1.030196    1.201573    1.384765    1.575178    1.771337    1.973189    2.180625    2.405360    2.636998    2.871790
    0.001998    0.004326    0.008627    0.012940    0.017366    0.021803    0.022572    0.032351    0.036213    0.036369    0.041498    0.045455    0.057118    0.063045    0.069001    0.074807    0.072088    0.087370    0.102207    0.116392    0.188075    0.260585    0.407235    0.558389    0.714765    0.877068    1.045446    1.220035    1.406976    1.601627    1.802580    2.009884    2.223556    2.456073    2.696810    2.942293
    0.002018    0.004374    0.008724    0.013085    0.017560    0.022046    0.022844    0.032700    0.036608    0.036763    0.041950    0.045961    0.057691    0.063674    0.069688    0.075548    0.072847    0.088282    0.103266    0.117612    0.190020    0.263337    0.411669    0.564648    0.723018    0.887508    1.058284    1.235515    1.425503    1.623551    1.828280    2.039802    2.258220    2.496568    2.743967    2.997077
    0.002035    0.004415    0.008806    0.013208    0.017725    0.022253    0.023075    0.032997    0.036945    0.037099    0.042334    0.046391    0.058177    0.064209    0.070271    0.076177    0.073492    0.089055    0.104165    0.118648    0.191667    0.265668    0.415418    0.569937    0.729994    0.896342    1.069172    1.248669    1.441267    1.642205    1.850115    2.065139    2.287437    2.530493    2.783155    3.042160
    0.002051    0.004451    0.008879    0.013317    0.017871    0.022436    0.023280    0.033260    0.037242    0.037395    0.042674    0.046771    0.058606    0.064679    0.070785    0.076730    0.074060    0.089737    0.104956    0.119559    0.193112    0.267706    0.418678    0.574511    0.735994    0.903905    1.078453    1.259849    1.454646    1.658032    1.868665    2.086726    2.312396    2.559512    2.816651    3.080570
    0.002064    0.004484    0.008943    0.013414    0.018001    0.022599    0.023463    0.033494    0.037507    0.037660    0.042977    0.047110    0.058988    0.065099    0.071243    0.077224    0.074567    0.090345    0.105662    0.120373    0.194404    0.269528    0.421592    0.578593    0.741338    0.910616    1.086648    1.269658    1.466298    1.671724    1.884614    2.105191    2.333680    2.584240    2.845228    3.113459
    0.002076    0.004512    0.009000    0.013499    0.018115    0.022742    0.023624    0.033699    0.037739    0.037891    0.043242    0.047406    0.059322    0.065466    0.071643    0.077656    0.075011    0.090877    0.106279    0.121084    0.195534    0.271126    0.424159    0.582207    0.746089    0.916603    1.093979    1.278445    1.476734    1.683959    1.898811    2.121528    2.352360    2.605757    2.869909    3.141694
    0.002087    0.004537    0.009050    0.013574    0.018215    0.022868    0.023765    0.033879    0.037943    0.038095    0.043475    0.047668    0.059616    0.065788    0.071995    0.078035    0.075401    0.091345    0.106822    0.121710    0.196525    0.272526    0.426403    0.585360    0.750232    0.921832    1.100396    1.286169    1.485963    1.694845    1.911501    2.136179    2.369134    2.625050    2.891946    3.166724
    0.002096    0.004559    0.009095    0.013642    0.018306    0.022981    0.023893    0.034042    0.038127    0.038279    0.043686    0.047904    0.059881    0.066080    0.072312    0.078377    0.075753    0.091767    0.107312    0.122274    0.197419    0.273786    0.428415    0.588177    0.753916    0.926457    1.106048    1.292946    1.494036    1.704357    1.922605    2.149042    2.383948    2.642226    2.911688    3.189235
    0.002105    0.004580    0.009136    0.013704    0.018388    0.023084    0.024008    0.034189    0.038294    0.038445    0.043876    0.048117    0.060121    0.066343    0.072599    0.078686    0.076072    0.092149    0.107755    0.122785    0.198228    0.274926    0.430238    0.590729    0.757253    0.930644    1.111156    1.299054    1.501279    1.712839    1.932444    2.160381    2.396951    2.657268    2.928999    3.209064
    0.002112    0.004598    0.009173    0.013759    0.018462    0.023177    0.024113    0.034323    0.038445    0.038595    0.044049    0.048310    0.060337    0.066580    0.072858    0.078966    0.076359    0.092494    0.108155    0.123246    0.198957    0.275956    0.431883    0.593034    0.760270    0.934432    1.115782    1.304587    1.507846    1.720533    1.941365    2.170636    2.408663    2.670726    2.944369    3.226559
    0.002119    0.004615    0.009206    0.013808    0.018528    0.023260    0.024206    0.034441    0.038579    0.038729    0.044202    0.048482    0.060529    0.066791    0.073089    0.079214    0.076615    0.092801    0.108511    0.123656    0.199608    0.276876    0.433360    0.595108    0.762990    0.937853    1.119960    1.309588    1.513785    1.727497    1.949446    2.179935    2.419291    2.682950    2.958322    3.242394
    0.002125    0.004629    0.009234    0.013851    0.018586    0.023332    0.024287    0.034544    0.038696    0.038846    0.044336    0.048632    0.060698    0.066976    0.073290    0.079431    0.076839    0.093069    0.108822    0.124016    0.200178    0.277682    0.434654    0.596930    0.765388    0.940881    1.123681    1.314065    1.519125    1.733780    1.956750    2.188346    2.428911    2.694025    2.970980    3.256777
    0.002131    0.004642    0.009260    0.013890    0.018637    0.023397    0.024360    0.034637    0.038801    0.038951    0.044456    0.048766    0.060848    0.067141    0.073470    0.079625    0.077040    0.093309    0.109101    0.124336    0.200685    0.278398    0.435801    0.598539    0.767499    0.943541    1.126943    1.317991    1.523817    1.739320    1.963228    2.195860    2.437557    2.704025    2.982436    3.269804
    0.002136    0.004654    0.009283    0.013925    0.018684    0.023455    0.024426    0.034720    0.038896    0.039045    0.044563    0.048887    0.060984    0.067290    0.073632    0.079799    0.077220    0.093525    0.109351    0.124625    0.201143    0.279044    0.436834    0.599988    0.769397    0.945927    1.129858    1.321483    1.527970    1.744205    1.968921    2.202452    2.445153    2.712847    2.992616    3.281482
    0.002140    0.004664    0.009304    0.013956    0.018725    0.023507    0.024484    0.034795    0.038980    0.039129    0.044660    0.048995    0.061104    0.067422    0.073777    0.079955    0.077380    0.093718    0.109575    0.124883    0.201551    0.279621    0.437758    0.601287    0.771101    0.948072    1.132483    1.324631    1.531714    1.748601    1.974030    2.208340    2.451896    2.720636    3.001570    3.291742
    0.002144    0.004673    0.009322    0.013983    0.018762    0.023553    0.024536    0.034861    0.039055    0.039203    0.044745    0.049091    0.061211    0.067539    0.073905    0.080093    0.077523    0.093888    0.109773    0.125111    0.201913    0.280132    0.438579    0.602441    0.772617    0.949983    1.134826    1.327445    1.535069    1.752550    1.978628    2.213649    2.457980    2.727656    3.009609    3.300894
    0.002147    0.004681    0.009338    0.014007    0.018794    0.023594    0.024582    0.034919    0.039121    0.039269    0.044820    0.049175    0.061306    0.067643    0.074018    0.080215    0.077649    0.094039    0.109948    0.125313    0.202233    0.280585    0.439306    0.603464    0.773961    0.951678    1.136905    1.329944    1.538052    1.756065    1.982728    2.218391    2.463431    2.733965    3.016851    3.309157
    0.002150    0.004688    0.009352    0.014029    0.018823    0.023629    0.024623    0.034970    0.039179    0.039327    0.044887    0.049250    0.061389    0.067734    0.074117    0.080322    0.077760    0.094172    0.110102    0.125491    0.202514    0.280983    0.439947    0.604365    0.775148    0.953176    1.138744    1.332158    1.540696    1.759184    1.986368    2.222605    2.468280    2.739583    3.023316    3.316552
    0.002153    0.004694    0.009365    0.014047    0.018848    0.023661    0.024658    0.035015    0.039229    0.039377    0.044944    0.049314    0.061461    0.067814    0.074204    0.080415    0.077856    0.094288    0.110236    0.125646    0.202760    0.281331    0.440506    0.605155    0.776188    0.954492    1.140362    1.334107    1.543027    1.761937    1.989587    2.226337    2.472577    2.744570    3.029060    3.323130
    0.002155    0.004700    0.009376    0.014063    0.018869    0.023687    0.024688    0.035053    0.039273    0.039421    0.044994    0.049370    0.061523    0.067882    0.074278    0.080496    0.077939    0.094387    0.110352    0.125779    0.202972    0.281632    0.440991    0.605839    0.777092    0.955637    1.141772    1.335810    1.545068    1.764352    1.992415    2.229623    2.476368    2.748976    3.034143    3.328962
    0.002157    0.004704    0.009385    0.014077    0.018887    0.023710    0.024714    0.035086    0.039310    0.039458    0.045036    0.049418    0.061576    0.067940    0.074342    0.080564    0.078010    0.094472    0.110450    0.125893    0.203152    0.281888    0.441405    0.606427    0.777869    0.956623    1.142990    1.337283    1.546837    1.766451    1.994879    2.232491    2.479685    2.752842    3.038614    3.334103
    0.002158    0.004708    0.009392    0.014088    0.018903    0.023729    0.024735    0.035113    0.039341    0.039488    0.045072    0.049457    0.061621    0.067989    0.074395    0.080622    0.078069    0.094543    0.110533    0.125988    0.203304    0.282104    0.441755    0.606923    0.778527    0.957461    1.144027    1.338542    1.548355    1.768256    1.997003    2.234971    2.482561    2.756203    3.042513    3.338598
    0.002160    0.004711    0.009398    0.014098    0.018915    0.023745    0.024753    0.035135    0.039366    0.039514    0.045101    0.049490    0.061657    0.068029    0.074439    0.080669    0.078118    0.094602    0.110601    0.126066    0.203429    0.282282    0.442044    0.607335    0.779076    0.958162    1.144898    1.339603    1.549636    1.769786    1.998811    2.237089    2.485026    2.759094    3.045878    3.342492
    0.002161    0.004714    0.009403    0.014105    0.018925    0.023757    0.024767    0.035153    0.039386    0.039534    0.045124    0.049516    0.061686    0.068061    0.074473    0.080706    0.078156    0.094648    0.110654    0.126128    0.203528    0.282423    0.442276    0.607667    0.779521    0.958734    1.145613    1.340477    1.550699    1.771061    2.000324    2.238869    2.487106    2.761545    3.048744    3.345823
    0.002161    0.004715    0.009407    0.014110    0.018932    0.023767    0.024777    0.035166    0.039401    0.039549    0.045141    0.049535    0.061708    0.068084    0.074499    0.080734    0.078185    0.094682    0.110695    0.126175    0.203603    0.282531    0.442454    0.607925    0.779869    0.959185    1.146180    1.341176    1.551555    1.772095    2.001560    2.240334    2.488829    2.763587    3.051147    3.348630
    0.002162    0.004717    0.009409    0.014114    0.018937    0.023773    0.024785    0.035175    0.039412    0.039559    0.045153    0.049548    0.061722    0.068101    0.074517    0.080753    0.078205    0.094706    0.110723    0.126208    0.203656    0.282607    0.442582    0.608112    0.780125    0.959521    1.146608    1.341710    1.552216    1.772903    2.002536    2.241501    2.490215    2.765245    3.053113    3.350946
    0.002162    0.004717    0.009411    0.014116    0.018940    0.023777    0.024789    0.035181    0.039418    0.039565    0.045160    0.049556    0.061731    0.068110    0.074527    0.080764    0.078217    0.094720    0.110739    0.126227    0.203687    0.282653    0.442662    0.608233    0.780295    0.959749    1.146905    1.342089    1.552695    1.773498    2.003266    2.242387    2.491282    2.766540    3.054669    3.352800
 -999.000000 -999.000000 -999.000000 -999.000000 -999.000000 -999.000000 -999.000000 -999.000000 -999.000000 -999.000000 -999.000000 -999.000000 -999.000000 -999.000000 -999.000000 -999.000000 -999.000000 -999.000000 -999.000000    0.126233    0.203698    0.282671    0.442697    0.608291    0.780384    0.959876    1.147080    1.342322    1.553000    1.773892    2.003765    2.243010    2.492049    2.767492    3.055837    3.354218
 -999.000000 -999.000000 -999.000000 -999.000000 -999.000000 -999.000000 -999.000000 -999.000000 -999.000000 -999.000000 -999.000000 -999.000000 -999.000000 -999.000000 -999.000000 -999.000000 -999.000000 -999.000000 -999.000000 -999.000000 -999.000000 -999.000000 -999.000000 -999.000000 -999.000000 -999.000000    1.147138    1.342417    1.553144    1.774097    2.004046    2.243384    2.492535    2.768123    3.056640    3.355225
 -999.000000 -999.000000 -999.000000 -999.000000 -999.000000 -999.000000 -999.000000 -999.000000 -999.000000 -999.000000 -999.000000 -999.000000 -999.000000 -999.000000 -999.000000 -999.000000 -999.000000 -999.000000 -999.000000 -999.000000 -999.000000 -999.000000 -999.000000 -999.000000 -999.000000 -999.000000 -999.000000 -999.000000 -999.000000 -999.000000 -999.000000    2.243523    2.492754    2.768450    3.057100    3.355844
 -999.000000 -999.000000 -999.000000 -999.000000 -999.000000 -999.000000 -999.000000 -999.000000 -999.000000 -999.000000 -999.000000 -999.000000 -999.000000 -999.000000 -999.000000 -999.000000 -999.000000 -999.000000 -999.000000 -999.000000 -999.000000 -999.000000 -999.000000 -999.000000 -999.000000 -999.000000 -999.000000 -999.000000 -999.000000 -999.000000 -999.000000 -999.000000 -999.000000 -999.000000 -999.000000    3.356099
#
# iasp91 travel-time table for pPKPab
#
