#
# iasp91 travel-time table for sPn
#
# number of distance and depth samples
35 36
# delta samples
0.750 1.000 1.500 2.000 2.500 3.000 3.500 4.000 4.500 5.000 5.500 6.000 6.500 7.000 7.500 8.000 8.500 9.000 10.000 11.000 12.000 13.000 14.000 15.000 16.000 
17.000 18.000 19.000 20.000 21.000 22.000 23.000 24.000 25.000 26.000 
# depth samples
    1.000000    2.500000    5.000000    7.500000   10.000000   12.500000   15.000000   17.500000   19.900000   20.000000   22.500000   25.000000   27.500000   30.000000   32.500000   34.900000   35.000000   40.000000   45.000000   50.000000   75.000000  100.000000  150.000000  200.000000  250.000000  300.000000  350.000000  400.000000  450.000000  500.000000  550.000000  600.000000  650.000000  700.000000  750.000000  800.000000
#
# travel times (rows - delta, columns - depth)
#
   18.105053 -999.000000 -999.000000 -999.000000 -999.000000 -999.000000 -999.000000 -999.000000 -999.000000 -999.000000 -999.000000 -999.000000 -999.000000 -999.000000 -999.000000 -999.000000 -999.000000 -999.000000 -999.000000 -999.000000 -999.000000 -999.000000 -999.000000 -999.000000 -999.000000 -999.000000 -999.000000 -999.000000 -999.000000 -999.000000 -999.000000 -999.000000 -999.000000 -999.000000 -999.000000 -999.000000
   21.543608   21.949629   22.626289   23.302891   23.979439   24.655931   25.332367   26.008747   26.658018   26.685024   27.275129   27.865129   28.455065   29.044937   29.634743   30.200897   30.224392   31.153791   32.082260   33.009865 -999.000000 -999.000000 -999.000000 -999.000000 -999.000000 -999.000000 -999.000000 -999.000000 -999.000000 -999.000000 -999.000000 -999.000000 -999.000000 -999.000000 -999.000000 -999.000000
   28.420639   28.826664   29.503326   30.179932   30.856483   31.532976   32.209415   32.885799   33.535072   33.562080   34.152187   34.742191   35.332127   35.922005   36.511814   37.077969   37.101463   38.030872   38.959343   39.886951   44.512043   49.115440 -999.000000 -999.000000 -999.000000 -999.000000 -999.000000 -999.000000 -999.000000 -999.000000 -999.000000 -999.000000 -999.000000 -999.000000 -999.000000 -999.000000
   35.297436   35.703465   36.380135   37.056744   37.733303   38.409801   39.086246   39.762638   40.411919   40.438923   41.029037   41.619049   42.208992   42.798874   43.388691   43.954853   43.978348   44.907772   45.836258   46.763882   51.389038   55.992485   65.138153   74.216301 -999.000000 -999.000000 -999.000000 -999.000000 -999.000000 -999.000000 -999.000000 -999.000000 -999.000000 -999.000000 -999.000000 -999.000000
   42.173843   42.579876   43.256554   43.933174   44.609741   45.286251   45.962708   46.639107   47.288395   47.315399   47.905525   48.495544   49.085503   49.675392   50.265221   50.831390   50.854885   51.784336   52.712849   53.640495   58.265762   62.869312   72.015137   81.093376   90.022217 -999.000000 -999.000000 -999.000000 -999.000000 -999.000000 -999.000000 -999.000000 -999.000000 -999.000000 -999.000000 -999.000000
   49.049702   49.455742   50.132431   50.809067   51.485645   52.162170   52.838634   53.515045   54.164349   54.191353   54.781494   55.371529   55.961498   56.551403   57.141243   57.707428   57.730927   58.660408   59.588955   60.516636   65.142067   69.745766   78.891846   87.970284   96.899254  105.535988  113.881607 -999.000000 -999.000000 -999.000000 -999.000000 -999.000000 -999.000000 -999.000000 -999.000000 -999.000000
   55.924854   56.330906   57.007610   57.684261   58.360859   59.037395   59.713879   60.390305   61.039619   61.066628   61.656788   62.246838   62.836826   63.426750   64.016609   64.582809   64.606308   65.535835   66.464424   67.392151   72.017792   76.621681   85.768120   94.846855  103.776070  112.412979  120.758698  128.815857 -999.000000 -999.000000 -999.000000 -999.000000 -999.000000 -999.000000 -999.000000 -999.000000
   62.799145   63.205208   63.881935   64.558601   65.235222   65.911774   66.588280   67.264725   67.914055   67.941063   68.531242   69.121323   69.711327   70.301270   70.891151   71.457375   71.480873   72.410454   73.339096   74.266876   78.892769   83.496910   92.643806  101.722939  110.652496  119.289696  127.635628  135.692932  143.020248 -999.000000 -999.000000 -999.000000 -999.000000 -999.000000 -999.000000 -999.000000
   69.672424   70.078499   70.755249   71.431938   72.108574   72.785156   73.461678   74.138145   74.787498   74.814514   75.404716   75.994812   76.584846   77.174820   77.764725   78.330971   78.354469   79.284111   80.212822   81.140663   85.766861   90.371300   99.518745  108.598381  117.528381  126.165977  134.512238  142.569809  149.897308  156.790970 -999.000000 -999.000000 -999.000000 -999.000000 -999.000000 -999.000000
   76.544518   76.950615   77.627388   78.304108   78.980766   79.657372   80.333923   81.010414   81.659798   81.686806   82.277039   82.867165   83.457230   84.047226   84.637161   85.203438   85.226936   86.156654   87.085434   88.013344   92.639900   97.244682  106.392776  115.473015  124.403572  133.041672  141.388397  149.446335  156.774139  163.668015  170.233932 -999.000000 -999.000000 -999.000000 -999.000000 -999.000000
   83.415291   83.821396   84.498199   85.174950   85.851639   86.528275   87.204857   87.881378   88.530785   88.557793   89.148064   89.738220   90.328316   90.918350   91.508316   92.074615   92.098122   93.027916   93.956779   94.884773   99.511726  104.116898  113.265747  122.346695  131.277908  139.916626  148.263916  156.322357  163.650620  170.544830  177.110977  183.347626 -999.000000 -999.000000 -999.000000 -999.000000
   90.284576   90.690704   91.367538   92.044319   92.721039   93.397705   94.074318   94.750870   95.400307   95.427322   96.017624   96.607819   97.197952   97.788017   98.378021   98.944359   98.967865   99.897751  100.826706  101.754791  106.382195  110.987808  120.137505  129.219254  138.151230  146.790680  155.138641  163.197708  170.526566  177.421280  183.987808  190.224686  196.128296 -999.000000 -999.000000 -999.000000
   97.152214   97.558365   98.235229   98.912048   99.588806  100.265511  100.942154  101.618744  102.268211  102.295227  102.885567  103.475807  104.065979  104.656090  105.246124  105.812508  105.836014  106.765999  107.695053  108.623238  113.251144  117.857239  127.007889  136.090546  145.023392  153.663681  162.012436  170.072250  177.401825  184.297195  190.864258  197.101532  203.005371 -999.000000 -999.000000 -999.000000
  104.018051  104.424225  105.101135  105.777985  106.454781  107.131523  107.808205  108.484833  109.134346  109.161362  109.751747  110.342026  110.932243  111.522392  112.112480  112.678902  112.702408  113.632507  114.561668  115.489967  120.118408  124.725044  133.876740  142.960403  151.894226  160.535461  168.885132  176.945816  184.276245  191.172409  197.740173  203.978012  209.882263  214.728821 -999.000000 -999.000000
  110.881935  111.288132  111.965088  112.641983  113.318817  113.995598  114.672325  115.348991  115.998543  116.025558  116.615997  117.206322  117.796585  118.386787  118.976913  119.543381  119.566887  120.497108  121.426392  122.354805  126.983849  131.591064  140.743912  149.828674  158.763580  167.405869  175.756561  183.818237  191.149673  198.046783  204.615402  210.853973  216.758820  221.605820  225.856644 -999.000000
  117.743713  118.149933  118.826927  119.503868  120.180756  120.857574  121.534348  122.211060  122.860657  122.887672  123.478157  124.068535  124.658852  125.249100  125.839287  126.405800  126.429306  127.359657  128.289078  129.217621  133.847290  138.455139  147.609222  156.695206  165.631287  174.274734  182.626587  190.689377  198.021942  204.920151  211.489777  217.729263  223.634872  228.482544  232.733734 -999.000000
  124.603210  125.009468  125.686508  126.363495  127.040428  127.717300  128.394119  129.070877  129.720520  129.747543  130.338074  130.928513  131.518890  132.109192  132.699432  133.265991  133.289505  134.220001  135.149551  136.078232  140.708588  145.317123  154.472549  163.559845  172.497208  181.141937  189.495041  197.559067  204.892914  211.792343  218.363144  224.603699  230.510269  235.358841  239.610657  243.491119
  131.460297  131.866577  132.543671  133.220703  133.897690  134.574615  135.251480  135.928299  136.577988  136.605011  137.195602  137.786102  138.376526  138.966888  139.557190  140.123810  140.147324  141.077957  142.007660  142.936493  147.567581  152.176849  161.333710  170.422424  179.361176  188.007294  196.361771  204.427155  211.762405  218.663223  225.235336  231.477158  237.384857  242.234558  246.487244  250.368195
  145.166534  145.572891  146.250092  146.927246  147.604340  148.281372  148.958359  149.635284  150.285080  150.312103  150.902832  151.493454  152.084015  152.674500  153.264923  153.831665  153.855194  154.786148  155.716171  156.645325  161.278030  165.888901  175.048950  184.140778  193.082626  201.731842  210.089417  218.157883  225.496353  232.400375  238.975632  245.220444  251.130966  255.983582  260.238861  264.121613
  158.861221  159.267654  159.944977  160.622253  161.299469  161.976639  162.653748  163.330795  163.980713  164.007736  164.598602  165.189377  165.780075  166.370697  166.961273  167.528152  167.551682  168.483002  169.413376  170.342896  174.977402  179.590057  188.753662  197.849014  206.794373  215.447128  223.808273  231.880295  239.222534  246.130371  252.709381  258.957855  264.871948  269.728394  273.987274  277.873016
  172.543121  172.949631  173.627090  174.304504  174.981857  175.659164  176.336411  177.013596  177.663635  177.690674  178.281693  178.872620  179.463470  180.054260  180.644989  181.212021  181.235550  182.167267  183.098053  184.027954  188.664459  193.279099  202.446640  211.545898  220.495178  229.151901  237.517059  245.593124  252.939682  259.851929  266.435303  272.688141  278.606506  283.467712  287.731232  291.621155
  186.210846  186.617447  187.295074  187.972641  188.650146  189.327591  190.004990  190.682327  191.332520  191.359558  191.950760  192.541855  193.132874  193.723846  194.314743  194.881943  194.905487  195.837631  196.768860  197.699203  202.337891  206.954712  216.126617  225.230209  234.183792  242.844925  251.214539  259.295135  266.646545  273.563751  280.152161  286.410034  292.333374  297.200226  301.469482  305.364746
  199.863190  200.269882  200.947662  201.625381  202.303055  202.980667  203.658218  204.335724  204.986069  205.013123  205.604507  206.195786  206.787003  207.378143  207.969238  208.536606  208.560150  209.492783  210.424469  211.355301  215.996353  220.615555  229.792236  238.900574  247.858948  256.524933  264.899475  272.985077  280.341858  287.264618  293.858673  300.122223  306.051300  310.924713  315.200714  319.102509
  213.499252  213.906036  214.584000  215.261887  215.939728  216.617508  217.295242  217.972900  218.623413  218.650467  219.242050  219.833527  220.424942  221.016281  221.607559  222.175125  222.198685  223.131805  224.063995  224.995300  229.638855  234.260559  243.442276  252.555710  261.519257  270.190552  278.570526  286.661652  294.024384  300.953278  307.553558  313.823486  319.759003  324.639893  328.923706  332.833160
  226.644318  227.055176  227.739883  228.424500  229.109039  229.793503  230.477890  231.162186  231.819046  231.846359  232.445480  233.044449  233.643326  234.242111  234.840790  235.415436  235.439285  236.390900  237.341370  238.290787  243.022003  247.726654  257.060272  266.194672  275.163666  283.840576  292.226379  300.323486  307.692749  314.628418  321.235626  327.512543  333.455231  338.344452  342.637085  346.555420
  239.401718  239.814606  240.502670  241.190659  241.878586  242.566437  243.254227  243.941925  244.602051  244.629517  245.232529  245.835419  246.438217  247.040924  247.643539  248.221970  248.245972  249.207504  250.167938  251.127350  255.908829  260.663544  270.093109  279.429535  288.593597  297.445648  305.866058  313.969482  321.345673  328.288666  334.903412  341.188110  347.138672  352.037140  356.339630  360.267975
  251.850815  252.265091  252.955521  253.645889  254.336182  255.026413  255.716599  256.406708  257.069153  257.096710  257.702484  258.308136  258.913727  259.519226  260.124634  260.705780  260.729919  261.698578  262.666229  263.632935  268.452545  273.248413  282.771454  292.213501  301.490692  310.456055  319.103271  327.433777  334.982269  341.932922  348.555695  354.848785  360.808014  365.716675  370.030060  373.969543
  264.060669  264.476196  265.168701  265.861145  266.553558  267.245880  267.938141  268.630341  269.294800  269.322418  269.930603  270.538635  271.146637  271.754517  272.362366  272.945801  272.970032  273.944702  274.918396  275.891205  280.741516  285.568939  295.158173  304.672333  314.031952  323.097961  331.866669  340.332672  348.059967  355.314575  362.191589  368.493439  374.461884  379.381622  383.707031  387.658813
  276.037292  276.454071  277.148621  277.843109  278.537537  279.231934  279.926239  280.620514  281.286926  281.314667  281.925171  282.535553  283.145905  283.756165  284.366333  284.952057  284.976349  285.956940  286.936523  287.915253  292.795563  297.653473  307.305389  316.884521  326.312103  335.451447  344.301788  352.863464  360.718933  368.135681  375.193207  381.860504  388.099396  393.030792  397.369110  401.334473
  287.777405  288.195404  288.891998  289.588531  290.285034  290.981476  291.677826  292.374146  293.042572  293.070374  293.683228  294.295959  294.908661  295.521271  296.133820  296.721771  296.746185  297.732635  298.718109  299.702759  304.612823  309.500946  319.214630  328.857422  338.351349  347.561035  356.486237  365.127747  373.074554  380.597778  387.790863  394.641815  401.122437  406.521729  411.015198  414.995026
 -999.000000 -999.000000 -999.000000 -999.000000 -999.000000 -999.000000 -999.000000 -999.000000 -999.000000 -999.000000 -999.000000 -999.000000 -999.000000 -999.000000 -999.000000 -999.000000 -999.000000 -999.000000 -999.000000 -999.000000 -999.000000 -999.000000  330.881042  340.587524  350.147522  359.426758  368.425354  377.144684  385.178802  392.797394  400.094360  407.063782  413.696045  419.343658  424.340881  428.639435
 -999.000000 -999.000000 -999.000000 -999.000000 -999.000000 -999.000000 -999.000000 -999.000000 -999.000000 -999.000000 -999.000000 -999.000000 -999.000000 -999.000000 -999.000000 -999.000000 -999.000000 -999.000000 -999.000000 -999.000000 -999.000000 -999.000000 -999.000000 -999.000000 -999.000000 -999.000000  380.114716  388.911530  397.031799  404.743500  412.140717  419.219116  425.970947  431.772949  437.005585  441.810730
 -999.000000 -999.000000 -999.000000 -999.000000 -999.000000 -999.000000 -999.000000 -999.000000 -999.000000 -999.000000 -999.000000 -999.000000 -999.000000 -999.000000 -999.000000 -999.000000 -999.000000 -999.000000 -999.000000 -999.000000 -999.000000 -999.000000 -999.000000 -999.000000 -999.000000 -999.000000 -999.000000 -999.000000 -999.000000  416.431641  423.928101  431.113037  437.980194  443.922607  449.320038  454.342133
 -999.000000 -999.000000 -999.000000 -999.000000 -999.000000 -999.000000 -999.000000 -999.000000 -999.000000 -999.000000 -999.000000 -999.000000 -999.000000 -999.000000 -999.000000 -999.000000 -999.000000 -999.000000 -999.000000 -999.000000 -999.000000 -999.000000 -999.000000 -999.000000 -999.000000 -999.000000 -999.000000 -999.000000 -999.000000 -999.000000 -999.000000 -999.000000  449.721039  455.799713  461.352875  466.552643
 -999.000000 -999.000000 -999.000000 -999.000000 -999.000000 -999.000000 -999.000000 -999.000000 -999.000000 -999.000000 -999.000000 -999.000000 -999.000000 -999.000000 -999.000000 -999.000000 -999.000000 -999.000000 -999.000000 -999.000000 -999.000000 -999.000000 -999.000000 -999.000000 -999.000000 -999.000000 -999.000000 -999.000000 -999.000000 -999.000000 -999.000000 -999.000000 -999.000000 -999.000000  473.103333  478.472351
#
# dtdd (rows - delta, columns - depth)
#
   13.754235 -999.000000 -999.000000 -999.000000 -999.000000 -999.000000 -999.000000 -999.000000 -999.000000 -999.000000 -999.000000 -999.000000 -999.000000 -999.000000 -999.000000 -999.000000 -999.000000 -999.000000 -999.000000 -999.000000 -999.000000 -999.000000 -999.000000 -999.000000 -999.000000 -999.000000 -999.000000 -999.000000 -999.000000 -999.000000 -999.000000 -999.000000 -999.000000 -999.000000 -999.000000 -999.000000
   13.754195   13.754197   13.754201   13.754204   13.754207   13.754209   13.754211   13.754214   13.754216   13.754216   13.754219   13.754221   13.754223   13.754226   13.754227   13.754229   13.754229   13.754232   13.754234   13.754235 -999.000000 -999.000000 -999.000000 -999.000000 -999.000000 -999.000000 -999.000000 -999.000000 -999.000000 -999.000000 -999.000000 -999.000000 -999.000000 -999.000000 -999.000000 -999.000000
   13.753881   13.753887   13.753897   13.753906   13.753916   13.753924   13.753934   13.753942   13.753951   13.753951   13.753962   13.753971   13.753981   13.753990   13.753999   13.754008   13.754008   13.754030   13.754051   13.754071   13.754155   13.754210 -999.000000 -999.000000 -999.000000 -999.000000 -999.000000 -999.000000 -999.000000 -999.000000 -999.000000 -999.000000 -999.000000 -999.000000 -999.000000 -999.000000
   13.753255   13.753264   13.753281   13.753296   13.753312   13.753327   13.753344   13.753359   13.753373   13.753374   13.753391   13.753408   13.753426   13.753442   13.753459   13.753474   13.753475   13.753516   13.753556   13.753595   13.753775   13.753926   13.754142   13.754232 -999.000000 -999.000000 -999.000000 -999.000000 -999.000000 -999.000000 -999.000000 -999.000000 -999.000000 -999.000000 -999.000000 -999.000000
   13.752316   13.752329   13.752352   13.752374   13.752396   13.752419   13.752440   13.752461   13.752482   13.752483   13.752508   13.752533   13.752558   13.752582   13.752605   13.752628   13.752629   13.752689   13.752748   13.752807   13.753082   13.753330   13.753744   13.754037   13.754203 -999.000000 -999.000000 -999.000000 -999.000000 -999.000000 -999.000000 -999.000000 -999.000000 -999.000000 -999.000000 -999.000000
   13.751063   13.751081   13.751110   13.751139   13.751167   13.751196   13.751225   13.751252   13.751280   13.751281   13.751312   13.751345   13.751376   13.751409   13.751440   13.751470   13.751472   13.751551   13.751629   13.751705   13.752076   13.752422   13.753034   13.753530   13.753904   13.754147   13.754235 -999.000000 -999.000000 -999.000000 -999.000000 -999.000000 -999.000000 -999.000000 -999.000000 -999.000000
   13.749498   13.749519   13.749555   13.749590   13.749625   13.749660   13.749695   13.749730   13.749763   13.749764   13.749804   13.749844   13.749883   13.749922   13.749961   13.749998   13.750000   13.750097   13.750195   13.750291   13.750758   13.751201   13.752009   13.752708   13.753292   13.753756   13.754075   13.754227 -999.000000 -999.000000 -999.000000 -999.000000 -999.000000 -999.000000 -999.000000 -999.000000
   13.747620   13.747644   13.747686   13.747728   13.747769   13.747811   13.747852   13.747893   13.747933   13.747934   13.747982   13.748029   13.748075   13.748122   13.748168   13.748213   13.748215   13.748332   13.748447   13.748563   13.749125   13.749666   13.750673   13.751575   13.752368   13.753051   13.753602   13.753998   13.754215 -999.000000 -999.000000 -999.000000 -999.000000 -999.000000 -999.000000 -999.000000
   13.745427   13.745457   13.745504   13.745553   13.745601   13.745648   13.745696   13.745744   13.745790   13.745791   13.745846   13.745900   13.745955   13.746009   13.746062   13.746114   13.746116   13.746252   13.746387   13.746521   13.747180   13.747818   13.749023   13.750128   13.751131   13.752034   13.752817   13.753456   13.753946   13.754208 -999.000000 -999.000000 -999.000000 -999.000000 -999.000000 -999.000000
   13.742923   13.742955   13.743010   13.743064   13.743118   13.743173   13.743227   13.743281   13.743333   13.743336   13.743397   13.743459   13.743521   13.743582   13.743643   13.743702   13.743705   13.743859   13.744013   13.744166   13.744921   13.745656   13.747059   13.748366   13.749579   13.750703   13.751718   13.752602   13.753365   13.753922   13.754209 -999.000000 -999.000000 -999.000000 -999.000000 -999.000000
   13.740105   13.740142   13.740202   13.740263   13.740324   13.740385   13.740445   13.740506   13.740564   13.740566   13.740636   13.740705   13.740774   13.740843   13.740911   13.740977   13.740980   13.741154   13.741326   13.741499   13.742349   13.743180   13.744781   13.746291   13.747714   13.749059   13.750305   13.751433   13.752470   13.753322   13.753924   13.754218 -999.000000 -999.000000 -999.000000 -999.000000
   13.736975   13.737016   13.737082   13.737150   13.737217   13.737285   13.737351   13.737418   13.737483   13.737485   13.737562   13.737638   13.737715   13.737791   13.737867   13.737940   13.737944   13.738135   13.738328   13.738519   13.739465   13.740393   13.742190   13.743903   13.745535   13.747100   13.748579   13.749951   13.751262   13.752408   13.753326   13.753958   13.754230 -999.000000 -999.000000 -999.000000
   13.733532   13.733577   13.733650   13.733724   13.733798   13.733871   13.733945   13.734018   13.734089   13.734092   13.734176   13.734260   13.734344   13.734426   13.734510   13.734591   13.734594   13.734805   13.735016   13.735226   13.736267   13.737291   13.739286   13.741201   13.743042   13.744827   13.746538   13.748155   13.749740   13.751182   13.752415   13.753384   13.754020 -999.000000 -999.000000 -999.000000
   13.729777   13.729825   13.729905   13.729985   13.730065   13.730145   13.730226   13.730305   13.730382   13.730385   13.730476   13.730568   13.730659   13.730750   13.730841   13.730928   13.730931   13.731162   13.731391   13.731621   13.732757   13.733878   13.736071   13.738186   13.740236   13.742240   13.744183   13.746044   13.747903   13.749641   13.751190   13.752497   13.753496   13.754152 -999.000000 -999.000000
   13.725709   13.725760   13.725847   13.725934   13.726021   13.726107   13.726193   13.726279   13.726362   13.726365   13.726464   13.726562   13.726662   13.726760   13.726858   13.726953   13.726956   13.727205   13.727454   13.727702   13.728933   13.730151   13.732540   13.734858   13.737117   13.739341   13.741514   13.743619   13.745750   13.747786   13.749651   13.751296   13.752659   13.753768   13.754234 -999.000000
   13.721328   13.721384   13.721477   13.721569   13.721663   13.721755   13.721848   13.721941   13.722030   13.722034   13.722139   13.722245   13.722351   13.722457   13.722563   13.722665   13.722669   13.722937   13.723204   13.723471   13.724797   13.726111   13.728697   13.731216   13.733684   13.736127   13.738531   13.740880   13.743284   13.745614   13.747796   13.749781   13.751507   13.753071   13.754060 -999.000000
   13.716633   13.716692   13.716792   13.716891   13.716990   13.717090   13.717189   13.717288   13.717383   13.717387   13.717501   13.717614   13.717727   13.717840   13.717954   13.718062   13.718066   13.718353   13.718639   13.718925   13.720347   13.721758   13.724541   13.727261   13.729937   13.732599   13.735234   13.737826   13.740504   13.743129   13.745626   13.747950   13.750041   13.752060   13.753572   13.754229
   13.711623   13.711687   13.711793   13.711898   13.712004   13.712110   13.712215   13.712320   13.712422   13.712426   13.712547   13.712668   13.712789   13.712910   13.713030   13.713145   13.713150   13.713456   13.713760   13.714066   13.715583   13.717091   13.720070   13.722992   13.725876   13.728758   13.731624   13.734459   13.737410   13.740329   13.743141   13.745804   13.748260   13.750733   13.752769   13.754009
   13.700670   13.700741   13.700859   13.700977   13.701096   13.701214   13.701332   13.701450   13.701564   13.701569   13.701704   13.701839   13.701974   13.702109   13.702245   13.702374   13.702379   13.702722   13.703064   13.703406   13.705112   13.706811   13.710183   13.713510   13.716810   13.720131   13.723458   13.726780   13.730275   13.733785   13.737226   13.740564   13.743748   13.747133   13.750220   13.752629
   13.688502   13.688581   13.688711   13.688842   13.688972   13.689102   13.689233   13.689363   13.689488   13.689493   13.689643   13.689793   13.689941   13.690091   13.690240   13.690384   13.690390   13.690768   13.691146   13.691524   13.693412   13.695296   13.699049   13.702768   13.706483   13.710241   13.714031   13.717839   13.721880   13.725978   13.730049   13.734062   13.737973   13.742267   13.746405   13.749989
   13.675048   13.675135   13.675280   13.675424   13.675568   13.675713   13.675857   13.676002   13.676140   13.676146   13.676311   13.676476   13.676641   13.676806   13.676971   13.677130   13.677136   13.677555   13.677973   13.678391   13.680477   13.682558   13.686698   13.690804   13.694917   13.699099   13.703341   13.707632   13.712218   13.716905   13.721607   13.726295   13.730932   13.736133   13.741319   13.746077
   13.660196   13.660291   13.660449   13.660606   13.660764   13.660922   13.661079   13.661237   13.661388   13.661395   13.661576   13.661757   13.661938   13.662119   13.662300   13.662474   13.662481   13.662940   13.663400   13.663860   13.666160   13.668455   13.673031   13.677574   13.682120   13.686735   13.691419   13.696177   13.701292   13.706561   13.711892   13.717256   13.722620   13.728726   13.734961   13.740890
   13.644329   13.644428   13.644594   13.644760   13.644926   13.645092   13.645258   13.645424   13.645583   13.645590   13.645781   13.645970   13.646161   13.646352   13.646543   13.646726   13.646733   13.647217   13.647700   13.648185   13.650616   13.653059   13.657981   13.662938   13.667950   13.673051   13.678234   13.683492   13.689136   13.694968   13.700910   13.706940   13.713031   13.720044   13.727324   13.734423
   13.627671   13.627775   13.627948   13.628121   13.628295   13.628469   13.628642   13.628816   13.628982   13.628989   13.629188   13.629387   13.629586   13.629786   13.629985   13.630177   13.630184   13.630690   13.631196   13.631703   13.634248   13.636808   13.641973   13.647186   13.652493   13.657976   13.663638   13.669440   13.675685   13.682134   13.688690   13.695368   13.702164   13.710076   13.718402   13.726670
   12.940413   12.942351   12.945578   12.948797   12.952009   12.955215   12.958416   12.961609   12.964668   12.964795   12.968427   12.972049   12.975662   12.979267   12.982863   12.986307   12.986450   12.995435   13.004368   13.013248   13.056878   13.099215   13.179966   13.630629   13.636185   13.641939   13.647896   13.654058   13.660812   13.667911   13.675163   13.682548   13.690051   13.698832   13.708185   13.717622
   12.583123   12.584782   12.587557   12.590346   12.593151   12.595971   12.598806   12.601658   12.604410   12.604525   12.607815   12.611125   12.614457   12.617812   12.621189   12.624454   12.624590   12.633216   12.642001   12.650956   12.698673   12.752827   12.866248   12.972177   13.071628   13.165985   13.631338   13.637794   13.644889   13.652390   13.660211   13.668336   13.676639   13.686337   13.696690   13.707268
   12.326199   12.327457   12.329558   12.331661   12.333766   12.335875   12.337985   12.340098   12.342129   12.342214   12.344626   12.347043   12.349462   12.351886   12.354318   12.356660   12.356757   12.362891   12.369081   12.375326   12.407454   12.441231   12.514790   12.599056   12.701639   12.832623   12.960420   13.079936   13.628159   13.636008   13.644217   13.652804   13.661785   13.672485   13.683930   13.695626
   12.093394   12.094630   12.096692   12.098756   12.100822   12.102892   12.104963   12.107038   12.109032   12.109115   12.111482   12.113851   12.116223   12.118599   12.120978   12.123265   12.123360   12.129313   12.135287   12.141283   12.171586   12.202442   12.265853   12.331546   12.401402   12.481158   12.575523   12.694896   12.861544   13.022285   13.627416   13.636401   13.645831   13.657213   13.669768   13.682704
   11.859439   11.860663   11.862704   11.864748   11.866795   11.868842   11.870892   11.872943   11.874914   11.874996   11.877335   11.879674   11.882016   11.884360   11.886707   11.888963   11.889056   11.894913   11.900785   11.906674   11.936369   11.966531   12.028501   12.092688   12.159775   12.231015   12.306828   12.388350   12.487957   12.614316   12.797544   12.997612   13.629055   13.640971   13.654226   13.668348
   11.619596   11.620828   11.622882   11.624939   11.626997   11.629058   11.631121   11.633185   11.635170   11.635252   11.637603   11.639956   11.642312   11.644670   11.647031   11.649300   11.649393   11.655272   11.661168   11.667081   11.696907   11.727174   11.789042   11.852646   11.918579   11.988088   12.061968   12.140694   12.229283   12.326163   12.434884   12.571864   12.777948   13.048872   13.637768   13.652633
 -999.000000 -999.000000 -999.000000 -999.000000 -999.000000 -999.000000 -999.000000 -999.000000 -999.000000 -999.000000 -999.000000 -999.000000 -999.000000 -999.000000 -999.000000 -999.000000 -999.000000 -999.000000 -999.000000 -999.000000 -999.000000 -999.000000   11.542548   11.606292   11.672438   11.742088   11.815506   11.892965   11.979126   12.073008   12.174797   12.285761   12.409305   12.590006   12.915760   13.636017
 -999.000000 -999.000000 -999.000000 -999.000000 -999.000000 -999.000000 -999.000000 -999.000000 -999.000000 -999.000000 -999.000000 -999.000000 -999.000000 -999.000000 -999.000000 -999.000000 -999.000000 -999.000000 -999.000000 -999.000000 -999.000000 -999.000000 -999.000000 -999.000000 -999.000000 -999.000000   11.561862   11.639402   11.725551   11.818472   11.917839   12.024896   12.142002   12.285773   12.461238   12.758591
 -999.000000 -999.000000 -999.000000 -999.000000 -999.000000 -999.000000 -999.000000 -999.000000 -999.000000 -999.000000 -999.000000 -999.000000 -999.000000 -999.000000 -999.000000 -999.000000 -999.000000 -999.000000 -999.000000 -999.000000 -999.000000 -999.000000 -999.000000 -999.000000 -999.000000 -999.000000 -999.000000 -999.000000 -999.000000   11.556419   11.655493   11.761802   11.876273   12.013616   12.173012   12.356646
 -999.000000 -999.000000 -999.000000 -999.000000 -999.000000 -999.000000 -999.000000 -999.000000 -999.000000 -999.000000 -999.000000 -999.000000 -999.000000 -999.000000 -999.000000 -999.000000 -999.000000 -999.000000 -999.000000 -999.000000 -999.000000 -999.000000 -999.000000 -999.000000 -999.000000 -999.000000 -999.000000 -999.000000 -999.000000 -999.000000 -999.000000 -999.000000   11.603869   11.739270   11.892764   12.064867
 -999.000000 -999.000000 -999.000000 -999.000000 -999.000000 -999.000000 -999.000000 -999.000000 -999.000000 -999.000000 -999.000000 -999.000000 -999.000000 -999.000000 -999.000000 -999.000000 -999.000000 -999.000000 -999.000000 -999.000000 -999.000000 -999.000000 -999.000000 -999.000000 -999.000000 -999.000000 -999.000000 -999.000000 -999.000000 -999.000000 -999.000000 -999.000000 -999.000000 -999.000000   11.606550   11.773714
#
# dtdh (rows - delta, columns - depth)
#
    0.270688 -999.000000 -999.000000 -999.000000 -999.000000 -999.000000 -999.000000 -999.000000 -999.000000 -999.000000 -999.000000 -999.000000 -999.000000 -999.000000 -999.000000 -999.000000 -999.000000 -999.000000 -999.000000 -999.000000 -999.000000 -999.000000 -999.000000 -999.000000 -999.000000 -999.000000 -999.000000 -999.000000 -999.000000 -999.000000 -999.000000 -999.000000 -999.000000 -999.000000 -999.000000 -999.000000
    0.270688    0.270675    0.270652    0.270630    0.270608    0.270586    0.270563    0.270541    0.270519    0.236039    0.236013    0.235987    0.235961    0.235936    0.235910    0.235885    0.185951    0.185779    0.185607    0.185435 -999.000000 -999.000000 -999.000000 -999.000000 -999.000000 -999.000000 -999.000000 -999.000000 -999.000000 -999.000000 -999.000000 -999.000000 -999.000000 -999.000000 -999.000000 -999.000000
    0.270689    0.270676    0.270654    0.270631    0.270609    0.270587    0.270564    0.270542    0.270520    0.236040    0.236014    0.235988    0.235963    0.235937    0.235911    0.235886    0.185953    0.185781    0.185608    0.185436    0.184571    0.183701 -999.000000 -999.000000 -999.000000 -999.000000 -999.000000 -999.000000 -999.000000 -999.000000 -999.000000 -999.000000 -999.000000 -999.000000 -999.000000 -999.000000
    0.270692    0.270679    0.270656    0.270634    0.270612    0.270589    0.270567    0.270544    0.270523    0.236043    0.236017    0.235991    0.235965    0.235939    0.235913    0.235889    0.185956    0.185784    0.185611    0.185439    0.184573    0.183702    0.182221    0.180901 -999.000000 -999.000000 -999.000000 -999.000000 -999.000000 -999.000000 -999.000000 -999.000000 -999.000000 -999.000000 -999.000000 -999.000000
    0.270696    0.270682    0.270660    0.270638    0.270615    0.270593    0.270570    0.270548    0.270526    0.236047    0.236021    0.235995    0.235969    0.235943    0.235917    0.235893    0.185961    0.185789    0.185616    0.185444    0.184577    0.183706    0.182223    0.180903    0.175667 -999.000000 -999.000000 -999.000000 -999.000000 -999.000000 -999.000000 -999.000000 -999.000000 -999.000000 -999.000000 -999.000000
    0.270701    0.270687    0.270665    0.270643    0.270620    0.270598    0.270576    0.270553    0.270531    0.236053    0.236027    0.236001    0.235975    0.235949    0.235923    0.235898    0.185968    0.185796    0.185623    0.185450    0.184583    0.183712    0.182228    0.180906    0.175669    0.169814    0.164021 -999.000000 -999.000000 -999.000000 -999.000000 -999.000000 -999.000000 -999.000000 -999.000000 -999.000000
    0.270707    0.270694    0.270672    0.270649    0.270627    0.270604    0.270582    0.270559    0.270538    0.236060    0.236034    0.236008    0.235982    0.235956    0.235930    0.235905    0.185977    0.185804    0.185632    0.185459    0.184592    0.183719    0.182234    0.180911    0.175673    0.169817    0.164022    0.158274 -999.000000 -999.000000 -999.000000 -999.000000 -999.000000 -999.000000 -999.000000 -999.000000
    0.270715    0.270702    0.270679    0.270657    0.270634    0.270612    0.270589    0.270567    0.270545    0.236068    0.236042    0.236017    0.235991    0.235965    0.235939    0.235914    0.185988    0.185815    0.185642    0.185469    0.184602    0.183729    0.182243    0.180919    0.175679    0.169822    0.164026    0.158276    0.141142 -999.000000 -999.000000 -999.000000 -999.000000 -999.000000 -999.000000 -999.000000
    0.270724    0.270711    0.270688    0.270666    0.270643    0.270621    0.270598    0.270576    0.270554    0.236079    0.236053    0.236027    0.236001    0.235975    0.235949    0.235924    0.186000    0.185828    0.185655    0.185482    0.184614    0.183741    0.182254    0.180928    0.175688    0.169829    0.164032    0.158280    0.141145    0.134593 -999.000000 -999.000000 -999.000000 -999.000000 -999.000000 -999.000000
    0.270734    0.270721    0.270698    0.270676    0.270654    0.270631    0.270609    0.270586    0.270564    0.236090    0.236064    0.236038    0.236012    0.235986    0.235960    0.235935    0.186015    0.185842    0.185669    0.185496    0.184628    0.183754    0.182266    0.180940    0.175698    0.169839    0.164040    0.158287    0.141150    0.134595    0.128030 -999.000000 -999.000000 -999.000000 -999.000000 -999.000000
    0.270746    0.270732    0.270710    0.270688    0.270665    0.270643    0.270620    0.270597    0.270576    0.236103    0.236077    0.236051    0.236025    0.235999    0.235973    0.235948    0.186031    0.185859    0.185686    0.185512    0.184643    0.183770    0.182281    0.180953    0.175711    0.169851    0.164051    0.158297    0.141158    0.134601    0.128033    0.121413 -999.000000 -999.000000 -999.000000 -999.000000
    0.270759    0.270745    0.270723    0.270700    0.270678    0.270655    0.270633    0.270610    0.270589    0.236118    0.236092    0.236066    0.236040    0.236014    0.235988    0.235963    0.186050    0.185877    0.185704    0.185531    0.184661    0.183787    0.182297    0.180969    0.175726    0.169865    0.164064    0.158308    0.141169    0.134610    0.128039    0.121416    0.114711 -999.000000 -999.000000 -999.000000
    0.270773    0.270759    0.270737    0.270714    0.270692    0.270669    0.270647    0.270624    0.270603    0.236134    0.236108    0.236082    0.236056    0.236030    0.236004    0.235978    0.186070    0.185897    0.185724    0.185551    0.184681    0.183806    0.182316    0.180987    0.175743    0.169881    0.164080    0.158323    0.141183    0.134622    0.128048    0.121422    0.114713 -999.000000 -999.000000 -999.000000
    0.270788    0.270775    0.270752    0.270730    0.270707    0.270685    0.270662    0.270640    0.270618    0.236152    0.236125    0.236099    0.236073    0.236047    0.236021    0.235996    0.186092    0.185919    0.185746    0.185572    0.184702    0.183828    0.182336    0.181006    0.175762    0.169900    0.164098    0.158340    0.141200    0.134637    0.128061    0.121432    0.114720    0.089324 -999.000000 -999.000000
    0.270805    0.270792    0.270769    0.270746    0.270724    0.270701    0.270679    0.270656    0.270634    0.236171    0.236144    0.236118    0.236092    0.236066    0.236040    0.236015    0.186116    0.185943    0.185770    0.185596    0.184726    0.183851    0.182359    0.181028    0.175784    0.169921    0.164118    0.158359    0.141219    0.134655    0.128077    0.121445    0.114730    0.089330    0.080607 -999.000000
    0.270823    0.270809    0.270787    0.270764    0.270742    0.270719    0.270697    0.270674    0.270652    0.236191    0.236165    0.236139    0.236113    0.236087    0.236060    0.236035    0.186142    0.185969    0.185795    0.185622    0.184751    0.183876    0.182384    0.181052    0.175807    0.169944    0.164140    0.158381    0.141242    0.134676    0.128096    0.121462    0.114744    0.089341    0.080610 -999.000000
    0.270842    0.270829    0.270806    0.270784    0.270761    0.270738    0.270716    0.270693    0.270671    0.236213    0.236187    0.236161    0.236135    0.236108    0.236082    0.236057    0.186170    0.185997    0.185823    0.185650    0.184779    0.183903    0.182410    0.181078    0.175833    0.169969    0.164165    0.158405    0.141267    0.134700    0.128119    0.121483    0.114761    0.089357    0.080619    0.075307
    0.270863    0.270849    0.270827    0.270804    0.270782    0.270759    0.270736    0.270714    0.270692    0.236236    0.236210    0.236184    0.236158    0.236132    0.236106    0.236080    0.186199    0.186026    0.185853    0.185679    0.184808    0.183932    0.182439    0.181106    0.175861    0.169997    0.164193    0.158432    0.141295    0.134727    0.128145    0.121507    0.114783    0.089378    0.080633    0.075311
    0.270908    0.270894    0.270871    0.270849    0.270826    0.270804    0.270781    0.270758    0.270737    0.236288    0.236262    0.236235    0.236209    0.236183    0.236157    0.236132    0.186264    0.186091    0.185917    0.185744    0.184872    0.183996    0.182502    0.181168    0.175923    0.170059    0.164255    0.158493    0.141360    0.134791    0.128206    0.121565    0.114837    0.089434    0.080678    0.075338
    0.270957    0.270944    0.270921    0.270899    0.270876    0.270853    0.270831    0.270808    0.270786    0.236345    0.236319    0.236292    0.236266    0.236240    0.236214    0.236188    0.186336    0.186163    0.185989    0.185816    0.184944    0.184068    0.182573    0.181238    0.175993    0.170130    0.164326    0.158565    0.141437    0.134867    0.128281    0.121637    0.114906    0.089511    0.080746    0.075389
    0.271012    0.270999    0.270976    0.270954    0.270931    0.270908    0.270886    0.270863    0.270841    0.236408    0.236381    0.236355    0.236329    0.236303    0.236276    0.236251    0.186416    0.186242    0.186069    0.185895    0.185024    0.184147    0.182651    0.181316    0.176072    0.170210    0.164407    0.158646    0.141524    0.134955    0.128368    0.121724    0.114990    0.089607    0.080836    0.075465
    0.271073    0.271059    0.271037    0.271014    0.270992    0.270969    0.270946    0.270924    0.270902    0.236477    0.236451    0.236425    0.236398    0.236372    0.236346    0.236321    0.186503    0.186330    0.186157    0.185983    0.185111    0.184234    0.182738    0.181402    0.176159    0.170299    0.164496    0.158737    0.141623    0.135055    0.128469    0.121824    0.115090    0.089723    0.080948    0.075564
    0.271137    0.271124    0.271101    0.271079    0.271056    0.271034    0.271011    0.270988    0.270967    0.236551    0.236525    0.236499    0.236473    0.236446    0.236420    0.236395    0.186598    0.186425    0.186251    0.186077    0.185206    0.184329    0.182833    0.181497    0.176255    0.170396    0.164596    0.158838    0.141733    0.135167    0.128582    0.121939    0.115204    0.089858    0.081082    0.075689
    0.271205    0.271192    0.271169    0.271147    0.271124    0.271102    0.271079    0.271056    0.271035    0.236629    0.236603    0.236577    0.236551    0.236524    0.236498    0.236473    0.186697    0.186524    0.186350    0.186177    0.185306    0.184430    0.182935    0.181599    0.176360    0.170504    0.164706    0.158949    0.141855    0.135290    0.128708    0.122067    0.115334    0.090013    0.081239    0.075837
    0.273915    0.273896    0.273864    0.273832    0.273801    0.273769    0.273737    0.273705    0.273674    0.239647    0.239609    0.239570    0.239532    0.239493    0.239455    0.239418    0.190412    0.190201    0.189990    0.189778    0.188718    0.187655    0.185786    0.181706    0.176471    0.170618    0.164824    0.159071    0.141989    0.135427    0.128848    0.122208    0.115478    0.090188    0.081418    0.076010
    0.275259    0.275241    0.275213    0.275184    0.275155    0.275127    0.275098    0.275069    0.275041    0.241207    0.241172    0.241136    0.241101    0.241065    0.241030    0.240995    0.192392    0.192189    0.191985    0.191780    0.190732    0.189636    0.187642    0.185815    0.180175    0.173917    0.164948    0.159199    0.142132    0.135576    0.129001    0.122365    0.115638    0.090381    0.081619    0.076208
    0.276197    0.276182    0.276157    0.276132    0.276107    0.276082    0.276056    0.276031    0.276007    0.242308    0.242278    0.242248    0.242217    0.242187    0.242157    0.242127    0.193808    0.193624    0.193438    0.193252    0.192312    0.191356    0.189647    0.188015    0.182479    0.176122    0.169774    0.163453    0.142283    0.135733    0.129165    0.122536    0.115814    0.090595    0.081841    0.076429
    0.277029    0.277014    0.276990    0.276966    0.276942    0.276918    0.276894    0.276869    0.276846    0.243263    0.243235    0.243206    0.243177    0.243147    0.243118    0.243090    0.195010    0.194830    0.194649    0.194468    0.193557    0.192635    0.191022    0.189538    0.184280    0.178358    0.172376    0.166224    0.148815    0.141357    0.129337    0.122716    0.116002    0.090830    0.082086    0.076673
    0.277846    0.277832    0.277809    0.277786    0.277762    0.277739    0.277716    0.277692    0.277670    0.244201    0.244173    0.244145    0.244117    0.244090    0.244062    0.244035    0.196186    0.196010    0.195833    0.195656    0.194766    0.193867    0.192298    0.190860    0.185685    0.179895    0.174123    0.168341    0.151765    0.144837    0.137305    0.129368    0.116200    0.091079    0.082355    0.076943
    0.278665    0.278651    0.278629    0.278606    0.278584    0.278562    0.278539    0.278516    0.278495    0.245138    0.245112    0.245085    0.245058    0.245031    0.245004    0.244978    0.197358    0.197186    0.197012    0.196839    0.195966    0.195084    0.193552    0.192154    0.187050    0.181345    0.175668    0.169994    0.153725    0.147181    0.140496    0.133451    0.125525    0.099541    0.082637    0.077238
 -999.000000 -999.000000 -999.000000 -999.000000 -999.000000 -999.000000 -999.000000 -999.000000 -999.000000 -999.000000 -999.000000 -999.000000 -999.000000 -999.000000 -999.000000 -999.000000 -999.000000 -999.000000 -999.000000 -999.000000 -999.000000 -999.000000    0.194808    0.193446    0.188406    0.182773    0.177178    0.171599    0.155558    0.149166    0.142686    0.136052    0.129182    0.105401    0.093920    0.077548
 -999.000000 -999.000000 -999.000000 -999.000000 -999.000000 -999.000000 -999.000000 -999.000000 -999.000000 -999.000000 -999.000000 -999.000000 -999.000000 -999.000000 -999.000000 -999.000000 -999.000000 -999.000000 -999.000000 -999.000000 -999.000000 -999.000000 -999.000000 -999.000000 -999.000000 -999.000000    0.178687    0.173192    0.157357    0.151095    0.144772    0.138331    0.131705    0.109004    0.100097    0.091996
 -999.000000 -999.000000 -999.000000 -999.000000 -999.000000 -999.000000 -999.000000 -999.000000 -999.000000 -999.000000 -999.000000 -999.000000 -999.000000 -999.000000 -999.000000 -999.000000 -999.000000 -999.000000 -999.000000 -999.000000 -999.000000 -999.000000 -999.000000 -999.000000 -999.000000 -999.000000 -999.000000 -999.000000 -999.000000    0.153013    0.146827    0.140542    0.134113    0.112058    0.103716    0.097627
 -999.000000 -999.000000 -999.000000 -999.000000 -999.000000 -999.000000 -999.000000 -999.000000 -999.000000 -999.000000 -999.000000 -999.000000 -999.000000 -999.000000 -999.000000 -999.000000 -999.000000 -999.000000 -999.000000 -999.000000 -999.000000 -999.000000 -999.000000 -999.000000 -999.000000 -999.000000 -999.000000 -999.000000 -999.000000 -999.000000 -999.000000 -999.000000    0.136484    0.114987    0.107041    0.101414
 -999.000000 -999.000000 -999.000000 -999.000000 -999.000000 -999.000000 -999.000000 -999.000000 -999.000000 -999.000000 -999.000000 -999.000000 -999.000000 -999.000000 -999.000000 -999.000000 -999.000000 -999.000000 -999.000000 -999.000000 -999.000000 -999.000000 -999.000000 -999.000000 -999.000000 -999.000000 -999.000000 -999.000000 -999.000000 -999.000000 -999.000000 -999.000000 -999.000000 -999.000000    0.110257    0.104971
#
# bounce point delta (rows - delta, columns - depth)
#
    0.008735 -999.000000 -999.000000 -999.000000 -999.000000 -999.000000 -999.000000 -999.000000 -999.000000 -999.000000 -999.000000 -999.000000 -999.000000 -999.000000 -999.000000 -999.000000 -999.000000 -999.000000 -999.000000 -999.000000 -999.000000 -999.000000 -999.000000 -999.000000 -999.000000 -999.000000 -999.000000 -999.000000 -999.000000 -999.000000 -999.000000 -999.000000 -999.000000 -999.000000 -999.000000 -999.000000
    0.008735    0.009300    0.048404    0.027843    0.096766    0.046717    0.150298    0.072205    0.080989    0.194080    0.094327    0.259107    0.118683    0.325234    0.142338    0.153621    0.371488    0.000000    0.000000    0.000000 -999.000000 -999.000000 -999.000000 -999.000000 -999.000000 -999.000000 -999.000000 -999.000000 -999.000000 -999.000000 -999.000000 -999.000000 -999.000000 -999.000000 -999.000000 -999.000000
    0.008735    0.009300    0.048402    0.027843    0.096762    0.046716    0.150291    0.072203    0.080987    0.194072    0.094325    0.259097    0.118681    0.325219    0.142335    0.153618    0.370909    0.000000    0.000000    0.000000    0.000000    0.000000 -999.000000 -999.000000 -999.000000 -999.000000 -999.000000 -999.000000 -999.000000 -999.000000 -999.000000 -999.000000 -999.000000 -999.000000 -999.000000 -999.000000
    0.008734    0.009299    0.048397    0.027841    0.096753    0.046713    0.150277    0.072199    0.080982    0.194056    0.094320    0.259074    0.118675    0.325183    0.142329    0.153611    0.370329    0.000000    0.000000    0.000000    0.000000    0.000000    0.000000    0.000000 -999.000000 -999.000000 -999.000000 -999.000000 -999.000000 -999.000000 -999.000000 -999.000000 -999.000000 -999.000000 -999.000000 -999.000000
    0.008733    0.009298    0.048391    0.027838    0.096741    0.046708    0.150256    0.072193    0.080975    0.194031    0.094312    0.259039    0.118666    0.325127    0.142318    0.153600    0.369744    0.000000    0.000000    0.000000    0.000000    0.000000    0.000000    0.000000    0.000000 -999.000000 -999.000000 -999.000000 -999.000000 -999.000000 -999.000000 -999.000000 -999.000000 -999.000000 -999.000000 -999.000000
    0.008732    0.009297    0.048382    0.027834    0.096724    0.046701    0.150227    0.072185    0.080965    0.193998    0.094301    0.258991    0.118654    0.325051    0.142304    0.153584    0.369154    0.000000    0.000000    0.000000    0.000000    0.000000    0.000000    0.000000    0.000000    0.000000    0.000000 -999.000000 -999.000000 -999.000000 -999.000000 -999.000000 -999.000000 -999.000000 -999.000000 -999.000000
    0.008731    0.009295    0.048372    0.027829    0.096703    0.046693    0.150190    0.072174    0.080953    0.193955    0.094287    0.258930    0.118638    0.324954    0.142286    0.153565    0.368558    0.000000    0.000000    0.000000    0.000000    0.000000    0.000000    0.000000    0.000000    0.000000    0.000000    0.000000 -999.000000 -999.000000 -999.000000 -999.000000 -999.000000 -999.000000 -999.000000 -999.000000
    0.008729    0.009293    0.048359    0.027823    0.096678    0.046683    0.150147    0.072162    0.080938    0.193904    0.094271    0.258857    0.118619    0.324837    0.142263    0.153541    0.367955    0.000000    0.000000    0.000000    0.000000    0.000000    0.000000    0.000000    0.000000    0.000000    0.000000    0.000000    0.000000 -999.000000 -999.000000 -999.000000 -999.000000 -999.000000 -999.000000 -999.000000
    0.008726    0.009291    0.048344    0.027816    0.096648    0.046672    0.150095    0.072147    0.080921    0.193845    0.094252    0.258771    0.118597    0.324700    0.142237    0.153513    0.367347    0.000000    0.000000    0.000000    0.000000    0.000000    0.000000    0.000000    0.000000    0.000000    0.000000    0.000000    0.000000    0.000000 -999.000000 -999.000000 -999.000000 -999.000000 -999.000000 -999.000000
    0.008724    0.009288    0.048327    0.027808    0.096614    0.046659    0.150037    0.072130    0.080901    0.193776    0.094229    0.258672    0.118572    0.324542    0.142208    0.153481    0.366733    0.000000    0.000000    0.000000    0.000000    0.000000    0.000000    0.000000    0.000000    0.000000    0.000000    0.000000    0.000000    0.000000    0.000000 -999.000000 -999.000000 -999.000000 -999.000000 -999.000000
    0.008721    0.009285    0.048308    0.027799    0.096576    0.046644    0.149971    0.072110    0.080879    0.193699    0.094204    0.258561    0.118544    0.324364    0.142174    0.153445    0.366113    1.956373    0.000000    0.000000    0.000000    0.000000    0.000000    0.000000    0.000000    0.000000    0.000000    0.000000    0.000000    0.000000    0.000000    0.000000 -999.000000 -999.000000 -999.000000 -999.000000
    0.008718    0.009282    0.048286    0.027789    0.096533    0.046628    0.149898    0.072089    0.080854    0.193613    0.094177    0.258437    0.118512    0.324165    0.142136    0.153405    0.365488    1.609560    0.000000    0.000000    0.000000    0.000000    0.000000    0.000000    0.000000    0.000000    0.000000    0.000000    0.000000    0.000000    0.000000    0.000000    0.000000 -999.000000 -999.000000 -999.000000
    0.008715    0.009278    0.048263    0.027778    0.096487    0.046609    0.149817    0.072065    0.080826    0.193518    0.094146    0.258301    0.118477    0.323946    0.142095    0.153361    0.364857    1.433839    0.000000    0.000000    0.000000    0.000000    0.000000    0.000000    0.000000    0.000000    0.000000    0.000000    0.000000    0.000000    0.000000    0.000000    0.000000 -999.000000 -999.000000 -999.000000
    0.008711    0.009274    0.048237    0.027766    0.096436    0.046590    0.149729    0.072040    0.080796    0.193415    0.094113    0.258152    0.118439    0.323708    0.142049    0.153312    0.364220    1.302727    0.000000    0.000000    0.000000    0.000000    0.000000    0.000000    0.000000    0.000000    0.000000    0.000000    0.000000    0.000000    0.000000    0.000000    0.000000    0.000000 -999.000000 -999.000000
    0.008707    0.009270    0.048209    0.027753    0.096381    0.046568    0.149633    0.072012    0.080764    0.193303    0.094076    0.257991    0.118398    0.323449    0.142000    0.153259    0.363578    1.198841    2.560048    0.000000    0.000000    0.000000    0.000000    0.000000    0.000000    0.000000    0.000000    0.000000    0.000000    0.000000    0.000000    0.000000    0.000000    0.000000    0.000000 -999.000000
    0.008703    0.009265    0.048179    0.027740    0.096321    0.046545    0.149531    0.071982    0.080729    0.193183    0.094037    0.257817    0.118353    0.323170    0.141947    0.153203    0.362930    1.115076    2.187454    0.000000    0.000000    0.000000    0.000000    0.000000    0.000000    0.000000    0.000000    0.000000    0.000000    0.000000    0.000000    0.000000    0.000000    0.000000    0.000000 -999.000000
    0.008698    0.009260    0.048147    0.027725    0.096258    0.046521    0.149421    0.071950    0.080692    0.193054    0.093995    0.257631    0.118305    0.322871    0.141890    0.153142    0.362275    1.047581    1.952477    0.000000    0.000000    0.000000    0.000000    0.000000    0.000000    0.000000    0.000000    0.000000    0.000000    0.000000    0.000000    0.000000    0.000000    0.000000    0.000000    0.000000
    0.008693    0.009255    0.048113    0.027709    0.096190    0.046494    0.149303    0.071915    0.080652    0.192916    0.093950    0.257432    0.118254    0.322553    0.141830    0.153076    0.361615    0.994115    1.786717    3.018197    0.000000    0.000000    0.000000    0.000000    0.000000    0.000000    0.000000    0.000000    0.000000    0.000000    0.000000    0.000000    0.000000    0.000000    0.000000    0.000000
    0.008682    0.009243    0.048038    0.027674    0.096042    0.046437    0.149047    0.071840    0.080564    0.192614    0.093852    0.256998    0.118142    0.321857    0.141697    0.152934    0.360278    0.919927    1.574618    2.415483    0.000000    0.000000    0.000000    0.000000    0.000000    0.000000    0.000000    0.000000    0.000000    0.000000    0.000000    0.000000    0.000000    0.000000    0.000000    0.000000
    0.008670    0.009231    0.047956    0.027636    0.095877    0.046373    0.148762    0.071756    0.080467    0.192279    0.093743    0.256516    0.118018    0.321085    0.141549    0.152775    0.358921    0.861537    1.422093    2.081040    0.000000    0.000000    0.000000    0.000000    0.000000    0.000000    0.000000    0.000000    0.000000    0.000000    0.000000    0.000000    0.000000    0.000000    0.000000    0.000000
    0.008657    0.009216    0.047864    0.027593    0.095696    0.046302    0.148448    0.071664    0.080359    0.191909    0.093623    0.255984    0.117881    0.320234    0.141385    0.152600    0.357540    0.812707    1.302285    1.850387    0.000000    0.000000    0.000000    0.000000    0.000000    0.000000    0.000000    0.000000    0.000000    0.000000    0.000000    0.000000    0.000000    0.000000    0.000000    0.000000
    0.008643    0.009201    0.047764    0.027546    0.095496    0.046224    0.148101    0.071562    0.080241    0.191501    0.093490    0.255399    0.117729    0.319298    0.141205    0.152406    0.356121    0.772303    1.208151    1.686833    0.000000    0.000000    0.000000    0.000000    0.000000    0.000000    0.000000    0.000000    0.000000    0.000000    0.000000    0.000000    0.000000    0.000000    0.000000    0.000000
    0.008627    0.009184    0.047656    0.027496    0.095282    0.046140    0.147731    0.071453    0.080114    0.191065    0.093348    0.254772    0.117566    0.318298    0.141011    0.152197    0.354695    0.738222    1.133180    1.563796    4.931235    0.000000    0.000000    0.000000    0.000000    0.000000    0.000000    0.000000    0.000000    0.000000    0.000000    0.000000    0.000000    0.000000    0.000000    0.000000
    0.008611    0.009167    0.047544    0.027443    0.095059    0.046053    0.147344    0.071339    0.079981    0.190607    0.093198    0.254117    0.117395    0.317252    0.140807    0.151979    0.353282    0.708559    1.071818    1.461861    4.106338    0.000000    0.000000    0.000000    0.000000    0.000000    0.000000    0.000000    0.000000    0.000000    0.000000    0.000000    0.000000    0.000000    0.000000    0.000000
    0.007963    0.008463    0.043154    0.025349    0.086394    0.042593    0.132535    0.066811    0.074741    0.173095    0.087345    0.229749    0.110726    0.279843    0.132930    0.143558    0.317578    0.457187    0.595207    0.729019    1.466721    2.304495    4.601594    0.000000    0.000000    0.000000    0.000000    0.000000    0.000000    0.000000    0.000000    0.000000    0.000000    0.000000    0.000000    0.000000
    0.007642    0.008110    0.041008    0.024283    0.082108    0.040812    0.125191    0.064425    0.071974    0.164359    0.084227    0.217546    0.107102    0.261764    0.128597    0.138899    0.302421    0.407741    0.522144    0.632487    1.206176    1.840146    3.412369    6.522794    0.000000    0.000000    0.000000    0.000000    0.000000    0.000000    0.000000    0.000000    0.000000    0.000000    0.000000    0.000000
    0.007419    0.007861    0.039522    0.023530    0.079132    0.039550    0.120102    0.062716    0.069991    0.158300    0.081986    0.209069    0.104470    0.249518    0.125432    0.135484    0.292059    0.383242    0.481414    0.580880    1.070781    1.592870    2.779251    4.417211    0.000000    0.000000    0.000000    0.000000    0.000000    0.000000    0.000000    0.000000    0.000000    0.000000    0.000000    0.000000
    0.007220    0.007639    0.038222    0.022864    0.076540    0.038438    0.115712    0.061210    0.068251    0.153110    0.080023    0.201872    0.102172    0.239444    0.122684    0.132529    0.283441    0.366497    0.453194    0.544000    0.986284    1.455595    2.488397    3.785201    5.710728    0.000000    0.000000    0.000000    0.000000    0.000000    0.000000    0.000000    0.000000    0.000000    0.000000    0.000000
    0.007024    0.007420    0.036953    0.022206    0.074010    0.037340    0.111446    0.059713    0.066524    0.148068    0.078072    0.194897    0.099880    0.229911    0.119946    0.129583    0.275092    0.351114    0.429671    0.511957    0.918838    1.346152    2.273731    3.394894    4.883441    7.761470    0.000000    0.000000    0.000000    0.000000    0.000000    0.000000    0.000000    0.000000    0.000000    0.000000
    0.006828    0.007199    0.035688    0.021542    0.071490    0.036232    0.107216    0.058197    0.064776    0.143071    0.076097    0.188001    0.097552    0.220720    0.117163    0.126590    0.266806    0.336580    0.409570    0.483356    0.861278    1.253576    2.098256    3.092706    4.339361    6.164699    0.000000    0.000000    0.000000    0.000000    0.000000    0.000000    0.000000    0.000000    0.000000    0.000000
 -999.000000 -999.000000 -999.000000 -999.000000 -999.000000 -999.000000 -999.000000 -999.000000 -999.000000 -999.000000 -999.000000 -999.000000 -999.000000 -999.000000 -999.000000 -999.000000 -999.000000 -999.000000 -999.000000 -999.000000 -999.000000 -999.000000    1.947161    2.843134    3.926528    5.364810    7.828207    0.000000    0.000000    0.000000    0.000000    0.000000    0.000000    0.000000    0.000000    0.000000
 -999.000000 -999.000000 -999.000000 -999.000000 -999.000000 -999.000000 -999.000000 -999.000000 -999.000000 -999.000000 -999.000000 -999.000000 -999.000000 -999.000000 -999.000000 -999.000000 -999.000000 -999.000000 -999.000000 -999.000000 -999.000000 -999.000000 -999.000000 -999.000000 -999.000000 -999.000000    6.499296    0.000000    0.000000    0.000000    0.000000    0.000000    0.000000    0.000000    0.000000    0.000000
 -999.000000 -999.000000 -999.000000 -999.000000 -999.000000 -999.000000 -999.000000 -999.000000 -999.000000 -999.000000 -999.000000 -999.000000 -999.000000 -999.000000 -999.000000 -999.000000 -999.000000 -999.000000 -999.000000 -999.000000 -999.000000 -999.000000 -999.000000 -999.000000 -999.000000 -999.000000 -999.000000 -999.000000 -999.000000    0.000000    0.000000    0.000000    0.000000    0.000000    0.000000    0.000000
 -999.000000 -999.000000 -999.000000 -999.000000 -999.000000 -999.000000 -999.000000 -999.000000 -999.000000 -999.000000 -999.000000 -999.000000 -999.000000 -999.000000 -999.000000 -999.000000 -999.000000 -999.000000 -999.000000 -999.000000 -999.000000 -999.000000 -999.000000 -999.000000 -999.000000 -999.000000 -999.000000 -999.000000 -999.000000 -999.000000 -999.000000 -999.000000    0.000000    0.000000    0.000000    0.000000
 -999.000000 -999.000000 -999.000000 -999.000000 -999.000000 -999.000000 -999.000000 -999.000000 -999.000000 -999.000000 -999.000000 -999.000000 -999.000000 -999.000000 -999.000000 -999.000000 -999.000000 -999.000000 -999.000000 -999.000000 -999.000000 -999.000000 -999.000000 -999.000000 -999.000000 -999.000000 -999.000000 -999.000000 -999.000000 -999.000000 -999.000000 -999.000000 -999.000000 -999.000000    0.000000    0.000000
#
# iasp91 travel-time table for sPn
#
