#
# iasp91 travel-time table for SKKPbc
#
# number of distance and depth samples
71 37
# delta samples
78.000 79.000 80.000 81.000 82.000 83.000 84.000 85.000 86.000 87.000 88.000 89.000 90.000 91.000 92.000 93.000 94.000 95.000 96.000 97.000 98.000 99.000 100.000 101.000 102.000 
103.000 104.000 105.000 106.000 107.000 108.000 109.000 110.000 111.000 112.000 113.000 114.000 115.000 116.000 117.000 118.000 119.000 120.000 121.000 122.000 123.000 124.000 125.000 126.000 127.000 
128.000 129.000 130.000 131.000 132.000 133.000 134.000 135.000 136.000 137.000 138.000 139.000 140.000 141.000 142.000 143.000 144.000 145.000 146.000 147.000 148.000 
# depth samples
    0.000000    1.000000    2.500000    5.000000    7.500000   10.000000   12.500000   15.000000   17.500000   19.900000   20.000000   22.500000   25.000000   27.500000   30.000000   32.500000   34.900000   35.000000   40.000000   45.000000   50.000000   75.000000  100.000000  150.000000  200.000000  250.000000  300.000000  350.000000  400.000000  450.000000  500.000000  550.000000  600.000000  650.000000  700.000000  750.000000  800.000000
#
# travel times (rows - delta, columns - depth)
#
 2078.638428 2078.341553 2077.895996 2077.153320 2076.410889 2075.668213 2074.925781 2074.183105 2073.440430 2072.727783 2072.697998 2072.032959 2071.367920 2070.702881 2070.037842 2069.372803 2068.734619 2068.708008 2067.593506 2066.479492 2065.366211 2059.805420 2054.255859 2043.186401 2032.144043 2021.194336 2010.450684 1999.907349 1989.557129 -999.000000 -999.000000 -999.000000 -999.000000 -999.000000 -999.000000 -999.000000 -999.000000
 2076.544922 2076.248047 2075.802490 2075.059814 2074.317383 2073.574951 2072.832275 2072.089844 2071.347168 2070.634521 2070.604736 2069.939697 2069.274902 2068.609863 2067.944824 2067.279785 2066.641602 2066.614990 2065.500732 2064.386719 2063.273438 2057.713135 2052.164062 2041.095825 2030.054565 2019.105957 2008.363525 1997.821289 1987.472290 1977.642700 1968.095215 1958.741455 1949.573608 1940.584961 1932.196655 1924.093262 1916.124512
 2074.425049 2074.128174 2073.682617 2072.940186 2072.197510 2071.455078 2070.712646 2069.969971 2069.227539 2068.514893 2068.485107 2067.820068 2067.155273 2066.490234 2065.825439 2065.160400 2064.522217 2064.495605 2063.381348 2062.267578 2061.154297 2055.594727 2050.046143 2038.978882 2027.938599 2016.991211 2006.249756 1995.708862 1985.361084 1975.532715 1965.986572 1956.634277 1947.467896 1938.480713 1930.094116 1921.992554 1914.025635
 2072.279297 2071.982422 2071.536865 2070.794434 2070.052002 2069.309570 2068.567139 2067.824707 2067.082275 2066.369385 2066.339844 2065.674805 2065.010010 2064.344971 2063.680176 2063.015381 2062.376953 2062.350586 2061.236328 2060.122803 2059.009521 2053.450439 2047.902344 2036.836060 2025.796875 2014.850586 2004.110352 1993.570435 1983.223877 1973.396851 1963.852173 1954.501221 1945.336304 1936.350586 1927.965698 1919.865723 1911.900635
 2070.108643 2069.811523 2069.366211 2068.623779 2067.881348 2067.138916 2066.396484 2065.654053 2064.911621 2064.198975 2064.169189 2063.504395 2062.839600 2062.174561 2061.509766 2060.844971 2060.206787 2060.180176 2059.066162 2057.952637 2056.839600 2051.281006 2045.733398 2034.668091 2023.630005 2012.684692 2001.945557 1991.406860 1981.061523 1971.235718 1961.692383 1952.342773 1943.179321 1934.195190 1925.811768 1917.713623 1909.750366
 2067.913086 2067.616211 2067.170654 2066.428467 2065.686035 2064.943604 2064.201172 2063.458740 2062.716309 2062.003662 2061.974121 2061.309326 2060.644531 2059.979736 2059.314941 2058.650146 2058.011719 2057.985352 2056.871338 2055.758057 2054.645020 2049.086670 2043.539795 2032.475586 2021.438477 2010.494263 1999.756226 1989.218628 1978.874512 1969.049927 1959.507935 1950.159668 1940.997681 1932.015015 1923.633179 1915.536743 1907.575195
 2065.693115 2065.396240 2064.950684 2064.208496 2063.466064 2062.723633 2061.981445 2061.239014 2060.496582 2059.783936 2059.754395 2059.089600 2058.424805 2057.760010 2057.095215 2056.430420 2055.792236 2055.765869 2054.652100 2053.538574 2052.425781 2046.868164 2041.321655 2030.258423 2019.222412 2008.279297 1997.542358 1987.005981 1976.662964 1966.839722 1957.298950 1947.952148 1938.791626 1929.810425 1921.430298 1913.335449 1905.375732
 2063.448242 2063.151367 2062.706055 2061.963623 2061.221436 2060.479004 2059.736816 2058.994385 2058.252197 2057.539551 2057.509766 2056.845215 2056.180420 2055.515625 2054.851074 2054.186279 2053.548096 2053.521729 2052.407959 2051.294678 2050.181885 2044.624634 2039.078735 2028.016602 2016.981689 2006.039673 1995.303833 1984.768677 1974.426880 1964.604858 1955.065552 1945.720093 1936.561035 1927.581421 1919.202881 1911.109863 1903.151855
 2061.178467 2060.881592 2060.436279 2059.694092 2058.951660 2058.209473 2057.467285 2056.724854 2055.982666 2055.270020 2055.240479 2054.575684 2053.911133 2053.246338 2052.581787 2051.916992 2051.278809 2051.252441 2050.138672 2049.025635 2047.912964 2042.356323 2036.810913 2025.749878 2014.715942 2003.775146 1993.040527 1982.506470 1972.165894 1962.345337 1952.807373 1943.463379 1934.305786 1925.327637 1916.950806 1908.859619 1900.903442
 2058.883545 2058.586670 2058.141357 2057.399170 2056.656982 2055.914551 2055.172363 2054.430176 2053.687988 2052.975342 2052.945801 2052.281250 2051.616455 2050.951904 2050.287354 2049.622559 2048.984619 2048.958008 2047.844482 2046.731567 2045.618896 2040.062866 2034.517944 2023.458008 2012.425293 2001.485474 1990.752075 1980.219360 1969.880005 1960.060791 1950.524292 1941.181763 1932.025635 1923.049072 1914.674072 1906.584595 1898.630249
 2056.563232 2056.266357 2055.821045 2055.078857 2054.336670 2053.594482 2052.852295 2052.110107 2051.367920 2050.655518 2050.625732 2049.961182 2049.296631 2048.632080 2047.967407 2047.302856 2046.664917 2046.638428 2045.524902 2044.411987 2043.299561 2037.744019 2032.199707 2021.140869 2010.109253 1999.170654 1988.438477 1977.906860 1967.568970 1957.751099 1948.215942 1938.875000 1929.720459 1920.745483 1912.372192 1904.284546 1896.332031
 2054.217529 2053.920654 2053.475342 2052.733154 2051.991211 2051.249023 2050.506836 2049.764648 2049.022461 2048.310059 2048.280518 2047.615845 2046.951294 2046.286743 2045.622192 2044.957642 2044.319702 2044.293213 2043.179932 2042.067139 2040.954834 2035.399780 2029.855957 2018.798218 2007.767822 1996.830444 1986.099487 1975.569214 1965.232544 1955.416016 1945.882446 1936.542847 1927.389893 1918.416626 1910.045044 1901.959351 1894.008789
 2051.846436 2051.549561 2051.104248 2050.362061 2049.620117 2048.877930 2048.135742 2047.393677 2046.651611 2045.939209 2045.909546 2045.244995 2044.580566 2043.916016 2043.251587 2042.587036 2041.949097 2041.922729 2040.809448 2039.696777 2038.584473 2033.030029 2027.486816 2016.430298 2005.401001 1994.464844 1983.735107 1973.206055 1962.870728 1953.055664 1943.523560 1934.185547 1925.034180 1916.062500 1907.692749 1899.608887 1891.660400
 2049.449707 2049.152832 2048.707764 2047.965576 2047.223511 2046.481445 2045.739380 2044.997314 2044.255249 2043.542847 2043.513184 2042.848755 2042.184326 2041.519897 2040.855469 2040.190918 2039.553101 2039.526611 2038.413574 2037.300903 2036.188843 2030.634888 2025.092285 2014.036865 2003.008789 1992.073853 1981.345337 1970.817627 1960.483643 1950.669922 1941.139282 1931.802856 1922.653198 1913.683105 1905.315186 1897.233276 1889.286621
 2047.027588 2046.730713 2046.285522 2045.543579 2044.801514 2044.059448 2043.317383 2042.575439 2041.833374 2041.121094 2041.091431 2040.427002 2039.762573 2039.098145 2038.433838 2037.769409 2037.131592 2037.105103 2035.992065 2034.879639 2033.767578 2028.214355 2022.672241 2011.618042 2000.591187 1989.657349 1978.930054 1968.403687 1958.071045 1948.258911 1938.729736 1929.394897 1920.246826 1911.278442 1902.912354 1894.832397 1886.887817
 2044.579956 2044.283081 2043.837891 2043.095947 2042.353882 2041.611938 2040.869995 2040.128052 2039.385986 2038.673706 2038.644043 2037.979736 2037.315308 2036.651001 2035.986694 2035.322266 2034.684570 2034.658081 2033.545166 2032.432861 2031.320923 2025.768188 2020.226685 2009.173706 1998.147949 1987.215454 1976.489502 1965.964478 1955.633179 1945.822388 1936.294800 1926.961548 1917.815063 1908.848511 1900.484253 1892.406128 1884.463623
 2042.106567 2041.809814 2041.364624 2040.622681 2039.880737 2039.138794 2038.396851 2037.654907 2036.912964 2036.200684 2036.171143 2035.506714 2034.842407 2034.178101 2033.513794 2032.849487 2032.211792 2032.185303 2031.072632 2029.960327 2028.848511 2023.296387 2017.755493 2006.703735 1995.679321 1984.747925 1974.023315 1963.499634 1953.169678 1943.360474 1933.834473 1924.502808 1915.358032 1906.393066 1898.030762 1889.954712 1882.014160
 2039.607422 2039.310547 2038.865479 2038.123535 2037.381714 2036.639771 2035.897827 2035.156006 2034.414062 2033.701904 2033.672241 2033.007935 2032.343750 2031.679443 2031.015259 2030.350952 2029.713257 2029.686768 2028.574219 2027.462036 2026.350342 2020.798828 2015.258545 2004.208008 1993.184814 1982.254761 1971.531372 1961.009033 1950.680664 1940.872925 1931.348389 1922.018433 1912.875366 1903.912231 1895.551758 1887.477783 1879.539307
 2037.082153 2036.785400 2036.340332 2035.598511 2034.856567 2034.114746 2033.372925 2032.631104 2031.889282 2031.177002 2031.147461 2030.483154 2029.818970 2029.154785 2028.490601 2027.826416 2027.188721 2027.162354 2026.049805 2024.937744 2023.826294 2018.275269 2012.735596 2001.686279 1990.664307 1979.735718 1969.013672 1958.492676 1948.165649 1938.359497 1928.836670 1919.508423 1910.366943 1901.405640 1893.047241 1884.975220 1877.038940
 2034.530762 2034.234131 2033.788940 2033.047241 2032.305420 2031.563599 2030.821777 2030.079956 2029.338135 2028.626099 2028.596436 2027.932251 2027.268066 2026.603882 2025.939819 2025.275635 2024.638062 2024.611572 2023.499146 2022.387329 2021.275879 2015.725586 2010.186523 1999.138550 1988.117920 1977.190430 1966.469849 1955.950317 1945.624756 1935.820190 1926.298950 1916.972412 1907.832764 1898.873291 1890.516724 1882.446777 1874.512695
 2031.953125 2031.656372 2031.211304 2030.469604 2029.727783 2028.986084 2028.244385 2027.502563 2026.760864 2026.048706 2026.019165 2025.354980 2024.690918 2024.026733 2023.362671 2022.698608 2022.061035 2022.034546 2020.922363 2019.810547 2018.699341 2013.149658 2007.611206 1996.564453 1985.545166 1974.619019 1963.899902 1953.381714 1943.057739 1933.254639 1923.735107 1914.410278 1905.272461 1896.314819 1887.960327 1879.892578 1871.960571
 2029.349121 2029.052368 2028.607300 2027.865601 2027.123901 2026.382202 2025.640503 2024.898804 2024.157104 2023.445068 2023.415405 2022.751343 2022.087280 2021.423218 2020.759155 2020.095215 2019.457642 2019.431274 2018.319092 2017.207520 2016.096313 2010.547241 2005.009521 1993.963989 1982.946045 1972.021362 1961.303589 1950.786865 1940.464355 1930.662964 1921.145142 1911.822021 1902.685913 1893.730225 1885.377808 1877.312134 1869.382446
 2026.718628 2026.421875 2025.976929 2025.235229 2024.493530 2023.751953 2023.010254 2022.268555 2021.526978 2020.814941 2020.785278 2020.121338 2019.457275 2018.793335 2018.129272 2017.465332 2016.827881 2016.801392 2015.689453 2014.577881 2013.466919 2007.918457 2002.381348 1991.337280 1980.320557 1969.397339 1958.680908 1948.165771 1937.844727 1928.044922 1918.528809 1909.207397 1900.073242 1891.119385 1882.769043 1874.705566 1866.778198
 2024.061646 2023.764893 2023.319946 2022.578369 2021.836792 2021.095093 2020.353516 2019.611938 2018.870239 2018.158325 2018.128784 2017.464722 2016.800781 2016.136841 2015.472900 2014.808960 2014.171631 2014.145142 2013.033325 2011.921875 2010.811035 2005.263306 1999.726807 1988.683960 1977.668701 1966.746826 1956.031860 1945.518188 1935.198730 1925.400635 1915.886230 1906.566650 1897.434326 1888.482300 1880.134155 1872.072876 1864.147705
 2021.378052 2021.081421 2020.636475 2019.894897 2019.153320 2018.411743 2017.670166 2016.928589 2016.187134 2015.475220 2015.445557 2014.781616 2014.117798 2013.453857 2012.790039 2012.126099 2011.488770 2011.462402 2010.350586 2009.239380 2008.128540 2002.581543 1997.045776 1986.004272 1974.990356 1964.069824 1953.356445 1942.844238 1932.526367 1922.729858 1913.217163 1903.899414 1894.769043 1885.818970 1877.472900 1869.413940 1861.490967
 2018.667847 2018.371338 2017.926392 2017.184814 2016.443359 2015.701782 2014.960327 2014.218750 2013.477295 2012.765381 2012.735840 2012.071899 2011.408081 2010.744263 2010.080444 2009.416626 2008.779419 2008.752930 2007.641235 2006.530151 2005.419556 1999.873169 1994.338013 1983.297974 1972.285400 1961.366333 1950.654419 1940.143799 1929.827393 1920.032715 1910.521729 1901.205811 1892.077271 1883.129272 1874.785400 1866.728638 1858.808105
 2015.931030 2015.634399 2015.189575 2014.448120 2013.706543 2012.965088 2012.223633 2011.482178 2010.740723 2010.028931 2009.999390 2009.335571 2008.671753 2008.007935 2007.344238 2006.680420 2006.043213 2006.016724 2004.905273 2003.794312 2002.683838 1997.138062 1991.603638 1980.564941 1969.553833 1958.636230 1947.925781 1937.416748 1927.101929 1917.308960 1907.799805 1898.485840 1889.359131 1880.413208 1872.071411 1864.016968 1856.098755
 2013.167358 2012.870728 2012.425903 2011.684448 2010.943115 2010.201660 2009.460205 2008.718872 2007.977417 2007.265625 2007.236084 2006.572266 2005.908569 2005.244873 2004.581177 2003.917480 2003.280273 2003.253906 2002.142456 2001.031616 1999.921265 1994.376221 1988.842529 1977.805298 1966.795654 1955.879517 1945.170532 1934.662964 1924.349854 1914.558594 1905.051270 1895.739136 1886.614502 1877.670532 1869.330933 1861.278809 1853.363037
 2010.376831 2010.080200 2009.635376 2008.894043 2008.152710 2007.411255 2006.669922 2005.928589 2005.187256 2004.475464 2004.445923 2003.782227 2003.118530 2002.454834 2001.791260 2001.127563 2000.490479 2000.463989 1999.352783 1998.242188 1997.131958 1991.587524 1986.054565 1975.018677 1964.010498 1953.095825 1942.388428 1931.882446 1921.571045 1911.781494 1902.276123 1892.965820 1883.843140 1874.901245 1866.563843 1858.514160 1850.600830
 2007.559204 2007.262695 2006.817871 2006.076538 2005.335205 2004.593872 2003.852539 2003.111328 2002.369995 2001.658325 2001.628784 2000.965088 2000.301514 1999.637939 1998.974243 1998.310669 1997.673706 1997.647217 1996.536133 1995.425537 1994.315552 1988.771851 1983.239624 1972.205200 1961.198486 1950.285278 1939.579468 1929.075195 1918.765381 1908.977661 1899.474121 1890.165771 1881.045044 1872.105225 1863.770142 1855.722778 1847.811890
 2004.714233 2004.417725 2003.973022 2003.231689 2002.490479 2001.749268 2001.007935 2000.266724 1999.525391 1998.813843 1998.784302 1998.120605 1997.457153 1996.793579 1996.130005 1995.466553 1994.829590 1994.803101 1993.692139 1992.581787 1991.471802 1985.928955 1980.397339 1969.364380 1958.359253 1947.447632 1936.743286 1926.240723 1915.932617 1906.146729 1896.645020 1887.338745 1878.220093 1869.282349 1860.949707 1852.904663 1844.996338
 2001.841797 2001.545288 2001.100586 2000.359375 1999.618164 1998.876953 1998.135742 1997.394531 1996.653320 1995.941772 1995.912231 1995.248657 1994.585205 1993.921753 1993.258179 1992.594727 1991.957764 1991.931396 1990.820557 1989.710327 1988.600586 1983.058350 1977.527588 1966.496216 1955.492432 1944.582520 1933.879761 1923.378906 1913.072510 1903.288574 1893.788818 1884.484497 1875.367920 1866.432373 1858.102051 1850.059570 1842.153687
 1998.941284 1998.644897 1998.200195 1997.458984 1996.717896 1995.976685 1995.235596 1994.494385 1993.753296 1993.041748 1993.012207 1992.348755 1991.685303 1991.021851 1990.358521 1989.695068 1989.058228 1989.031738 1987.921143 1986.811035 1985.701416 1980.160034 1974.629883 1963.600098 1952.598022 1941.689575 1930.988525 1920.489380 1910.184814 1900.402710 1890.904907 1881.602661 1872.488281 1863.554932 1855.227051 1847.187012 1839.283813
 1996.012695 1995.716187 1995.271484 1994.530396 1993.789307 1993.048218 1992.307129 1991.566040 1990.824951 1990.113525 1990.083984 1989.420532 1988.757202 1988.093872 1987.430542 1986.767212 1986.130371 1986.103882 1984.993408 1983.883545 1982.774048 1977.233398 1971.704102 1960.675781 1949.675293 1938.768555 1928.069214 1917.571777 1907.269043 1897.488892 1887.993164 1878.693115 1869.580811 1860.649780 1852.324219 1844.286865 1836.386353
 1993.055542 1992.759155 1992.314575 1991.573486 1990.832520 1990.091431 1989.350342 1988.609375 1987.868286 1987.156982 1987.127319 1986.463989 1985.800781 1985.137451 1984.474121 1983.810913 1983.174194 1983.147705 1982.037354 1980.927612 1979.818237 1974.278442 1968.749878 1957.723267 1946.724365 1935.819214 1925.121704 1914.625977 1904.325195 1894.546997 1885.053345 1875.755249 1866.645264 1857.716553 1849.393555 1841.358765 1833.461060
 1990.070068 1989.773682 1989.329102 1988.588135 1987.847168 1987.106201 1986.365112 1985.624146 1984.883179 1984.171875 1984.142334 1983.479004 1982.815796 1982.152588 1981.489380 1980.826172 1980.189453 1980.163086 1979.052856 1977.943237 1976.834106 1971.295044 1965.767334 1954.742310 1943.744995 1932.841675 1922.145752 1911.651978 1901.352905 1891.576660 1882.085205 1872.789307 1863.681641 1854.755127 1846.434692 1838.402588 1830.507568
 1987.056030 1986.759644 1986.315063 1985.574219 1984.833252 1984.092285 1983.351440 1982.610474 1981.869629 1981.158325 1981.128784 1980.465576 1979.802368 1979.139282 1978.476074 1977.812988 1977.176270 1977.149902 1976.039917 1974.930420 1973.821411 1968.283081 1962.756226 1951.732788 1940.737305 1929.835571 1919.141479 1908.649414 1898.352295 1888.578125 1879.088745 1869.795044 1860.689575 1851.765503 1843.447632 1835.418213 1827.526001
 1984.013428 1983.717041 1983.272583 1982.531616 1981.790771 1981.049927 1980.309082 1979.568237 1978.827393 1978.116211 1978.086548 1977.423462 1976.760376 1976.097290 1975.434204 1974.771118 1974.134521 1974.108154 1972.998291 1971.888916 1970.780151 1965.242676 1959.716553 1948.694824 1937.700928 1926.801025 1916.108765 1905.618530 1895.323242 1885.551147 1876.063843 1866.772461 1857.669312 1848.747559 1840.432251 1832.405640 1824.516235
 1980.942139 1980.645752 1980.201294 1979.460449 1978.719727 1977.978882 1977.238037 1976.497314 1975.756470 1975.045410 1975.015747 1974.352661 1973.689697 1973.026611 1972.363647 1971.700684 1971.064087 1971.037720 1969.927979 1968.818848 1967.710205 1962.173584 1956.648315 1945.628174 1934.636108 1923.737793 1913.047363 1902.559082 1892.265747 1882.495728 1873.010620 1863.721436 1854.620605 1845.701294 1837.388672 1829.364746 1821.478149
 1977.841919 1977.545654 1977.101196 1976.360474 1975.619629 1974.878906 1974.138184 1973.397461 1972.656738 1971.945679 1971.916138 1971.253052 1970.590088 1969.927124 1969.264282 1968.601318 1967.964844 1967.938477 1966.828979 1965.719971 1964.611450 1959.075562 1953.551270 1942.532837 1931.542480 1920.645996 1909.957397 1899.470947 1889.179565 1879.411621 1869.928711 1860.641846 1851.543335 1842.626465 1834.316528 1826.295410 1818.411865
 1974.712646 1974.416382 1973.971924 1973.231201 1972.490601 1971.749878 1971.009277 1970.268555 1969.527832 1968.816895 1968.787231 1968.124390 1967.461426 1966.798584 1966.135742 1965.472778 1964.836426 1964.810059 1963.700684 1962.591919 1961.483521 1955.948608 1950.425049 1939.408447 1928.419800 1917.525146 1906.838379 1896.353882 1886.064575 1876.298828 1866.818115 1857.533569 1848.437500 1839.523071 1831.215820 1823.197632 1815.316895
 1971.553955 1971.257690 1970.813232 1970.072632 1969.332031 1968.591431 1967.850830 1967.110229 1966.369629 1965.658691 1965.629028 1964.966187 1964.303467 1963.640625 1962.977783 1962.314941 1961.678711 1961.652344 1960.543091 1959.434448 1958.326294 1952.792236 1947.269531 1936.254639 1925.267822 1914.375000 1903.690186 1893.207764 1882.920410 1873.156860 1863.678467 1854.396240 1845.302612 1836.390747 1828.086304 1820.071045 1812.193237
 1968.365479 1968.069336 1967.625000 1966.884399 1966.143921 1965.403320 1964.662720 1963.922241 1963.181763 1962.470825 1962.441162 1961.778442 1961.115723 1960.453003 1959.790283 1959.127563 1958.491333 1958.464844 1957.355835 1956.247437 1955.139404 1949.606201 1944.084473 1933.071411 1922.086426 1911.195435 1900.512573 1890.032104 1879.746948 1869.985474 1860.509399 1851.229614 1842.138550 1833.229248 1824.927612 1816.915283 1809.040649
 1965.147217 1964.850952 1964.406738 1963.666138 1962.925659 1962.185181 1961.444702 1960.704346 1959.963867 1959.252930 1959.223389 1958.560669 1957.898071 1957.235352 1956.572754 1955.910034 1955.273926 1955.247559 1954.138672 1953.030396 1951.922607 1946.390259 1940.869385 1929.858154 1918.875122 1907.986084 1897.305176 1886.826782 1876.543701 1866.784546 1857.310913 1848.033569 1838.944946 1830.038330 1821.739624 1813.730225 1805.858765
 1961.898560 1961.602417 1961.158203 1960.417725 1959.677368 1958.936890 1958.196533 1957.456177 1956.715698 1956.004883 1955.975342 1955.312744 1954.650146 1953.987549 1953.324951 1952.662354 1952.026367 1951.999878 1950.891235 1949.783203 1948.675537 1943.144165 1937.624268 1926.614868 1915.633667 1904.746582 1894.067749 1883.591431 1873.310547 1863.553711 1854.082397 1844.807617 1835.721558 1826.817749 1818.521851 1810.515625 1802.647217
 1958.619507 1958.323364 1957.879150 1957.138794 1956.398438 1955.658203 1954.917847 1954.177490 1953.437134 1952.726440 1952.696899 1952.034302 1951.371826 1950.709229 1950.046753 1949.384277 1948.748291 1948.721924 1947.613403 1946.505493 1945.398071 1939.867554 1934.348633 1923.341187 1912.361938 1901.476807 1890.800049 1880.325806 1870.047119 1860.292725 1850.823853 1841.551514 1832.468262 1823.567017 1815.274170 1807.271118 1799.406006
 1955.309692 1955.013550 1954.569458 1953.829224 1953.088867 1952.348633 1951.608398 1950.868042 1950.127808 1949.417114 1949.387573 1948.725098 1948.062744 1947.400269 1946.737793 1946.075439 1945.439453 1945.413086 1944.304810 1943.197144 1942.089844 1936.560303 1931.042358 1920.036865 1909.059570 1898.176514 1887.501831 1877.029785 1866.753296 1857.001221 1847.534912 1838.265259 1829.184570 1820.286133 1811.996338 1803.996460 1796.134644
 1951.968872 1951.672729 1951.228638 1950.488403 1949.748291 1949.008057 1948.267822 1947.527588 1946.787476 1946.076904 1946.047363 1945.384888 1944.722534 1944.060181 1943.397827 1942.735474 1942.099731 1942.073242 1940.965210 1939.857666 1938.750610 1933.222046 1927.705078 1916.701538 1905.726196 1894.845337 1884.172729 1873.702881 1863.428711 1853.679077 1844.215332 1834.948242 1825.870361 1816.974854 1808.688110 1800.691406 1792.833008
 1948.596680 1948.300537 1947.856445 1947.116333 1946.376221 1945.636108 1944.895996 1944.155884 1943.415771 1942.705200 1942.675659 1942.013306 1941.351074 1940.688843 1940.026489 1939.364258 1938.728516 1938.702148 1937.594238 1936.486938 1935.380005 1929.852539 1924.336426 1913.334961 1902.361694 1891.482910 1880.812500 1870.344849 1860.072998 1850.325928 1840.864746 1831.600464 1822.525269 1813.632690 1805.349121 1797.355713 1789.500732
 1945.192749 1944.896729 1944.452637 1943.712646 1942.972534 1942.232544 1941.492432 1940.752441 1940.012329 1939.301880 1939.272339 1938.610107 1937.947998 1937.285767 1936.623535 1935.961426 1935.325684 1935.299316 1934.191650 1933.084473 1931.977783 1926.451294 1920.936279 1909.936890 1898.965698 1888.088989 1877.420898 1866.955566 1856.686035 1846.941528 1837.483032 1828.221436 1819.149170 1810.259399 1801.979004 1793.989136 1786.137573
 1941.756836 1941.460815 1941.016846 1940.276855 1939.536865 1938.796875 1938.056885 1937.317017 1936.577026 1935.866577 1935.837036 1935.174927 1934.512817 1933.850708 1933.188599 1932.526611 1931.890991 1931.864624 1930.757080 1929.650146 1928.543701 1923.018188 1917.504150 1906.506836 1895.537842 1884.663330 1873.997437 1863.534546 1853.267456 1843.525513 1834.069702 1824.810913 1815.741577 1806.854858 1798.577759 1790.591187 1782.743164
 1938.288574 1937.992676 1937.548706 1936.808838 1936.068848 1935.328979 1934.589111 1933.849243 1933.109253 1932.399048 1932.369507 1931.707397 1931.045410 1930.383423 1929.721313 1929.059326 1928.423828 1928.397461 1927.290161 1926.183472 1925.077148 1919.552734 1914.039795 1903.044678 1892.077881 1881.205566 1870.541992 1860.081421 1849.816772 1840.077515 1830.624390 1821.368530 1812.302124 1803.418457 1795.144775 1787.161743 1779.317383
 1934.787598 1934.491699 1934.047729 1933.307983 1932.568115 1931.828247 1931.088501 1930.348633 1929.608887 1928.898682 1928.869141 1928.207153 1927.545166 1926.883301 1926.221313 1925.559448 1924.923950 1924.897583 1923.790527 1922.684082 1921.578003 1916.054688 1910.542725 1899.549805 1888.585205 1877.715210 1867.054077 1856.595947 1846.333862 1836.597168 1827.146973 1817.893921 1808.830566 1799.950073 1791.679810 1783.700317 1775.859741
 1931.253418 1930.957520 1930.513672 1929.773926 1929.034180 1928.294434 1927.554688 1926.814941 1926.075195 1925.364990 1925.335449 1924.673584 1924.011841 1923.349976 1922.688110 1922.026245 1921.390991 1921.364624 1920.257690 1919.151489 1918.045654 1912.523315 1907.012573 1896.021851 1885.059692 1874.192017 1863.533203 1853.077515 1842.818115 1833.084229 1823.636841 1814.386841 1805.326538 1796.449341 1788.182495 1780.206665 1772.369873
 1927.685303 1927.389404 1926.945679 1926.205933 1925.466309 1924.726685 1923.987061 1923.247314 1922.507690 1921.797607 1921.768066 1921.106323 1920.444580 1919.782837 1919.121094 1918.459351 1917.824097 1917.797729 1916.691162 1915.585083 1914.479492 1908.958374 1903.448730 1892.460327 1881.500488 1870.635132 1859.978882 1849.525757 1839.269043 1829.537964 1820.093628 1810.846680 1801.789551 1792.915527 1784.652344 1776.680298 1768.847412
 1924.082886 1923.786987 1923.343262 1922.603638 1921.864136 1921.124512 1920.385010 1919.645386 1918.905884 1918.195923 1918.166382 1917.504639 1916.843018 1916.181396 1915.519775 1914.858032 1914.222900 1914.196533 1913.090210 1911.984375 1910.878906 1905.359009 1899.850586 1888.864624 1877.907104 1867.044312 1856.390503 1845.940063 1835.686035 1825.957886 1816.516602 1807.272827 1798.218994 1789.348389 1781.088745 1773.120728 1765.291748
 1920.445312 1920.149414 1919.705811 1918.966309 1918.226807 1917.487305 1916.747803 1916.008301 1915.268921 1914.558960 1914.529419 1913.867920 1913.206299 1912.544800 1911.883179 1911.221680 1910.586670 1910.560303 1909.454102 1908.348511 1907.243408 1901.724609 1896.217407 1885.233887 1874.278809 1863.418701 1852.767456 1842.319824 1832.068604 1822.343384 1812.905273 1803.664795 1794.614258 1785.747070 1777.491333 1769.527222 1761.702271
 1916.771973 1916.476196 1916.032471 1915.293091 1914.553711 1913.814331 1913.074951 1912.335571 1911.596191 1910.886353 1910.856812 1910.195312 1909.533936 1908.872437 1908.211060 1907.549561 1906.914673 1906.888306 1905.782349 1904.677002 1903.572144 1898.054565 1892.548584 1881.567627 1870.615112 1859.757568 1849.109131 1838.664307 1828.415894 1818.693848 1809.258911 1800.021729 1790.974731 1782.111206 1773.859253 1765.899170 1758.078613
 1913.062256 1912.766479 1912.322876 1911.583618 1910.844238 1910.104980 1909.365723 1908.626343 1907.887085 1907.177368 1907.147827 1906.486450 1905.825195 1905.163818 1904.502441 1903.841187 1903.206299 1903.179932 1902.074219 1900.969116 1899.864502 1894.348267 1888.843628 1877.865112 1866.915405 1856.060425 1845.414795 1834.972778 1824.727417 1815.008545 1805.576904 1796.343140 1787.299683 1778.439819 1770.192017 1762.236084 1754.419800
 1909.315308 1909.019653 1908.576172 1907.836914 1907.097778 1906.358521 1905.619263 1904.880127 1904.140991 1903.431274 1903.401855 1902.740479 1902.079346 1901.418091 1900.756836 1900.095581 1899.460815 1899.434448 1898.329102 1897.224243 1896.119873 1890.604980 1885.101562 1874.125854 1863.178711 1852.326660 1841.683838 1831.244751 1821.002441 1811.286865 1801.858643 1792.628418 1783.588623 1774.732544 1766.488770 1758.537354 1750.725464
 1905.530518 1905.234863 1904.791382 1904.052246 1903.313232 1902.574097 1901.834961 1901.095947 1900.356812 1899.647217 1899.617798 1898.956543 1898.295532 1897.634399 1896.973267 1896.312134 1895.677490 1895.651123 1894.546021 1893.441406 1892.337280 1886.823730 1881.321777 1870.348755 1859.404541 1848.555176 1837.915405 1827.479492 1817.240234 1807.528076 1798.103394 1788.876831 1779.840820 1770.988647 1762.749146 1754.802124 1746.994873
 1901.706665 1901.411011 1900.967651 1900.228638 1899.489624 1898.750610 1898.011719 1897.272705 1896.533691 1895.824219 1895.794800 1895.133667 1894.472656 1893.811646 1893.150757 1892.489746 1891.855103 1891.828857 1890.723999 1889.619629 1888.515869 1883.003662 1877.503052 1866.532959 1855.591675 1844.745361 1834.108643 1823.675903 1813.439941 1803.731323 1794.310303 1785.087402 1776.055420 1767.207153 1758.972046 1751.029663 1743.227173
 1897.842529 1897.546997 1897.103638 1896.364746 1895.625854 1894.886963 1894.148071 1893.409180 1892.670288 1891.961060 1891.931519 1891.270630 1890.609741 1889.948853 1889.287964 1888.627075 1887.992676 1887.966309 1886.861816 1885.757812 1884.654175 1879.143555 1873.644409 1862.677368 1851.739014 1840.895874 1830.262329 1819.832886 1809.600464 1799.895386 1790.478149 1781.259277 1772.231323 1763.387329 1755.156738 1747.219116 1739.421509
 1893.936768 1893.641235 1893.197876 1892.459106 1891.720337 1890.981567 1890.242798 1889.504028 1888.765259 1888.056030 1888.026611 1887.365723 1886.705078 1886.044312 1885.383545 1884.722778 1884.088501 1884.062134 1882.957886 1881.854248 1880.750977 1875.241821 1869.744263 1858.780396 1847.845215 1837.005371 1826.375244 1815.949219 1805.720337 1796.019165 1786.605957 1777.391113 1768.367432 1759.527832 1751.302002 1743.369385 1735.576904
 1889.987183 1889.691772 1889.248535 1888.509888 1887.771240 1887.032593 1886.293945 1885.555298 1884.816650 1884.107544 1884.078125 1883.417358 1882.756836 1882.096191 1881.435547 1880.774902 1880.140747 1880.114502 1879.010498 1877.907227 1876.804321 1871.296753 1865.800903 1854.840332 1843.908569 1833.072144 1822.445557 1812.023193 1801.798096 1792.100952 1782.691895 1773.481445 1764.462158 1755.627197 1747.406494 1739.479004 1731.692017
 1885.991821 1885.696411 1885.253296 1884.514771 1883.776245 1883.037720 1882.299194 1881.560669 1880.822144 1880.113159 1880.083740 1879.423218 1878.762695 1878.102173 1877.441772 1876.781250 1876.147217 1876.120972 1875.017334 1873.914307 1872.811768 1867.306030 1861.812012 1850.854980 1839.926880 1829.094116 1818.471313 1808.052856 1797.831787 1788.138916 1778.734375 1769.528564 1760.513916 1751.683838 1743.468384 1735.546509 1727.765137
 1881.947144 1881.651855 1881.208862 1880.470459 1879.732056 1878.993652 1878.255249 1877.516846 1876.778564 1876.069702 1876.040161 1875.379883 1874.719482 1874.059204 1873.398926 1872.738647 1872.104736 1872.078491 1870.975220 1869.872559 1868.770386 1863.266602 1857.774414 1846.821289 1835.897217 1825.068481 1814.449707 1804.035522 1793.818848 1784.130615 1774.730713 1765.529907 1756.520386 1747.695557 1739.485718 1731.569702 1723.794434
 1877.848511 1877.553223 1877.110229 1876.372070 1875.633789 1874.895630 1874.157349 1873.419189 1872.680908 1871.972290 1871.942749 1871.282593 1870.622437 1869.962402 1869.302246 1868.642090 1868.008423 1867.982056 1866.879395 1865.777100 1864.675415 1859.173828 1853.683838 1842.735107 1831.815308 1820.991089 1810.376953 1799.967529 1789.755615 1780.072388 1770.677856 1761.482422 1752.478394 1743.659302 1735.455688 1727.546021 1719.777344
 1873.686646 1873.391479 1872.948730 1872.210693 1871.472656 1870.734619 1869.996582 1869.258545 1868.520508 1867.812134 1867.782593 1867.122681 1866.462769 1865.802856 1865.142944 1864.483032 1863.849609 1863.823242 1862.721069 1861.619385 1860.518188 1855.019287 1849.531982 1838.588623 1827.674194 1816.855225 1806.246582 1795.842651 1785.636230 1775.958984 1766.570557 1757.381226 1748.383545 1739.570801 1731.374023 1723.471680 1715.710205
 -999.000000 -999.000000 -999.000000 -999.000000 -999.000000 -999.000000 -999.000000 -999.000000 -999.000000 -999.000000 -999.000000 -999.000000 -999.000000 -999.000000 -999.000000 -999.000000 -999.000000 -999.000000 -999.000000 -999.000000 -999.000000 -999.000000 -999.000000 -999.000000 -999.000000 1812.644287 1802.043823 1791.647705 1781.449097 1771.779663 1762.399048 1753.217529 1744.227661 1735.422729 1727.234253 1719.340210 1711.587280
 -999.000000 -999.000000 -999.000000 -999.000000 -999.000000 -999.000000 -999.000000 -999.000000 -999.000000 -999.000000 -999.000000 -999.000000 -999.000000 -999.000000 -999.000000 -999.000000 -999.000000 -999.000000 -999.000000 -999.000000 -999.000000 -999.000000 -999.000000 -999.000000 -999.000000 -999.000000 -999.000000 -999.000000 -999.000000 -999.000000 -999.000000 -999.000000 -999.000000 -999.000000 1723.018921 1715.137695 1707.396606
#
# dtdd (rows - delta, columns - depth)
#
   -2.080138   -2.080123   -2.080100   -2.080062   -2.080024   -2.079985   -2.079947   -2.079908   -2.079870   -2.079833   -2.079831   -2.079788   -2.079745   -2.079702   -2.079659   -2.079616   -2.079574   -2.079572   -2.079469   -2.079365   -2.079262   -2.078740   -2.078214   -2.077145   -2.076056   -2.074939   -2.073783   -2.072586   -2.071345 -999.000000 -999.000000 -999.000000 -999.000000 -999.000000 -999.000000 -999.000000 -999.000000
   -2.106844   -2.106829   -2.106806   -2.106768   -2.106730   -2.106692   -2.106654   -2.106616   -2.106578   -2.106542   -2.106540   -2.106498   -2.106455   -2.106413   -2.106370   -2.106327   -2.106286   -2.106285   -2.106183   -2.106081   -2.105978   -2.105463   -2.104942   -2.103886   -2.102810   -2.101708   -2.100565   -2.099382   -2.098157   -2.096844   -2.095470   -2.094044   -2.092563   -2.091027   -2.089351   -2.087586   -2.085759
   -2.132900   -2.132885   -2.132862   -2.132825   -2.132787   -2.132750   -2.132713   -2.132675   -2.132638   -2.132601   -2.132600   -2.132558   -2.132516   -2.132474   -2.132432   -2.132389   -2.132349   -2.132347   -2.132246   -2.132145   -2.132044   -2.131535   -2.131021   -2.129977   -2.128914   -2.127824   -2.126695   -2.125526   -2.124315   -2.123017   -2.121660   -2.120250   -2.118787   -2.117268   -2.115611   -2.113867   -2.112061
   -2.158341   -2.158327   -2.158304   -2.158267   -2.158230   -2.158193   -2.158156   -2.158119   -2.158082   -2.158046   -2.158045   -2.158003   -2.157962   -2.157920   -2.157878   -2.157837   -2.157797   -2.157795   -2.157696   -2.157596   -2.157495   -2.156992   -2.156484   -2.155452   -2.154401   -2.153324   -2.152208   -2.151052   -2.149854   -2.148572   -2.147230   -2.145836   -2.144389   -2.142888   -2.141250   -2.139525   -2.137740
   -2.183201   -2.183186   -2.183164   -2.183128   -2.183091   -2.183054   -2.183018   -2.182981   -2.182944   -2.182909   -2.182908   -2.182867   -2.182826   -2.182784   -2.182743   -2.182702   -2.182662   -2.182661   -2.182562   -2.182463   -2.182364   -2.181867   -2.181364   -2.180344   -2.179305   -2.178240   -2.177136   -2.175993   -2.174809   -2.173540   -2.172213   -2.170835   -2.169404   -2.167920   -2.166299   -2.164594   -2.162828
   -2.207709   -2.207695   -2.207672   -2.207635   -2.207598   -2.207561   -2.207524   -2.207487   -2.207450   -2.207414   -2.207413   -2.207371   -2.207330   -2.207288   -2.207247   -2.207205   -2.207165   -2.207163   -2.207064   -2.206964   -2.206864   -2.206362   -2.205854   -2.204825   -2.203779   -2.202707   -2.201599   -2.200452   -2.199266   -2.197997   -2.196672   -2.195297   -2.193873   -2.192398   -2.190791   -2.189102   -2.187356
   -2.232381   -2.232366   -2.232343   -2.232306   -2.232268   -2.232230   -2.232192   -2.232154   -2.232117   -2.232080   -2.232079   -2.232036   -2.231994   -2.231952   -2.231909   -2.231867   -2.231826   -2.231824   -2.231723   -2.231621   -2.231519   -2.231007   -2.230490   -2.229442   -2.228375   -2.227284   -2.226154   -2.224986   -2.223777   -2.222484   -2.221134   -2.219733   -2.218283   -2.216780   -2.215142   -2.213422   -2.211645
   -2.257246   -2.257230   -2.257207   -2.257169   -2.257130   -2.257092   -2.257053   -2.257015   -2.256976   -2.256939   -2.256938   -2.256895   -2.256851   -2.256808   -2.256765   -2.256722   -2.256680   -2.256679   -2.256575   -2.256472   -2.256368   -2.255846   -2.255319   -2.254250   -2.253163   -2.252050   -2.250899   -2.249708   -2.248477   -2.247159   -2.245783   -2.244356   -2.242877   -2.241346   -2.239677   -2.237924   -2.236113
   -2.282312   -2.282296   -2.282273   -2.282234   -2.282195   -2.282156   -2.282116   -2.282077   -2.282037   -2.282000   -2.281998   -2.281954   -2.281910   -2.281866   -2.281822   -2.281778   -2.281736   -2.281734   -2.281629   -2.281523   -2.281417   -2.280885   -2.280348   -2.279258   -2.278150   -2.277016   -2.275842   -2.274628   -2.273373   -2.272030   -2.270627   -2.269172   -2.267665   -2.266104   -2.264403   -2.262616   -2.260771
   -2.307589   -2.307573   -2.307549   -2.307509   -2.307469   -2.307429   -2.307389   -2.307349   -2.307309   -2.307270   -2.307269   -2.307224   -2.307179   -2.307134   -2.307089   -2.307044   -2.307001   -2.306999   -2.306892   -2.306784   -2.306676   -2.306133   -2.305585   -2.304475   -2.303344   -2.302188   -2.300991   -2.299753   -2.298473   -2.297104   -2.295673   -2.294190   -2.292654   -2.291062   -2.289328   -2.287506   -2.285625
   -2.333013   -2.332997   -2.332972   -2.332932   -2.332891   -2.332851   -2.332810   -2.332770   -2.332729   -2.332690   -2.332688   -2.332643   -2.332597   -2.332552   -2.332506   -2.332461   -2.332417   -2.332415   -2.332306   -2.332197   -2.332088   -2.331538   -2.330982   -2.329856   -2.328710   -2.327536   -2.326322   -2.325065   -2.323764   -2.322373   -2.320918   -2.319410   -2.317846   -2.316226   -2.314460   -2.312603   -2.310684
   -2.358457   -2.358441   -2.358416   -2.358375   -2.358334   -2.358293   -2.358252   -2.358211   -2.358170   -2.358131   -2.358129   -2.358083   -2.358037   -2.357991   -2.357945   -2.357899   -2.357855   -2.357853   -2.357743   -2.357632   -2.357521   -2.356965   -2.356403   -2.355263   -2.354104   -2.352916   -2.351688   -2.350416   -2.349100   -2.347692   -2.346221   -2.344695   -2.343113   -2.341473   -2.339686   -2.337807   -2.335866
   -2.383920   -2.383903   -2.383878   -2.383837   -2.383795   -2.383754   -2.383713   -2.383671   -2.383630   -2.383590   -2.383588   -2.383541   -2.383495   -2.383448   -2.383402   -2.383355   -2.383310   -2.383308   -2.383197   -2.383085   -2.382973   -2.382410   -2.381842   -2.380689   -2.379516   -2.378315   -2.377072   -2.375785   -2.374454   -2.373030   -2.371541   -2.369997   -2.368397   -2.366738   -2.364930   -2.363029   -2.361065
   -2.409401   -2.409384   -2.409359   -2.409317   -2.409276   -2.409234   -2.409192   -2.409150   -2.409108   -2.409067   -2.409065   -2.409019   -2.408971   -2.408924   -2.408877   -2.408830   -2.408785   -2.408783   -2.408670   -2.408557   -2.408444   -2.407874   -2.407299   -2.406133   -2.404947   -2.403732   -2.402474   -2.401173   -2.399826   -2.398386   -2.396879   -2.395318   -2.393699   -2.392021   -2.390192   -2.388269   -2.386282
   -2.434902   -2.434885   -2.434859   -2.434817   -2.434774   -2.434732   -2.434690   -2.434647   -2.434605   -2.434564   -2.434562   -2.434515   -2.434467   -2.434419   -2.434372   -2.434324   -2.434278   -2.434276   -2.434162   -2.434048   -2.433933   -2.433357   -2.432775   -2.431596   -2.430396   -2.429167   -2.427895   -2.426579   -2.425217   -2.423760   -2.422236   -2.420657   -2.419019   -2.417322   -2.415472   -2.413527   -2.411517
   -2.460490   -2.460473   -2.460447   -2.460404   -2.460361   -2.460318   -2.460274   -2.460231   -2.460188   -2.460146   -2.460145   -2.460096   -2.460048   -2.460000   -2.459951   -2.459903   -2.459856   -2.459854   -2.459738   -2.459622   -2.459505   -2.458920   -2.458329   -2.457130   -2.455911   -2.454663   -2.453371   -2.452035   -2.450653   -2.449174   -2.447629   -2.446027   -2.444367   -2.442648   -2.440774   -2.438805   -2.436770
   -2.486239   -2.486222   -2.486196   -2.486152   -2.486108   -2.486064   -2.486020   -2.485976   -2.485932   -2.485890   -2.485888   -2.485839   -2.485790   -2.485741   -2.485691   -2.485642   -2.485595   -2.485593   -2.485475   -2.485356   -2.485238   -2.484642   -2.484041   -2.482822   -2.481582   -2.480313   -2.478999   -2.477640   -2.476235   -2.474732   -2.473161   -2.471532   -2.469844   -2.468095   -2.466190   -2.464187   -2.462119
   -2.512156   -2.512138   -2.512111   -2.512067   -2.512022   -2.511978   -2.511933   -2.511888   -2.511843   -2.511801   -2.511799   -2.511749   -2.511699   -2.511649   -2.511598   -2.511548   -2.511500   -2.511498   -2.511378   -2.511258   -2.511137   -2.510531   -2.509920   -2.508680   -2.507419   -2.506128   -2.504792   -2.503410   -2.501980   -2.500451   -2.498853   -2.497197   -2.495480   -2.493702   -2.491764   -2.489727   -2.487623
   -2.538246   -2.538228   -2.538201   -2.538156   -2.538110   -2.538065   -2.538020   -2.537974   -2.537929   -2.537885   -2.537883   -2.537832   -2.537781   -2.537730   -2.537679   -2.537628   -2.537579   -2.537577   -2.537455   -2.537333   -2.537210   -2.536594   -2.535972   -2.534711   -2.533427   -2.532114   -2.530755   -2.529349   -2.527895   -2.526339   -2.524714   -2.523029   -2.521282   -2.519474   -2.517502   -2.515431   -2.513291
   -2.564512   -2.564493   -2.564466   -2.564420   -2.564374   -2.564328   -2.564281   -2.564235   -2.564189   -2.564145   -2.564143   -2.564091   -2.564039   -2.563987   -2.563936   -2.563884   -2.563834   -2.563832   -2.563708   -2.563584   -2.563459   -2.562833   -2.562201   -2.560918   -2.559613   -2.558278   -2.556895   -2.555465   -2.553985   -2.552402   -2.550749   -2.549034   -2.547258   -2.545418   -2.543412   -2.541304   -2.539128
   -2.590862   -2.590843   -2.590816   -2.590769   -2.590722   -2.590676   -2.590629   -2.590582   -2.590535   -2.590490   -2.590488   -2.590436   -2.590384   -2.590331   -2.590279   -2.590226   -2.590176   -2.590174   -2.590048   -2.589922   -2.589796   -2.589162   -2.588522   -2.587224   -2.585903   -2.584550   -2.583150   -2.581702   -2.580204   -2.578600   -2.576924   -2.575186   -2.573385   -2.571518   -2.569483   -2.567343   -2.565133
   -2.617267   -2.617249   -2.617220   -2.617173   -2.617126   -2.617079   -2.617031   -2.616984   -2.616936   -2.616891   -2.616889   -2.616836   -2.616783   -2.616730   -2.616677   -2.616624   -2.616573   -2.616570   -2.616443   -2.616316   -2.616188   -2.615546   -2.614898   -2.613584   -2.612246   -2.610877   -2.609460   -2.607994   -2.606477   -2.604853   -2.603156   -2.601397   -2.599573   -2.597683   -2.595622   -2.593456   -2.591218
   -2.643729   -2.643710   -2.643682   -2.643634   -2.643586   -2.643538   -2.643490   -2.643442   -2.643394   -2.643348   -2.643347   -2.643293   -2.643239   -2.643185   -2.643131   -2.643078   -2.643026   -2.643024   -2.642895   -2.642766   -2.642637   -2.641987   -2.641331   -2.640000   -2.638646   -2.637260   -2.635825   -2.634341   -2.632805   -2.631161   -2.629443   -2.627662   -2.625815   -2.623902   -2.621815   -2.619622   -2.617356
   -2.670250   -2.670231   -2.670202   -2.670153   -2.670105   -2.670056   -2.670008   -2.669959   -2.669911   -2.669864   -2.669862   -2.669808   -2.669754   -2.669699   -2.669645   -2.669590   -2.669538   -2.669536   -2.669405   -2.669275   -2.669144   -2.668486   -2.667821   -2.666474   -2.665104   -2.663700   -2.662248   -2.660745   -2.659190   -2.657526   -2.655787   -2.653983   -2.652114   -2.650176   -2.648064   -2.645843   -2.643549
   -2.696836   -2.696816   -2.696787   -2.696738   -2.696689   -2.696640   -2.696591   -2.696542   -2.696492   -2.696445   -2.696443   -2.696388   -2.696333   -2.696278   -2.696223   -2.696168   -2.696115   -2.696113   -2.695981   -2.695848   -2.695716   -2.695049   -2.694376   -2.693012   -2.691623   -2.690202   -2.688731   -2.687209   -2.685634   -2.683949   -2.682188   -2.680362   -2.678470   -2.676508   -2.674370   -2.672122   -2.669798
   -2.723505   -2.723485   -2.723455   -2.723406   -2.723356   -2.723306   -2.723257   -2.723207   -2.723157   -2.723109   -2.723107   -2.723051   -2.722996   -2.722940   -2.722884   -2.722828   -2.722774   -2.722772   -2.722638   -2.722504   -2.722370   -2.721694   -2.721013   -2.719630   -2.718223   -2.716783   -2.715293   -2.713751   -2.712155   -2.710448   -2.708664   -2.706814   -2.704896   -2.702909   -2.700742   -2.698465   -2.696111
   -2.750260   -2.750240   -2.750210   -2.750160   -2.750109   -2.750059   -2.750009   -2.749958   -2.749908   -2.749859   -2.749857   -2.749801   -2.749744   -2.749688   -2.749631   -2.749574   -2.749520   -2.749518   -2.749382   -2.749246   -2.749110   -2.748426   -2.747735   -2.746334   -2.744909   -2.743450   -2.741940   -2.740377   -2.738760   -2.737031   -2.735223   -2.733348   -2.731405   -2.729392   -2.727196   -2.724889   -2.722504
   -2.777105   -2.777085   -2.777054   -2.777003   -2.776952   -2.776901   -2.776850   -2.776799   -2.776748   -2.776699   -2.776697   -2.776639   -2.776582   -2.776525   -2.776467   -2.776410   -2.776355   -2.776353   -2.776215   -2.776078   -2.775940   -2.775246   -2.774546   -2.773127   -2.771683   -2.770204   -2.768674   -2.767091   -2.765453   -2.763700   -2.761868   -2.759969   -2.758000   -2.755960   -2.753735   -2.751396   -2.748980
   -2.804046   -2.804025   -2.803994   -2.803942   -2.803890   -2.803839   -2.803787   -2.803735   -2.803683   -2.803633   -2.803631   -2.803573   -2.803515   -2.803457   -2.803399   -2.803340   -2.803284   -2.803282   -2.803143   -2.803003   -2.802863   -2.802160   -2.801450   -2.800011   -2.798548   -2.797049   -2.795499   -2.793894   -2.792235   -2.790459   -2.788602   -2.786678   -2.784683   -2.782615   -2.780361   -2.777991   -2.775543
   -2.831205   -2.831183   -2.831152   -2.831099   -2.831046   -2.830993   -2.830940   -2.830888   -2.830835   -2.830784   -2.830782   -2.830723   -2.830663   -2.830604   -2.830544   -2.830485   -2.830428   -2.830426   -2.830283   -2.830141   -2.829998   -2.829281   -2.828556   -2.827088   -2.825595   -2.824066   -2.822485   -2.820851   -2.819160   -2.817352   -2.815462   -2.813504   -2.811476   -2.809375   -2.807085   -2.804680   -2.802196
   -2.858656   -2.858635   -2.858602   -2.858548   -2.858495   -2.858441   -2.858387   -2.858333   -2.858279   -2.858227   -2.858224   -2.858164   -2.858104   -2.858043   -2.857982   -2.857922   -2.857863   -2.857861   -2.857716   -2.857570   -2.857424   -2.856692   -2.855953   -2.854454   -2.852929   -2.851369   -2.849756   -2.848087   -2.846361   -2.844516   -2.842587   -2.840589   -2.838519   -2.836375   -2.834039   -2.831585   -2.829050
   -2.886418   -2.886396   -2.886363   -2.886308   -2.886253   -2.886198   -2.886143   -2.886088   -2.886032   -2.885979   -2.885977   -2.885915   -2.885854   -2.885792   -2.885730   -2.885668   -2.885608   -2.885606   -2.885457   -2.885309   -2.885160   -2.884412   -2.883656   -2.882125   -2.880568   -2.878975   -2.877327   -2.875623   -2.873861   -2.871976   -2.870007   -2.867967   -2.865853   -2.863664   -2.861279   -2.858774   -2.856187
   -2.914510   -2.914487   -2.914454   -2.914397   -2.914341   -2.914285   -2.914228   -2.914172   -2.914116   -2.914061   -2.914059   -2.913996   -2.913933   -2.913869   -2.913806   -2.913743   -2.913682   -2.913680   -2.913528   -2.913376   -2.913224   -2.912459   -2.911687   -2.910122   -2.908531   -2.906903   -2.905219   -2.903477   -2.901676   -2.899751   -2.897739   -2.895655   -2.893496   -2.891260   -2.888823   -2.886264   -2.883622
   -2.942859   -2.942836   -2.942802   -2.942745   -2.942688   -2.942631   -2.942573   -2.942516   -2.942459   -2.942404   -2.942402   -2.942338   -2.942273   -2.942209   -2.942145   -2.942081   -2.942019   -2.942017   -2.941863   -2.941709   -2.941554   -2.940778   -2.939994   -2.938405   -2.936788   -2.935133   -2.933419   -2.931647   -2.929813   -2.927850   -2.925798   -2.923671   -2.921465   -2.919180   -2.916690   -2.914074   -2.911374
   -2.971278   -2.971255   -2.971220   -2.971163   -2.971105   -2.971047   -2.970989   -2.970932   -2.970874   -2.970818   -2.970816   -2.970751   -2.970686   -2.970621   -2.970556   -2.970491   -2.970428   -2.970426   -2.970270   -2.970114   -2.969958   -2.969172   -2.968379   -2.966771   -2.965134   -2.963459   -2.961725   -2.959930   -2.958074   -2.956088   -2.954011   -2.951858   -2.949626   -2.947313   -2.944790   -2.942137   -2.939397
   -2.999764   -2.999741   -2.999706   -2.999648   -2.999589   -2.999531   -2.999472   -2.999413   -2.999355   -2.999299   -2.999296   -2.999231   -2.999165   -2.999099   -2.999033   -2.998968   -2.998904   -2.998902   -2.998744   -2.998586   -2.998428   -2.997633   -2.996830   -2.995202   -2.993546   -2.991850   -2.990095   -2.988279   -2.986400   -2.984390   -2.982288   -2.980108   -2.977849   -2.975508   -2.972955   -2.970270   -2.967496
   -3.028320   -3.028296   -3.028261   -3.028202   -3.028142   -3.028083   -3.028024   -3.027965   -3.027905   -3.027848   -3.027846   -3.027780   -3.027713   -3.027647   -3.027580   -3.027514   -3.027449   -3.027447   -3.027287   -3.027128   -3.026968   -3.026162   -3.025350   -3.023702   -3.022026   -3.020309   -3.018533   -3.016695   -3.014794   -3.012759   -3.010631   -3.008425   -3.006139   -3.003769   -3.001184   -2.998467   -2.995659
   -3.056947   -3.056923   -3.056887   -3.056828   -3.056768   -3.056708   -3.056648   -3.056588   -3.056528   -3.056470   -3.056468   -3.056400   -3.056333   -3.056266   -3.056198   -3.056131   -3.056066   -3.056063   -3.055902   -3.055740   -3.055578   -3.054764   -3.053941   -3.052274   -3.050577   -3.048839   -3.047041   -3.045181   -3.043257   -3.041197   -3.039044   -3.036811   -3.034496   -3.032098   -3.029482   -3.026731   -3.023889
   -3.085704   -3.085680   -3.085643   -3.085582   -3.085521   -3.085461   -3.085400   -3.085339   -3.085277   -3.085219   -3.085216   -3.085148   -3.085080   -3.085011   -3.084943   -3.084874   -3.084808   -3.084805   -3.084641   -3.084477   -3.084312   -3.083484   -3.082648   -3.080953   -3.079230   -3.077466   -3.075641   -3.073753   -3.071801   -3.069713   -3.067530   -3.065268   -3.062925   -3.060497   -3.057849   -3.055065   -3.052187
   -3.114703   -3.114678   -3.114641   -3.114579   -3.114517   -3.114455   -3.114393   -3.114331   -3.114268   -3.114209   -3.114206   -3.114136   -3.114067   -3.113997   -3.113927   -3.113858   -3.113791   -3.113788   -3.113621   -3.113453   -3.113286   -3.112442   -3.111591   -3.109865   -3.108110   -3.106314   -3.104456   -3.102534   -3.100547   -3.098421   -3.096199   -3.093897   -3.091511   -3.089040   -3.086346   -3.083515   -3.080591
   -3.143961   -3.143935   -3.143898   -3.143834   -3.143771   -3.143708   -3.143645   -3.143581   -3.143518   -3.143457   -3.143455   -3.143384   -3.143313   -3.143242   -3.143171   -3.143100   -3.143031   -3.143028   -3.142858   -3.142688   -3.142517   -3.141657   -3.140790   -3.139033   -3.137245   -3.135415   -3.133523   -3.131565   -3.129541   -3.127376   -3.125113   -3.122768   -3.120338   -3.117822   -3.115079   -3.112196   -3.109219
   -3.173494   -3.173468   -3.173429   -3.173365   -3.173301   -3.173236   -3.173172   -3.173107   -3.173043   -3.172981   -3.172978   -3.172906   -3.172833   -3.172761   -3.172688   -3.172616   -3.172546   -3.172544   -3.172370   -3.172196   -3.172022   -3.171146   -3.170262   -3.168471   -3.166649   -3.164784   -3.162856   -3.160861   -3.158798   -3.156592   -3.154286   -3.151897   -3.149422   -3.146858   -3.144063   -3.141127   -3.138094
   -3.203320   -3.203294   -3.203254   -3.203189   -3.203123   -3.203057   -3.202992   -3.202926   -3.202860   -3.202797   -3.202794   -3.202720   -3.202646   -3.202573   -3.202499   -3.202425   -3.202354   -3.202351   -3.202174   -3.201997   -3.201819   -3.200926   -3.200025   -3.198198   -3.196340   -3.194439   -3.192472   -3.190439   -3.188336   -3.186086   -3.183736   -3.181301   -3.178777   -3.176165   -3.173316   -3.170323   -3.167232
   -3.233420   -3.233393   -3.233353   -3.233287   -3.233220   -3.233153   -3.233086   -3.233019   -3.232952   -3.232888   -3.232885   -3.232810   -3.232735   -3.232660   -3.232584   -3.232509   -3.232437   -3.232434   -3.232254   -3.232073   -3.231893   -3.230983   -3.230066   -3.228206   -3.226315   -3.224379   -3.222376   -3.220304   -3.218162   -3.215871   -3.213476   -3.210994   -3.208422   -3.205758   -3.202853   -3.199801   -3.196649
   -3.263771   -3.263743   -3.263703   -3.263635   -3.263566   -3.263499   -3.263430   -3.263362   -3.263294   -3.263228   -3.263226   -3.263149   -3.263073   -3.262996   -3.262920   -3.262843   -3.262770   -3.262767   -3.262583   -3.262399   -3.262215   -3.261290   -3.260356   -3.258462   -3.256536   -3.254566   -3.252527   -3.250418   -3.248238   -3.245905   -3.243468   -3.240941   -3.238324   -3.235613   -3.232656   -3.229550   -3.226341
   -3.294388   -3.294360   -3.294319   -3.294249   -3.294180   -3.294111   -3.294041   -3.293972   -3.293902   -3.293836   -3.293833   -3.293755   -3.293677   -3.293599   -3.293521   -3.293443   -3.293368   -3.293365   -3.293178   -3.292991   -3.292804   -3.291861   -3.290910   -3.288981   -3.287019   -3.285012   -3.282936   -3.280788   -3.278568   -3.276192   -3.273710   -3.271138   -3.268473   -3.265712   -3.262702   -3.259540   -3.256274
   -3.325290   -3.325262   -3.325220   -3.325149   -3.325079   -3.325008   -3.324937   -3.324867   -3.324796   -3.324728   -3.324725   -3.324646   -3.324566   -3.324487   -3.324407   -3.324328   -3.324251   -3.324248   -3.324058   -3.323867   -3.323676   -3.322715   -3.321745   -3.319780   -3.317781   -3.315736   -3.313620   -3.311432   -3.309170   -3.306749   -3.304220   -3.301600   -3.298885   -3.296073   -3.293007   -3.289785   -3.286459
   -3.356497   -3.356468   -3.356425   -3.356353   -3.356281   -3.356209   -3.356137   -3.356065   -3.355993   -3.355923   -3.355920   -3.355839   -3.355758   -3.355678   -3.355597   -3.355515   -3.355438   -3.355434   -3.355240   -3.355046   -3.354851   -3.353871   -3.352883   -3.350879   -3.348841   -3.346756   -3.344599   -3.342368   -3.340061   -3.337594   -3.335016   -3.332345   -3.329578   -3.326712   -3.323587   -3.320304   -3.316914
   -3.388005   -3.387976   -3.387932   -3.387859   -3.387785   -3.387712   -3.387638   -3.387565   -3.387491   -3.387420   -3.387418   -3.387335   -3.387253   -3.387170   -3.387088   -3.387005   -3.386926   -3.386922   -3.386724   -3.386526   -3.386328   -3.385329   -3.384321   -3.382279   -3.380202   -3.378076   -3.375878   -3.373604   -3.371253   -3.368739   -3.366111   -3.363389   -3.360568   -3.357647   -3.354461   -3.351114   -3.347658
   -3.419832   -3.419802   -3.419758   -3.419683   -3.419608   -3.419533   -3.419458   -3.419383   -3.419308   -3.419236   -3.419233   -3.419149   -3.419065   -3.418981   -3.418896   -3.418812   -3.418731   -3.418728   -3.418526   -3.418324   -3.418121   -3.417102   -3.416074   -3.413991   -3.411872   -3.409705   -3.407463   -3.405145   -3.402748   -3.400184   -3.397505   -3.394729   -3.391853   -3.388875   -3.385628   -3.382217   -3.378694
   -3.452003   -3.451973   -3.451927   -3.451851   -3.451774   -3.451698   -3.451621   -3.451545   -3.451468   -3.451394   -3.451391   -3.451306   -3.451220   -3.451134   -3.451048   -3.450962   -3.450879   -3.450876   -3.450670   -3.450463   -3.450256   -3.449216   -3.448167   -3.446041   -3.443878   -3.441666   -3.439378   -3.437012   -3.434566   -3.431950   -3.429217   -3.426385   -3.423452   -3.420414   -3.417102   -3.413622   -3.410030
   -3.484548   -3.484517   -3.484470   -3.484392   -3.484314   -3.484236   -3.484157   -3.484079   -3.484001   -3.483926   -3.483922   -3.483835   -3.483747   -3.483659   -3.483572   -3.483484   -3.483399   -3.483396   -3.483185   -3.482974   -3.482763   -3.481700   -3.480628   -3.478456   -3.476247   -3.473988   -3.471651   -3.469234   -3.466737   -3.464065   -3.461274   -3.458383   -3.455388   -3.452288   -3.448907   -3.445355   -3.441689
   -3.517533   -3.517501   -3.517453   -3.517373   -3.517293   -3.517213   -3.517133   -3.517052   -3.516972   -3.516895   -3.516892   -3.516802   -3.516712   -3.516622   -3.516532   -3.516442   -3.516356   -3.516352   -3.516136   -3.515920   -3.515703   -3.514615   -3.513516   -3.511291   -3.509028   -3.506715   -3.504323   -3.501850   -3.499295   -3.496562   -3.493708   -3.490752   -3.487692   -3.484524   -3.481070   -3.477442   -3.473697
   -3.551048   -3.551015   -3.550966   -3.550883   -3.550801   -3.550719   -3.550637   -3.550555   -3.550472   -3.550393   -3.550390   -3.550297   -3.550205   -3.550113   -3.550020   -3.549928   -3.549839   -3.549835   -3.549614   -3.549392   -3.549170   -3.548052   -3.546925   -3.544640   -3.542319   -3.539944   -3.537490   -3.534954   -3.532332   -3.529530   -3.526603   -3.523573   -3.520435   -3.517188   -3.513649   -3.509933   -3.506099
   -3.585152   -3.585118   -3.585067   -3.584983   -3.584898   -3.584814   -3.584729   -3.584645   -3.584560   -3.584478   -3.584475   -3.584380   -3.584285   -3.584190   -3.584095   -3.584000   -3.583909   -3.583905   -3.583677   -3.583449   -3.583220   -3.582071   -3.580912   -3.578564   -3.576177   -3.573737   -3.571215   -3.568609   -3.565917   -3.563038   -3.560032   -3.556920   -3.553699   -3.550366   -3.546733   -3.542920   -3.538986
   -3.619916   -3.619881   -3.619829   -3.619742   -3.619655   -3.619568   -3.619481   -3.619393   -3.619306   -3.619222   -3.619219   -3.619121   -3.619023   -3.618925   -3.618828   -3.618730   -3.618635   -3.618632   -3.618397   -3.618162   -3.617926   -3.616742   -3.615548   -3.613129   -3.610672   -3.608159   -3.605563   -3.602880   -3.600109   -3.597147   -3.594055   -3.590854   -3.587541   -3.584114   -3.580380   -3.576461   -3.572418
   -3.655358   -3.655322   -3.655268   -3.655179   -3.655089   -3.655000   -3.654910   -3.654821   -3.654731   -3.654645   -3.654641   -3.654541   -3.654440   -3.654340   -3.654239   -3.654139   -3.654042   -3.654038   -3.653796   -3.653555   -3.653313   -3.652096   -3.650868   -3.648380   -3.645852   -3.643267   -3.640595   -3.637834   -3.634980   -3.631929   -3.628743   -3.625444   -3.622030   -3.618500   -3.614654   -3.610618   -3.606457
   -3.691412   -3.691375   -3.691320   -3.691228   -3.691136   -3.691044   -3.690952   -3.690860   -3.690768   -3.690679   -3.690675   -3.690572   -3.690469   -3.690366   -3.690262   -3.690159   -3.690059   -3.690055   -3.689807   -3.689559   -3.689309   -3.688058   -3.686796   -3.684239   -3.681641   -3.678984   -3.676239   -3.673402   -3.670471   -3.667337   -3.664066   -3.660679   -3.657173   -3.653546   -3.649593   -3.645442   -3.641161
   -3.728155   -3.728117   -3.728060   -3.727966   -3.727871   -3.727776   -3.727681   -3.727586   -3.727491   -3.727400   -3.727396   -3.727290   -3.727183   -3.727077   -3.726970   -3.726864   -3.726761   -3.726757   -3.726501   -3.726245   -3.725989   -3.724699   -3.723399   -3.720765   -3.718089   -3.715353   -3.712527   -3.709607   -3.706591   -3.703367   -3.700001   -3.696518   -3.692913   -3.689184   -3.685120   -3.680856   -3.676457
   -3.765687   -3.765648   -3.765589   -3.765492   -3.765394   -3.765296   -3.765198   -3.765100   -3.765001   -3.764907   -3.764903   -3.764793   -3.764683   -3.764573   -3.764463   -3.764353   -3.764247   -3.764242   -3.763978   -3.763714   -3.763449   -3.762117   -3.760773   -3.758053   -3.755290   -3.752466   -3.749549   -3.746536   -3.743425   -3.740100   -3.736630   -3.733039   -3.729325   -3.725483   -3.721297   -3.716906   -3.712379
   -3.804152   -3.804111   -3.804051   -3.803949   -3.803848   -3.803746   -3.803644   -3.803542   -3.803440   -3.803343   -3.803338   -3.803224   -3.803110   -3.802996   -3.802882   -3.802767   -3.802658   -3.802653   -3.802379   -3.802104   -3.801829   -3.800447   -3.799054   -3.796234   -3.793370   -3.790444   -3.787423   -3.784303   -3.781083   -3.777643   -3.774055   -3.770344   -3.766505   -3.762537   -3.758215   -3.753682   -3.749011
   -3.843743   -3.843700   -3.843637   -3.843531   -3.843425   -3.843319   -3.843213   -3.843107   -3.843001   -3.842899   -3.842895   -3.842776   -3.842657   -3.842538   -3.842418   -3.842299   -3.842185   -3.842180   -3.841894   -3.841608   -3.841321   -3.839882   -3.838430   -3.835492   -3.832510   -3.829465   -3.826323   -3.823079   -3.819731   -3.816157   -3.812430   -3.808577   -3.804594   -3.800478   -3.795998   -3.791302   -3.786465
   -3.884696   -3.884652   -3.884585   -3.884474   -3.884363   -3.884252   -3.884141   -3.884030   -3.883918   -3.883811   -3.883807   -3.883682   -3.883557   -3.883433   -3.883308   -3.883183   -3.883063   -3.883058   -3.882758   -3.882458   -3.882158   -3.880648   -3.879127   -3.876049   -3.872928   -3.869742   -3.866455   -3.863064   -3.859567   -3.855835   -3.851946   -3.847927   -3.843776   -3.839488   -3.834824   -3.829937   -3.824907
   -3.927333   -3.927286   -3.927215   -3.927098   -3.926981   -3.926864   -3.926746   -3.926629   -3.926511   -3.926398   -3.926394   -3.926262   -3.926130   -3.925998   -3.925867   -3.925735   -3.925608   -3.925603   -3.925287   -3.924970   -3.924653   -3.923060   -3.921455   -3.918209   -3.914918   -3.911561   -3.908100   -3.904531   -3.900853   -3.896931   -3.892847   -3.888630   -3.884277   -3.879785   -3.874902   -3.869790   -3.864533
   -3.972003   -3.971953   -3.971878   -3.971753   -3.971628   -3.971503   -3.971378   -3.971253   -3.971128   -3.971008   -3.971003   -3.970863   -3.970722   -3.970582   -3.970442   -3.970301   -3.970166   -3.970161   -3.969824   -3.969487   -3.969150   -3.967455   -3.965749   -3.962300   -3.958807   -3.955246   -3.951579   -3.947800   -3.943909   -3.939762   -3.935447   -3.930995   -3.926401   -3.921665   -3.916519   -3.911136   -3.905604
   -4.019376   -4.019322   -4.019241   -4.019105   -4.018970   -4.018835   -4.018700   -4.018565   -4.018429   -4.018299   -4.018294   -4.018142   -4.017991   -4.017839   -4.017687   -4.017535   -4.017389   -4.017383   -4.017019   -4.016655   -4.016290   -4.014459   -4.012616   -4.008896   -4.005135   -4.001307   -3.997368   -3.993318   -3.989152   -3.984719   -3.980113   -3.975367   -3.970479   -3.965445   -3.959984   -3.954280   -3.948425
   -4.070637   -4.070578   -4.070487   -4.070337   -4.070188   -4.070037   -4.069887   -4.069737   -4.069586   -4.069442   -4.069436   -4.069268   -4.069099   -4.068931   -4.068763   -4.068594   -4.068432   -4.068426   -4.068022   -4.067618   -4.067214   -4.065185   -4.063146   -4.059039   -4.054895   -4.050688   -4.046371   -4.041939   -4.037393   -4.032565   -4.027561   -4.022418   -4.017132   -4.011702   -4.005824   -3.999698   -3.993425
   -4.128133   -4.128063   -4.127957   -4.127782   -4.127606   -4.127430   -4.127254   -4.127079   -4.126903   -4.126734   -4.126727   -4.126530   -4.126334   -4.126137   -4.125940   -4.125743   -4.125555   -4.125546   -4.125075   -4.124604   -4.124132   -4.121771   -4.119406   -4.114661   -4.109900   -4.105091   -4.100180   -4.095164   -4.090041   -4.084625   -4.079034   -4.073311   -4.067452   -4.061456   -4.054987   -4.048270   -4.041416
   -4.198998   -4.198901   -4.198755   -4.198513   -4.198271   -4.198029   -4.197787   -4.197546   -4.197305   -4.197073   -4.197063   -4.196794   -4.196525   -4.196256   -4.195987   -4.195719   -4.195462   -4.195451   -4.194809   -4.194170   -4.193531   -4.190356   -4.187210   -4.180993   -4.174867   -4.168780   -4.162654   -4.156481   -4.150253   -4.143744   -4.137099   -4.130364   -4.123533   -4.116601   -4.109186   -4.101545   -4.093805
 -999.000000 -999.000000 -999.000000 -999.000000 -999.000000 -999.000000 -999.000000 -999.000000 -999.000000 -999.000000 -999.000000 -999.000000 -999.000000 -999.000000 -999.000000 -999.000000 -999.000000 -999.000000 -999.000000 -999.000000 -999.000000 -999.000000 -999.000000 -999.000000 -999.000000   -4.267662   -4.252283   -4.240530   -4.230024   -4.219851   -4.210060   -4.200589   -4.191340   -4.182245   -4.172772   -4.163240   -4.153780
 -999.000000 -999.000000 -999.000000 -999.000000 -999.000000 -999.000000 -999.000000 -999.000000 -999.000000 -999.000000 -999.000000 -999.000000 -999.000000 -999.000000 -999.000000 -999.000000 -999.000000 -999.000000 -999.000000 -999.000000 -999.000000 -999.000000 -999.000000 -999.000000 -999.000000 -999.000000 -999.000000 -999.000000 -999.000000 -999.000000 -999.000000 -999.000000 -999.000000 -999.000000   -4.275698   -4.250386   -4.233617
#
# dtdh (rows - delta, columns - depth)
#
   -0.297031   -0.297030   -0.297030   -0.297030   -0.297029   -0.297029   -0.297028   -0.297028   -0.297027   -0.297027   -0.266006   -0.266005   -0.266005   -0.266004   -0.266004   -0.266003   -0.266003   -0.222922   -0.222832   -0.222742   -0.222653   -0.222206   -0.221760   -0.221100   -0.220595   -0.216927   -0.212846   -0.208914   -0.205121 -999.000000 -999.000000 -999.000000 -999.000000 -999.000000 -999.000000 -999.000000 -999.000000
   -0.297015   -0.297015   -0.297015   -0.297014   -0.297014   -0.297014   -0.297013   -0.297013   -0.297012   -0.297012   -0.265989   -0.265988   -0.265988   -0.265987   -0.265987   -0.265986   -0.265986   -0.222901   -0.222812   -0.222722   -0.222632   -0.222185   -0.221739   -0.221079   -0.220573   -0.216904   -0.212823   -0.208889   -0.205096   -0.192935   -0.188982   -0.185189   -0.181540   -0.178030   -0.163841   -0.160314   -0.158812
   -0.297000   -0.297000   -0.297000   -0.296999   -0.296999   -0.296998   -0.296998   -0.296997   -0.296997   -0.296997   -0.265972   -0.265971   -0.265971   -0.265970   -0.265970   -0.265969   -0.265969   -0.222881   -0.222791   -0.222701   -0.222612   -0.222164   -0.221718   -0.221058   -0.220551   -0.216882   -0.212800   -0.208865   -0.205071   -0.192908   -0.188955   -0.185160   -0.181510   -0.177999   -0.163806   -0.160278   -0.158775
   -0.296985   -0.296985   -0.296985   -0.296984   -0.296984   -0.296984   -0.296983   -0.296983   -0.296982   -0.296982   -0.265955   -0.265954   -0.265954   -0.265953   -0.265953   -0.265952   -0.265952   -0.222861   -0.222771   -0.222681   -0.222592   -0.222144   -0.221698   -0.221037   -0.220530   -0.216860   -0.212777   -0.208842   -0.205047   -0.192881   -0.188927   -0.185132   -0.181480   -0.177968   -0.163772   -0.160243   -0.158739
   -0.296971   -0.296971   -0.296970   -0.296970   -0.296969   -0.296969   -0.296968   -0.296968   -0.296967   -0.296967   -0.265939   -0.265938   -0.265937   -0.265937   -0.265936   -0.265936   -0.265935   -0.222841   -0.222751   -0.222661   -0.222572   -0.222124   -0.221678   -0.221016   -0.220509   -0.216838   -0.212754   -0.208818   -0.205022   -0.192855   -0.188900   -0.185104   -0.181451   -0.177938   -0.163738   -0.160208   -0.158703
   -0.296956   -0.296956   -0.296956   -0.296955   -0.296955   -0.296954   -0.296954   -0.296953   -0.296953   -0.296952   -0.265922   -0.265921   -0.265921   -0.265920   -0.265920   -0.265919   -0.265919   -0.222821   -0.222732   -0.222642   -0.222552   -0.222104   -0.221657   -0.220995   -0.220488   -0.216816   -0.212732   -0.208795   -0.204998   -0.192829   -0.188873   -0.185076   -0.181422   -0.177908   -0.163705   -0.160173   -0.158667
   -0.296941   -0.296941   -0.296941   -0.296940   -0.296940   -0.296939   -0.296939   -0.296938   -0.296938   -0.296937   -0.265905   -0.265905   -0.265904   -0.265904   -0.265903   -0.265902   -0.265902   -0.222801   -0.222711   -0.222622   -0.222532   -0.222083   -0.221637   -0.220975   -0.220467   -0.216794   -0.212709   -0.208772   -0.204974   -0.192803   -0.188846   -0.185047   -0.181393   -0.177877   -0.163672   -0.160138   -0.158632
   -0.296926   -0.296926   -0.296925   -0.296925   -0.296924   -0.296924   -0.296923   -0.296923   -0.296922   -0.296922   -0.265888   -0.265888   -0.265887   -0.265886   -0.265886   -0.265885   -0.265885   -0.222781   -0.222691   -0.222601   -0.222511   -0.222063   -0.221616   -0.220953   -0.220445   -0.216772   -0.212686   -0.208748   -0.204949   -0.192776   -0.188818   -0.185019   -0.181363   -0.177846   -0.163638   -0.160103   -0.158595
   -0.296910   -0.296910   -0.296910   -0.296909   -0.296909   -0.296908   -0.296908   -0.296907   -0.296907   -0.296906   -0.265871   -0.265870   -0.265870   -0.265869   -0.265868   -0.265868   -0.265867   -0.222760   -0.222670   -0.222580   -0.222490   -0.222041   -0.221594   -0.220931   -0.220423   -0.216749   -0.212662   -0.208723   -0.204924   -0.192749   -0.188790   -0.184989   -0.181332   -0.177815   -0.163603   -0.160067   -0.158558
   -0.296895   -0.296894   -0.296894   -0.296894   -0.296893   -0.296892   -0.296892   -0.296891   -0.296891   -0.296890   -0.265853   -0.265852   -0.265852   -0.265851   -0.265851   -0.265850   -0.265849   -0.222739   -0.222649   -0.222559   -0.222469   -0.222020   -0.221573   -0.220909   -0.220400   -0.216726   -0.212638   -0.208698   -0.204898   -0.192721   -0.188761   -0.184959   -0.181301   -0.177783   -0.163567   -0.160030   -0.158521
   -0.296879   -0.296878   -0.296878   -0.296877   -0.296877   -0.296876   -0.296876   -0.296875   -0.296875   -0.296874   -0.265835   -0.265834   -0.265834   -0.265833   -0.265832   -0.265832   -0.265831   -0.222717   -0.222627   -0.222537   -0.222447   -0.221998   -0.221550   -0.220887   -0.220377   -0.216702   -0.212614   -0.208673   -0.204872   -0.192693   -0.188731   -0.184929   -0.181270   -0.177750   -0.163531   -0.159993   -0.158482
   -0.296862   -0.296862   -0.296862   -0.296861   -0.296861   -0.296860   -0.296859   -0.296859   -0.296858   -0.296858   -0.265817   -0.265816   -0.265815   -0.265815   -0.265814   -0.265814   -0.265813   -0.222695   -0.222605   -0.222515   -0.222425   -0.221976   -0.221528   -0.220864   -0.220354   -0.216678   -0.212589   -0.208647   -0.204845   -0.192664   -0.188702   -0.184898   -0.181238   -0.177717   -0.163495   -0.159955   -0.158443
   -0.296846   -0.296846   -0.296845   -0.296845   -0.296844   -0.296844   -0.296843   -0.296842   -0.296842   -0.296841   -0.265798   -0.265798   -0.265797   -0.265796   -0.265796   -0.265795   -0.265794   -0.222673   -0.222583   -0.222493   -0.222403   -0.221953   -0.221505   -0.220841   -0.220330   -0.216654   -0.212564   -0.208621   -0.204818   -0.192635   -0.188671   -0.184867   -0.181205   -0.177683   -0.163458   -0.159916   -0.158404
   -0.296829   -0.296829   -0.296829   -0.296828   -0.296827   -0.296827   -0.296826   -0.296826   -0.296825   -0.296824   -0.265780   -0.265779   -0.265778   -0.265778   -0.265777   -0.265776   -0.265776   -0.222651   -0.222560   -0.222470   -0.222380   -0.221930   -0.221482   -0.220817   -0.220307   -0.216629   -0.212538   -0.208595   -0.204791   -0.192606   -0.188641   -0.184835   -0.181173   -0.177649   -0.163420   -0.159877   -0.158364
   -0.296812   -0.296812   -0.296812   -0.296811   -0.296811   -0.296810   -0.296809   -0.296809   -0.296808   -0.296808   -0.265761   -0.265760   -0.265759   -0.265759   -0.265758   -0.265757   -0.265757   -0.222628   -0.222538   -0.222447   -0.222357   -0.221907   -0.221459   -0.220794   -0.220282   -0.216604   -0.212512   -0.208568   -0.204764   -0.192576   -0.188610   -0.184803   -0.181139   -0.177615   -0.163382   -0.159838   -0.158323
   -0.296795   -0.296795   -0.296795   -0.296794   -0.296793   -0.296793   -0.296792   -0.296792   -0.296791   -0.296790   -0.265741   -0.265741   -0.265740   -0.265739   -0.265739   -0.265738   -0.265737   -0.222605   -0.222515   -0.222424   -0.222334   -0.221884   -0.221435   -0.220770   -0.220258   -0.216579   -0.212486   -0.208541   -0.204736   -0.192546   -0.188579   -0.184771   -0.181106   -0.177580   -0.163344   -0.159798   -0.158282
   -0.296778   -0.296778   -0.296777   -0.296777   -0.296776   -0.296775   -0.296775   -0.296774   -0.296774   -0.296773   -0.265722   -0.265721   -0.265721   -0.265720   -0.265719   -0.265718   -0.265718   -0.222582   -0.222491   -0.222401   -0.222311   -0.221860   -0.221411   -0.220745   -0.220233   -0.216553   -0.212460   -0.208514   -0.204707   -0.192515   -0.188547   -0.184738   -0.181072   -0.177545   -0.163305   -0.159757   -0.158241
   -0.296760   -0.296760   -0.296760   -0.296759   -0.296758   -0.296758   -0.296757   -0.296756   -0.296756   -0.296755   -0.265702   -0.265701   -0.265701   -0.265700   -0.265699   -0.265699   -0.265698   -0.222558   -0.222467   -0.222377   -0.222287   -0.221836   -0.221387   -0.220720   -0.220208   -0.216527   -0.212433   -0.208486   -0.204679   -0.192484   -0.188515   -0.184704   -0.181037   -0.177509   -0.163265   -0.159716   -0.158199
   -0.296742   -0.296742   -0.296742   -0.296741   -0.296740   -0.296740   -0.296739   -0.296738   -0.296738   -0.296737   -0.265682   -0.265681   -0.265680   -0.265680   -0.265679   -0.265678   -0.265678   -0.222534   -0.222443   -0.222353   -0.222262   -0.221812   -0.221362   -0.220695   -0.220182   -0.216501   -0.212405   -0.208458   -0.204649   -0.192452   -0.188482   -0.184670   -0.181002   -0.177473   -0.163225   -0.159674   -0.158156
   -0.296724   -0.296724   -0.296723   -0.296723   -0.296722   -0.296721   -0.296721   -0.296720   -0.296719   -0.296719   -0.265661   -0.265661   -0.265660   -0.265659   -0.265658   -0.265658   -0.265657   -0.222509   -0.222419   -0.222328   -0.222238   -0.221787   -0.221337   -0.220670   -0.220156   -0.216474   -0.212378   -0.208429   -0.204619   -0.192420   -0.188449   -0.184636   -0.180966   -0.177436   -0.163184   -0.159632   -0.158112
   -0.296706   -0.296705   -0.296705   -0.296704   -0.296704   -0.296703   -0.296702   -0.296701   -0.296701   -0.296700   -0.265641   -0.265640   -0.265639   -0.265638   -0.265638   -0.265637   -0.265636   -0.222484   -0.222394   -0.222303   -0.222213   -0.221761   -0.221312   -0.220644   -0.220130   -0.216447   -0.212349   -0.208399   -0.204589   -0.192387   -0.188415   -0.184601   -0.180930   -0.177398   -0.163142   -0.159588   -0.158068
   -0.296687   -0.296687   -0.296686   -0.296685   -0.296685   -0.296684   -0.296683   -0.296683   -0.296682   -0.296681   -0.265620   -0.265619   -0.265618   -0.265617   -0.265616   -0.265616   -0.265615   -0.222459   -0.222368   -0.222278   -0.222187   -0.221736   -0.221286   -0.220617   -0.220103   -0.216419   -0.212321   -0.208370   -0.204558   -0.192354   -0.188380   -0.184565   -0.180893   -0.177360   -0.163100   -0.159545   -0.158023
   -0.296668   -0.296668   -0.296667   -0.296666   -0.296666   -0.296665   -0.296664   -0.296664   -0.296663   -0.296662   -0.265598   -0.265597   -0.265597   -0.265596   -0.265595   -0.265594   -0.265593   -0.222433   -0.222343   -0.222252   -0.222161   -0.221710   -0.221259   -0.220591   -0.220076   -0.216391   -0.212292   -0.208340   -0.204527   -0.192321   -0.188346   -0.184529   -0.180855   -0.177321   -0.163057   -0.159500   -0.157977
   -0.296649   -0.296648   -0.296648   -0.296647   -0.296646   -0.296646   -0.296645   -0.296644   -0.296644   -0.296643   -0.265577   -0.265576   -0.265575   -0.265574   -0.265573   -0.265573   -0.265572   -0.222407   -0.222317   -0.222226   -0.222135   -0.221683   -0.221233   -0.220563   -0.220048   -0.216363   -0.212262   -0.208309   -0.204496   -0.192287   -0.188310   -0.184492   -0.180818   -0.177282   -0.163014   -0.159455   -0.157931
   -0.296629   -0.296629   -0.296628   -0.296628   -0.296627   -0.296626   -0.296625   -0.296625   -0.296624   -0.296623   -0.265555   -0.265554   -0.265553   -0.265552   -0.265551   -0.265551   -0.265550   -0.222381   -0.222290   -0.222200   -0.222109   -0.221657   -0.221206   -0.220536   -0.220020   -0.216334   -0.212232   -0.208279   -0.204464   -0.192252   -0.188275   -0.184456   -0.180779   -0.177242   -0.162970   -0.159410   -0.157884
   -0.296609   -0.296609   -0.296609   -0.296608   -0.296607   -0.296606   -0.296606   -0.296605   -0.296604   -0.296603   -0.265533   -0.265532   -0.265531   -0.265530   -0.265529   -0.265528   -0.265528   -0.222354   -0.222264   -0.222173   -0.222082   -0.221630   -0.221179   -0.220508   -0.219992   -0.216305   -0.212202   -0.208248   -0.204432   -0.192218   -0.188239   -0.184418   -0.180741   -0.177202   -0.162926   -0.159363   -0.157837
   -0.296590   -0.296589   -0.296589   -0.296588   -0.296587   -0.296586   -0.296586   -0.296585   -0.296584   -0.296583   -0.265510   -0.265509   -0.265508   -0.265508   -0.265507   -0.265506   -0.265505   -0.222328   -0.222237   -0.222146   -0.222055   -0.221602   -0.221151   -0.220480   -0.219964   -0.216275   -0.212172   -0.208216   -0.204399   -0.192182   -0.188202   -0.184380   -0.180701   -0.177161   -0.162881   -0.159317   -0.157789
   -0.296569   -0.296569   -0.296569   -0.296568   -0.296567   -0.296566   -0.296565   -0.296565   -0.296564   -0.296563   -0.265487   -0.265487   -0.265486   -0.265485   -0.265484   -0.265483   -0.265482   -0.222300   -0.222210   -0.222119   -0.222028   -0.221575   -0.221123   -0.220452   -0.219935   -0.216245   -0.212141   -0.208184   -0.204366   -0.192147   -0.188165   -0.184342   -0.180661   -0.177120   -0.162835   -0.159269   -0.157740
   -0.296549   -0.296548   -0.296548   -0.296547   -0.296546   -0.296546   -0.296545   -0.296544   -0.296543   -0.296542   -0.265464   -0.265464   -0.265463   -0.265462   -0.265461   -0.265460   -0.265459   -0.222273   -0.222182   -0.222091   -0.222000   -0.221547   -0.221095   -0.220423   -0.219905   -0.216215   -0.212110   -0.208152   -0.204333   -0.192110   -0.188127   -0.184303   -0.180621   -0.177078   -0.162789   -0.159221   -0.157691
   -0.296528   -0.296528   -0.296527   -0.296526   -0.296525   -0.296525   -0.296524   -0.296523   -0.296522   -0.296521   -0.265441   -0.265440   -0.265439   -0.265438   -0.265437   -0.265436   -0.265436   -0.222245   -0.222154   -0.222063   -0.221972   -0.221518   -0.221066   -0.220394   -0.219876   -0.216184   -0.212078   -0.208119   -0.204299   -0.192074   -0.188089   -0.184263   -0.180580   -0.177036   -0.162742   -0.159173   -0.157641
   -0.296507   -0.296506   -0.296506   -0.296505   -0.296504   -0.296503   -0.296502   -0.296502   -0.296501   -0.296500   -0.265417   -0.265416   -0.265415   -0.265414   -0.265413   -0.265412   -0.265411   -0.222216   -0.222125   -0.222034   -0.221943   -0.221489   -0.221037   -0.220364   -0.219845   -0.216153   -0.212045   -0.208085   -0.204264   -0.192036   -0.188050   -0.184223   -0.180538   -0.176992   -0.162694   -0.159123   -0.157591
   -0.296485   -0.296485   -0.296484   -0.296483   -0.296482   -0.296481   -0.296481   -0.296480   -0.296479   -0.296478   -0.265393   -0.265392   -0.265391   -0.265390   -0.265389   -0.265388   -0.265387   -0.222186   -0.222096   -0.222004   -0.221913   -0.221459   -0.221007   -0.220333   -0.219814   -0.216121   -0.212012   -0.208051   -0.204228   -0.191998   -0.188011   -0.184182   -0.180496   -0.176948   -0.162646   -0.159073   -0.157539
   -0.296463   -0.296462   -0.296462   -0.296461   -0.296460   -0.296459   -0.296458   -0.296457   -0.296457   -0.296456   -0.265368   -0.265367   -0.265366   -0.265365   -0.265364   -0.265363   -0.265362   -0.222157   -0.222065   -0.221974   -0.221883   -0.221429   -0.220976   -0.220302   -0.219782   -0.216088   -0.211978   -0.208016   -0.204192   -0.191959   -0.187970   -0.184140   -0.180452   -0.176903   -0.162596   -0.159021   -0.157486
   -0.296440   -0.296440   -0.296439   -0.296438   -0.296437   -0.296436   -0.296436   -0.296435   -0.296434   -0.296433   -0.265342   -0.265341   -0.265340   -0.265339   -0.265338   -0.265337   -0.265336   -0.222126   -0.222035   -0.221944   -0.221853   -0.221398   -0.220945   -0.220270   -0.219750   -0.216055   -0.211944   -0.207980   -0.204155   -0.191919   -0.187929   -0.184097   -0.180408   -0.176857   -0.162545   -0.158969   -0.157432
   -0.296417   -0.296417   -0.296416   -0.296415   -0.296414   -0.296413   -0.296413   -0.296412   -0.296411   -0.296410   -0.265316   -0.265315   -0.265314   -0.265313   -0.265312   -0.265311   -0.265310   -0.222095   -0.222004   -0.221913   -0.221821   -0.221366   -0.220913   -0.220238   -0.219717   -0.216021   -0.211909   -0.207944   -0.204118   -0.191878   -0.187887   -0.184054   -0.180363   -0.176810   -0.162493   -0.158915   -0.157377
   -0.296394   -0.296394   -0.296393   -0.296392   -0.296391   -0.296390   -0.296389   -0.296388   -0.296387   -0.296387   -0.265290   -0.265289   -0.265288   -0.265287   -0.265286   -0.265285   -0.265284   -0.222064   -0.221973   -0.221881   -0.221790   -0.221335   -0.220881   -0.220205   -0.219684   -0.215986   -0.211873   -0.207907   -0.204080   -0.191837   -0.187844   -0.184009   -0.180317   -0.176763   -0.162441   -0.158860   -0.157321
   -0.296370   -0.296370   -0.296369   -0.296369   -0.296368   -0.296367   -0.296366   -0.296365   -0.296364   -0.296363   -0.265264   -0.265263   -0.265262   -0.265261   -0.265260   -0.265259   -0.265258   -0.222032   -0.221941   -0.221849   -0.221758   -0.221303   -0.220849   -0.220172   -0.219650   -0.215952   -0.211837   -0.207870   -0.204041   -0.191796   -0.187801   -0.183965   -0.180271   -0.176715   -0.162388   -0.158805   -0.157265
   -0.296347   -0.296346   -0.296346   -0.296345   -0.296344   -0.296343   -0.296342   -0.296341   -0.296340   -0.296339   -0.265237   -0.265236   -0.265235   -0.265234   -0.265233   -0.265232   -0.265231   -0.222000   -0.221909   -0.221817   -0.221726   -0.221270   -0.220816   -0.220139   -0.219616   -0.215917   -0.211801   -0.207832   -0.204002   -0.191754   -0.187758   -0.183920   -0.180224   -0.176667   -0.162334   -0.158750   -0.157207
   -0.296322   -0.296322   -0.296322   -0.296321   -0.296320   -0.296319   -0.296318   -0.296317   -0.296316   -0.296315   -0.265210   -0.265209   -0.265208   -0.265207   -0.265206   -0.265205   -0.265204   -0.221968   -0.221876   -0.221785   -0.221693   -0.221237   -0.220782   -0.220105   -0.219582   -0.215881   -0.211764   -0.207794   -0.203963   -0.191711   -0.187714   -0.183874   -0.180177   -0.176618   -0.162280   -0.158693   -0.157150
   -0.296298   -0.296298   -0.296297   -0.296296   -0.296295   -0.296294   -0.296293   -0.296292   -0.296291   -0.296290   -0.265183   -0.265181   -0.265180   -0.265179   -0.265178   -0.265177   -0.265176   -0.221934   -0.221843   -0.221751   -0.221660   -0.221203   -0.220749   -0.220070   -0.219547   -0.215845   -0.211727   -0.207755   -0.203923   -0.191668   -0.187669   -0.183827   -0.180128   -0.176568   -0.162225   -0.158636   -0.157091
   -0.296273   -0.296273   -0.296272   -0.296271   -0.296270   -0.296269   -0.296268   -0.296267   -0.296266   -0.296265   -0.265154   -0.265153   -0.265152   -0.265151   -0.265150   -0.265149   -0.265148   -0.221901   -0.221809   -0.221718   -0.221626   -0.221169   -0.220714   -0.220035   -0.219511   -0.215808   -0.211688   -0.207716   -0.203882   -0.191624   -0.187623   -0.183780   -0.180079   -0.176517   -0.162169   -0.158578   -0.157031
   -0.296247   -0.296247   -0.296246   -0.296245   -0.296244   -0.296243   -0.296242   -0.296241   -0.296240   -0.296239   -0.265126   -0.265125   -0.265124   -0.265122   -0.265121   -0.265120   -0.265119   -0.221866   -0.221775   -0.221683   -0.221592   -0.221134   -0.220679   -0.220000   -0.219475   -0.215770   -0.211650   -0.207676   -0.203841   -0.191579   -0.187577   -0.183732   -0.180029   -0.176465   -0.162112   -0.158519   -0.156971
   -0.296222   -0.296221   -0.296221   -0.296219   -0.296218   -0.296217   -0.296216   -0.296215   -0.296214   -0.296213   -0.265097   -0.265096   -0.265094   -0.265093   -0.265092   -0.265091   -0.265090   -0.221831   -0.221740   -0.221648   -0.221556   -0.221099   -0.220643   -0.219963   -0.219438   -0.215732   -0.211610   -0.207635   -0.203798   -0.191533   -0.187529   -0.183683   -0.179979   -0.176413   -0.162054   -0.158458   -0.156909
   -0.296195   -0.296195   -0.296194   -0.296193   -0.296192   -0.296191   -0.296190   -0.296189   -0.296188   -0.296187   -0.265067   -0.265066   -0.265065   -0.265063   -0.265062   -0.265061   -0.265060   -0.221796   -0.221704   -0.221612   -0.221520   -0.221063   -0.220606   -0.219926   -0.219400   -0.215693   -0.211570   -0.207593   -0.203755   -0.191487   -0.187481   -0.183633   -0.179927   -0.176359   -0.161994   -0.158397   -0.156846
   -0.296168   -0.296168   -0.296167   -0.296166   -0.296165   -0.296164   -0.296163   -0.296162   -0.296161   -0.296160   -0.265037   -0.265035   -0.265034   -0.265033   -0.265032   -0.265031   -0.265029   -0.221759   -0.221668   -0.221576   -0.221484   -0.221026   -0.220569   -0.219888   -0.219361   -0.215653   -0.211528   -0.207550   -0.203711   -0.191439   -0.187432   -0.183582   -0.179874   -0.176304   -0.161934   -0.158334   -0.156781
   -0.296141   -0.296140   -0.296140   -0.296139   -0.296137   -0.296136   -0.296135   -0.296134   -0.296133   -0.296132   -0.265006   -0.265005   -0.265003   -0.265002   -0.265001   -0.265000   -0.264998   -0.221722   -0.221631   -0.221539   -0.221447   -0.220988   -0.220531   -0.219849   -0.219322   -0.215613   -0.211487   -0.207507   -0.203666   -0.191391   -0.187382   -0.183530   -0.179820   -0.176249   -0.161872   -0.158270   -0.156716
   -0.296113   -0.296112   -0.296112   -0.296111   -0.296109   -0.296108   -0.296107   -0.296106   -0.296105   -0.296104   -0.264974   -0.264973   -0.264972   -0.264971   -0.264969   -0.264968   -0.264967   -0.221685   -0.221593   -0.221501   -0.221409   -0.220950   -0.220493   -0.219810   -0.219282   -0.215572   -0.211444   -0.207463   -0.203621   -0.191342   -0.187331   -0.183477   -0.179765   -0.176192   -0.161810   -0.158205   -0.156649
   -0.296084   -0.296084   -0.296083   -0.296082   -0.296081   -0.296080   -0.296079   -0.296077   -0.296076   -0.296075   -0.264942   -0.264941   -0.264940   -0.264939   -0.264937   -0.264936   -0.264935   -0.221646   -0.221554   -0.221462   -0.221370   -0.220911   -0.220453   -0.219770   -0.219241   -0.215530   -0.211401   -0.207418   -0.203574   -0.191292   -0.187279   -0.183423   -0.179710   -0.176134   -0.161746   -0.158139   -0.156581
   -0.296055   -0.296055   -0.296054   -0.296053   -0.296052   -0.296051   -0.296049   -0.296048   -0.296047   -0.296046   -0.264910   -0.264909   -0.264907   -0.264906   -0.264905   -0.264903   -0.264902   -0.221607   -0.221515   -0.221423   -0.221331   -0.220871   -0.220413   -0.219729   -0.219200   -0.215487   -0.211356   -0.207372   -0.203527   -0.191240   -0.187226   -0.183368   -0.179653   -0.176075   -0.161681   -0.158071   -0.156512
   -0.296026   -0.296025   -0.296025   -0.296023   -0.296022   -0.296021   -0.296020   -0.296019   -0.296017   -0.296016   -0.264877   -0.264875   -0.264874   -0.264873   -0.264871   -0.264870   -0.264869   -0.221567   -0.221475   -0.221383   -0.221291   -0.220831   -0.220372   -0.219688   -0.219158   -0.215443   -0.211311   -0.207326   -0.203479   -0.191188   -0.187172   -0.183312   -0.179595   -0.176015   -0.161615   -0.158002   -0.156441
   -0.295995   -0.295995   -0.295994   -0.295993   -0.295992   -0.295991   -0.295989   -0.295988   -0.295987   -0.295986   -0.264843   -0.264841   -0.264840   -0.264839   -0.264837   -0.264836   -0.264835   -0.221526   -0.221434   -0.221342   -0.221250   -0.220789   -0.220331   -0.219645   -0.219114   -0.215399   -0.211265   -0.207278   -0.203429   -0.191135   -0.187116   -0.183255   -0.179536   -0.175954   -0.161547   -0.157932   -0.156369
   -0.295965   -0.295964   -0.295963   -0.295962   -0.295961   -0.295960   -0.295958   -0.295957   -0.295956   -0.295955   -0.264808   -0.264807   -0.264805   -0.264804   -0.264802   -0.264801   -0.264800   -0.221485   -0.221392   -0.221300   -0.221208   -0.220747   -0.220288   -0.219602   -0.219070   -0.215353   -0.211218   -0.207229   -0.203379   -0.191081   -0.187060   -0.183197   -0.179475   -0.175891   -0.161478   -0.157861   -0.156296
   -0.295933   -0.295933   -0.295932   -0.295931   -0.295929   -0.295928   -0.295927   -0.295926   -0.295924   -0.295923   -0.264772   -0.264771   -0.264770   -0.264768   -0.264767   -0.264765   -0.264764   -0.221442   -0.221350   -0.221257   -0.221165   -0.220704   -0.220244   -0.219558   -0.219025   -0.215307   -0.211170   -0.207180   -0.203328   -0.191025   -0.187003   -0.183137   -0.179414   -0.175828   -0.161407   -0.157787   -0.156221
   -0.295901   -0.295900   -0.295899   -0.295898   -0.295897   -0.295896   -0.295894   -0.295893   -0.295892   -0.295891   -0.264736   -0.264735   -0.264733   -0.264732   -0.264730   -0.264729   -0.264728   -0.221398   -0.221306   -0.221213   -0.221121   -0.220660   -0.220200   -0.219512   -0.218979   -0.215259   -0.211121   -0.207129   -0.203275   -0.190969   -0.186944   -0.183077   -0.179351   -0.175762   -0.161335   -0.157713   -0.156145
   -0.295867   -0.295867   -0.295866   -0.295865   -0.295864   -0.295862   -0.295861   -0.295860   -0.295858   -0.295857   -0.264699   -0.264697   -0.264696   -0.264694   -0.264693   -0.264691   -0.264690   -0.221354   -0.221261   -0.221168   -0.221076   -0.220614   -0.220154   -0.219465   -0.218932   -0.215210   -0.211070   -0.207077   -0.203221   -0.190910   -0.186884   -0.183014   -0.179286   -0.175696   -0.161261   -0.157636   -0.156066
   -0.295833   -0.295833   -0.295832   -0.295831   -0.295829   -0.295828   -0.295827   -0.295825   -0.295824   -0.295823   -0.264660   -0.264659   -0.264657   -0.264656   -0.264654   -0.264653   -0.264651   -0.221307   -0.221215   -0.221122   -0.221029   -0.220567   -0.220107   -0.219417   -0.218883   -0.215160   -0.211018   -0.207023   -0.203166   -0.190850   -0.186822   -0.182950   -0.179220   -0.175627   -0.161186   -0.157557   -0.155986
   -0.295798   -0.295797   -0.295797   -0.295795   -0.295794   -0.295793   -0.295791   -0.295790   -0.295789   -0.295787   -0.264621   -0.264619   -0.264618   -0.264616   -0.264615   -0.264613   -0.264612   -0.221260   -0.221167   -0.221074   -0.220982   -0.220519   -0.220058   -0.219368   -0.218833   -0.215108   -0.210964   -0.206967   -0.203109   -0.190789   -0.186758   -0.182884   -0.179151   -0.175556   -0.161107   -0.157476   -0.155903
   -0.295762   -0.295761   -0.295760   -0.295759   -0.295758   -0.295756   -0.295755   -0.295754   -0.295752   -0.295751   -0.264580   -0.264578   -0.264577   -0.264575   -0.264574   -0.264572   -0.264571   -0.221211   -0.221118   -0.221025   -0.220933   -0.220469   -0.220008   -0.219317   -0.218781   -0.215055   -0.210909   -0.206911   -0.203050   -0.190725   -0.186692   -0.182816   -0.179081   -0.175483   -0.161027   -0.157393   -0.155817
   -0.295724   -0.295724   -0.295723   -0.295722   -0.295720   -0.295719   -0.295717   -0.295716   -0.295715   -0.295713   -0.264538   -0.264536   -0.264535   -0.264533   -0.264532   -0.264530   -0.264529   -0.221161   -0.221068   -0.220975   -0.220882   -0.220418   -0.219956   -0.219265   -0.218728   -0.215000   -0.210853   -0.206852   -0.202989   -0.190660   -0.186625   -0.182746   -0.179009   -0.175408   -0.160944   -0.157307   -0.155730
   -0.295686   -0.295685   -0.295685   -0.295683   -0.295682   -0.295680   -0.295679   -0.295677   -0.295676   -0.295675   -0.264495   -0.264493   -0.264492   -0.264490   -0.264488   -0.264487   -0.264485   -0.221109   -0.221016   -0.220923   -0.220830   -0.220366   -0.219903   -0.219211   -0.218673   -0.214943   -0.210794   -0.206792   -0.202927   -0.190593   -0.186555   -0.182674   -0.178934   -0.175332   -0.160859   -0.157219   -0.155639
   -0.295646   -0.295646   -0.295645   -0.295643   -0.295642   -0.295640   -0.295639   -0.295637   -0.295636   -0.295635   -0.264450   -0.264448   -0.264447   -0.264445   -0.264443   -0.264442   -0.264440   -0.221055   -0.220962   -0.220869   -0.220776   -0.220311   -0.219848   -0.219155   -0.218616   -0.214885   -0.210734   -0.206730   -0.202863   -0.190524   -0.186483   -0.182600   -0.178857   -0.175252   -0.160772   -0.157128   -0.155547
   -0.295605   -0.295604   -0.295603   -0.295602   -0.295600   -0.295599   -0.295597   -0.295596   -0.295594   -0.295593   -0.264403   -0.264402   -0.264400   -0.264398   -0.264397   -0.264395   -0.264394   -0.220999   -0.220906   -0.220813   -0.220720   -0.220255   -0.219791   -0.219097   -0.218557   -0.214824   -0.210672   -0.206665   -0.202796   -0.190452   -0.186409   -0.182523   -0.178778   -0.175170   -0.160681   -0.157035   -0.155451
   -0.295561   -0.295561   -0.295560   -0.295558   -0.295557   -0.295555   -0.295554   -0.295552   -0.295551   -0.295549   -0.264355   -0.264353   -0.264351   -0.264350   -0.264348   -0.264346   -0.264345   -0.220941   -0.220847   -0.220754   -0.220661   -0.220195   -0.219732   -0.219036   -0.218496   -0.214761   -0.210606   -0.206598   -0.202727   -0.190377   -0.186332   -0.182443   -0.178695   -0.175085   -0.160587   -0.156937   -0.155351
   -0.295516   -0.295515   -0.295514   -0.295513   -0.295511   -0.295510   -0.295508   -0.295507   -0.295505   -0.295504   -0.264304   -0.264302   -0.264300   -0.264298   -0.264297   -0.264295   -0.264293   -0.220879   -0.220786   -0.220692   -0.220599   -0.220133   -0.219669   -0.218973   -0.218432   -0.214695   -0.210538   -0.206527   -0.202654   -0.190299   -0.186251   -0.182359   -0.178609   -0.174996   -0.160489   -0.156835   -0.155247
   -0.295468   -0.295467   -0.295466   -0.295465   -0.295463   -0.295461   -0.295460   -0.295458   -0.295457   -0.295455   -0.264249   -0.264248   -0.264246   -0.264244   -0.264242   -0.264241   -0.264239   -0.220814   -0.220721   -0.220627   -0.220534   -0.220067   -0.219603   -0.218906   -0.218363   -0.214625   -0.210465   -0.206452   -0.202577   -0.190216   -0.186165   -0.182271   -0.178518   -0.174902   -0.160386   -0.156729   -0.155138
   -0.295416   -0.295415   -0.295414   -0.295413   -0.295411   -0.295409   -0.295408   -0.295406   -0.295405   -0.295403   -0.264191   -0.264189   -0.264188   -0.264186   -0.264184   -0.264182   -0.264181   -0.220744   -0.220651   -0.220557   -0.220464   -0.219997   -0.219531   -0.218834   -0.218290   -0.214550   -0.210388   -0.206373   -0.202496   -0.190128   -0.186075   -0.182178   -0.178422   -0.174803   -0.160277   -0.156616   -0.155024
   -0.295359   -0.295358   -0.295357   -0.295356   -0.295354   -0.295353   -0.295351   -0.295349   -0.295348   -0.295346   -0.264127   -0.264126   -0.264124   -0.264122   -0.264120   -0.264118   -0.264117   -0.220668   -0.220574   -0.220480   -0.220387   -0.219920   -0.219454   -0.218755   -0.218211   -0.214469   -0.210305   -0.206287   -0.202408   -0.190034   -0.185978   -0.182078   -0.178319   -0.174697   -0.160160   -0.156496   -0.154902
   -0.295294   -0.295294   -0.295293   -0.295291   -0.295290   -0.295288   -0.295286   -0.295285   -0.295283   -0.295281   -0.264055   -0.264053   -0.264051   -0.264050   -0.264048   -0.264046   -0.264044   -0.220581   -0.220487   -0.220394   -0.220300   -0.219832   -0.219366   -0.218667   -0.218123   -0.214378   -0.210212   -0.206192   -0.202310   -0.189930   -0.185871   -0.181968   -0.178207   -0.174582   -0.160034   -0.156367   -0.154770
   -0.295214   -0.295213   -0.295212   -0.295210   -0.295209   -0.295207   -0.295206   -0.295204   -0.295202   -0.295201   -0.263965   -0.263963   -0.263961   -0.263959   -0.263958   -0.263956   -0.263954   -0.220473   -0.220380   -0.220286   -0.220192   -0.219725   -0.219259   -0.218560   -0.218016   -0.214270   -0.210103   -0.206081   -0.202197   -0.189810   -0.185748   -0.181844   -0.178079   -0.174452   -0.159893   -0.156222   -0.154624
 -999.000000 -999.000000 -999.000000 -999.000000 -999.000000 -999.000000 -999.000000 -999.000000 -999.000000 -999.000000 -999.000000 -999.000000 -999.000000 -999.000000 -999.000000 -999.000000 -999.000000 -999.000000 -999.000000 -999.000000 -999.000000 -999.000000 -999.000000 -999.000000 -999.000000   -0.214100   -0.209943   -0.205926   -0.202045   -0.189653   -0.185592   -0.181688   -0.177923   -0.174295   -0.159725   -0.156053   -0.154455
 -999.000000 -999.000000 -999.000000 -999.000000 -999.000000 -999.000000 -999.000000 -999.000000 -999.000000 -999.000000 -999.000000 -999.000000 -999.000000 -999.000000 -999.000000 -999.000000 -999.000000 -999.000000 -999.000000 -999.000000 -999.000000 -999.000000 -999.000000 -999.000000 -999.000000 -999.000000 -999.000000 -999.000000 -999.000000 -999.000000 -999.000000 -999.000000 -999.000000 -999.000000   -0.159447   -0.155808   -0.154226
#
# iasp91 travel-time table for SKKPbc
#
