#
# iasp91 travel-time table for PS
#
# number of distance and depth samples
56 37
# delta samples
83.000 84.000 85.000 86.000 87.000 88.000 89.000 90.000 91.000 92.000 93.000 94.000 95.000 96.000 97.000 98.000 99.000 100.000 101.000 102.000 103.000 104.000 105.000 106.000 107.000 
108.000 109.000 110.000 111.000 112.000 113.000 114.000 115.000 116.000 117.000 118.000 119.000 120.000 121.000 122.000 123.000 124.000 125.000 126.000 127.000 128.000 129.000 130.000 131.000 132.000 
133.000 134.000 135.000 136.000 137.000 138.000 
# depth samples
    0.000000    1.000000    2.500000    5.000000    7.500000   10.000000   12.500000   15.000000   17.500000   19.900000   20.000000   22.500000   25.000000   27.500000   30.000000   32.500000   34.900000   35.000000   40.000000   45.000000   50.000000   75.000000  100.000000  150.000000  200.000000  250.000000  300.000000  350.000000  400.000000  450.000000  500.000000  550.000000  600.000000  650.000000  700.000000  750.000000  800.000000
#
# travel times (rows - delta, columns - depth)
#
 -999.000000 -999.000000 -999.000000 -999.000000 -999.000000 -999.000000 -999.000000 -999.000000 -999.000000 -999.000000 -999.000000 -999.000000 -999.000000 -999.000000 -999.000000 -999.000000 -999.000000 -999.000000 -999.000000 -999.000000 -999.000000 -999.000000 -999.000000 -999.000000 -999.000000 -999.000000 -999.000000 -999.000000 1398.230347 -999.000000 -999.000000 -999.000000 -999.000000 -999.000000 -999.000000 -999.000000 -999.000000
 -999.000000 -999.000000 -999.000000 -999.000000 -999.000000 -999.000000 -999.000000 -999.000000 -999.000000 -999.000000 -999.000000 -999.000000 -999.000000 -999.000000 -999.000000 -999.000000 -999.000000 -999.000000 -999.000000 -999.000000 -999.000000 -999.000000 -999.000000 -999.000000 -999.000000 -999.000000 -999.000000 1411.170044 1409.341187 -999.000000 -999.000000 -999.000000 -999.000000 -999.000000 -999.000000 -999.000000 -999.000000
 -999.000000 -999.000000 -999.000000 -999.000000 -999.000000 -999.000000 -999.000000 -999.000000 -999.000000 -999.000000 -999.000000 -999.000000 -999.000000 -999.000000 -999.000000 -999.000000 -999.000000 -999.000000 -999.000000 -999.000000 -999.000000 -999.000000 -999.000000 -999.000000 -999.000000 -999.000000 1424.550903 1422.283569 1420.440674 -999.000000 -999.000000 -999.000000 -999.000000 -999.000000 -999.000000 -999.000000 -999.000000
 -999.000000 -999.000000 -999.000000 -999.000000 -999.000000 -999.000000 -999.000000 -999.000000 -999.000000 -999.000000 -999.000000 -999.000000 -999.000000 -999.000000 -999.000000 -999.000000 -999.000000 -999.000000 -999.000000 -999.000000 -999.000000 -999.000000 -999.000000 -999.000000 -999.000000 1438.313843 1435.664795 1433.388184 1431.522095 -999.000000 -999.000000 -999.000000 -999.000000 -999.000000 -999.000000 -999.000000 -999.000000
 -999.000000 -999.000000 -999.000000 -999.000000 -999.000000 -999.000000 -999.000000 -999.000000 -999.000000 -999.000000 -999.000000 -999.000000 -999.000000 -999.000000 -999.000000 -999.000000 -999.000000 -999.000000 -999.000000 -999.000000 -999.000000 -999.000000 -999.000000 -999.000000 1452.422607 1449.427368 1446.770752 1444.477051 1442.579590 -999.000000 -999.000000 -999.000000 -999.000000 -999.000000 -999.000000 -999.000000 -999.000000
 -999.000000 -999.000000 -999.000000 -999.000000 -999.000000 -999.000000 -999.000000 -999.000000 -999.000000 -999.000000 -999.000000 -999.000000 -999.000000 -999.000000 -999.000000 -999.000000 -999.000000 -999.000000 -999.000000 -999.000000 -999.000000 -999.000000 -999.000000 1466.815186 1463.535156 1460.532349 1457.861206 1455.543335 1453.607666 1452.869507 -999.000000 -999.000000 -999.000000 -999.000000 -999.000000 -999.000000 -999.000000
 -999.000000 -999.000000 -999.000000 -999.000000 -999.000000 -999.000000 -999.000000 -999.000000 -999.000000 -999.000000 -999.000000 -999.000000 -999.000000 -999.000000 1486.735352 1486.444092 1486.164551 1486.152954 1485.786865 1485.421509 1485.056763 1483.242432 1481.443481 1477.925659 1474.637451 1471.621216 1468.929443 1466.581055 1464.601929 1463.734619 -999.000000 -999.000000 -999.000000 -999.000000 -999.000000 -999.000000 -999.000000
 1501.823364 1501.682861 1501.472168 1501.120972 1500.769897 1500.418945 1500.067993 1499.717163 1499.366333 1499.029663 1499.015625 1498.723877 1498.432251 1498.140747 1497.849243 1497.557861 1497.278198 1497.266602 1496.900269 1496.534546 1496.169434 1494.352783 1492.550781 1489.023926 1485.722290 1482.687134 1479.968994 1477.585205 1475.558105 1474.571899 -999.000000 -999.000000 -999.000000 -999.000000 -999.000000 -999.000000 -999.000000
 1512.931274 1512.790771 1512.579956 1512.228638 1511.877319 1511.526123 1511.175049 1510.823975 1510.473022 1510.136108 1510.122192 1509.830200 1509.538330 1509.246582 1508.954834 1508.663208 1508.383301 1508.371704 1508.004639 1507.638062 1507.272095 1505.450684 1503.643066 1500.102539 1496.782471 1493.723389 1490.974487 1488.551025 1486.472656 1485.375000 1484.957153 -999.000000 -999.000000 -999.000000 -999.000000 -999.000000 -999.000000
 1524.024780 1523.884155 1523.673096 1523.321533 1522.969971 1522.618530 1522.267090 1521.915771 1521.564453 1521.227295 1521.213257 1520.920898 1520.628662 1520.336548 1520.044434 1519.752441 1519.472168 1519.460571 1519.092163 1518.724487 1518.357178 1516.528687 1514.713257 1511.154297 1507.811646 1504.724609 1501.941040 1499.474487 1497.342529 1496.139526 1495.552979 -999.000000 -999.000000 -999.000000 -999.000000 -999.000000 -999.000000
 1535.096436 1534.955566 1534.744385 1534.392334 1534.040405 1533.688599 1533.336670 1532.984985 1532.633301 1532.295654 1532.281616 1531.988770 1531.696045 1531.403320 1531.110718 1530.818237 1530.537476 1530.525757 1530.155762 1529.786255 1529.417236 1527.579590 1525.754395 1522.173218 1518.804321 1515.685791 1512.864380 1510.352173 1508.164795 1506.861450 1506.126221 -999.000000 -999.000000 -999.000000 -999.000000 -999.000000 -999.000000
 1546.139160 1545.998169 1545.786621 1545.434082 1545.081543 1544.729248 1544.376831 1544.024536 1543.672363 1543.334229 1543.320190 1543.026733 1542.733276 1542.440063 1542.146729 1541.853638 1541.572144 1541.560547 1541.188477 1540.816895 1540.445679 1538.597168 1536.760254 1533.153687 1529.755249 1526.602539 1523.740845 1521.181030 1518.937012 1517.537720 1516.668213 1516.303223 -999.000000 -999.000000 -999.000000 -999.000000 -999.000000
 1557.146606 1557.005371 1556.793457 1556.440308 1556.087280 1555.734253 1555.381348 1555.028442 1554.675537 1554.336914 1554.322876 1554.028564 1553.734497 1553.440430 1553.146362 1552.852539 1552.570435 1552.558716 1552.184204 1551.810181 1551.436646 1549.575562 1547.725586 1544.090698 1540.660278 1537.471069 1534.567261 1531.958496 1529.657227 1528.165649 1527.172363 1526.631592 -999.000000 -999.000000 -999.000000 -999.000000 -999.000000
 1568.113403 1567.971802 1567.759521 1567.405640 1567.051880 1566.698242 1566.344604 1565.990967 1565.637451 1565.298096 1565.284058 1564.989014 1564.693970 1564.399048 1564.104248 1563.809448 1563.526611 1563.514893 1563.137695 1562.760986 1562.384766 1560.509888 1558.645508 1554.980225 1551.515747 1548.288330 1545.340820 1542.682129 1540.323242 1538.742920 1537.634277 1536.938599 -999.000000 -999.000000 -999.000000 -999.000000 -999.000000
 1579.034302 1578.892456 1578.679688 1578.325195 1577.970703 1577.616211 1577.261841 1576.907471 1576.553223 1576.213135 1576.198975 1575.903076 1575.607178 1575.311279 1575.015625 1574.719849 1574.436035 1574.424316 1574.044312 1573.664673 1573.285522 1571.395752 1569.515991 1565.818481 1562.318481 1559.051392 1556.059326 1553.350098 1550.933716 1549.267334 1548.049805 1547.214478 1546.851440 -999.000000 -999.000000 -999.000000 -999.000000
 1589.905518 1589.763306 1589.550049 1589.194702 1588.839355 1588.484131 1588.128906 1587.773804 1587.418701 1587.077881 1587.063599 1586.766724 1586.469849 1586.173096 1585.876343 1585.579712 1585.294922 1585.283081 1584.900024 1584.517334 1584.135132 1582.229614 1580.333740 1576.602417 1573.065674 1569.758057 1566.720703 1563.960815 1561.486816 1559.737061 1558.416138 1557.453003 1556.916626 -999.000000 -999.000000 -999.000000 -999.000000
 1600.723145 1600.580566 1600.366821 1600.010620 1599.654419 1599.298340 1598.942261 1598.586304 1598.230347 1597.888672 1597.874512 1597.576538 1597.278564 1596.980835 1596.682983 1596.385376 1596.099609 1596.087769 1595.701416 1595.315552 1594.930054 1593.008057 1591.095581 1587.329468 1583.755005 1580.406372 1577.323364 1574.512451 1571.981201 1570.150391 1568.730713 1567.649658 1566.961060 1566.657715 -999.000000 -999.000000 -999.000000
 1611.484131 1611.341187 1611.126953 1610.769775 1610.412720 1610.055786 1609.698853 1609.341919 1608.985107 1608.642578 1608.628296 1608.329346 1608.030396 1607.731445 1607.432617 1607.133789 1606.847046 1606.835205 1606.445557 1606.056396 1605.667480 1603.728760 1601.798950 1597.997437 1594.384766 1590.994507 1587.865601 1585.003662 1582.415283 1580.505615 1578.991821 1577.801025 1576.975342 1575.894409 -999.000000 -999.000000 -999.000000
 1622.185913 1622.042725 1621.827881 1621.469849 1621.111938 1620.754028 1620.396118 1620.038330 1619.680542 1619.337158 1619.322876 1619.022705 1618.722656 1618.422729 1618.122803 1617.822876 1617.535034 1617.523071 1617.130127 1616.737549 1616.345337 1614.389282 1612.442139 1608.604492 1604.953125 1601.520874 1598.345947 1595.432983 1592.787842 1590.801758 1589.198242 1587.904419 1586.952393 1585.126587 -999.000000 -999.000000 -999.000000
 1632.826660 1632.682983 1632.467651 1632.108643 1631.749756 1631.390991 1631.032104 1630.673340 1630.314697 1629.970337 1629.956055 1629.654785 1629.353638 1629.052490 1628.751465 1628.450439 1628.161499 1628.149536 1627.753052 1627.357056 1626.961304 1624.987915 1623.022949 1619.148804 1615.458496 1611.984009 1608.762817 1605.798950 1603.097778 1601.037842 1599.348633 1597.957275 1596.204468 1594.350342 -999.000000 -999.000000 -999.000000
 1643.404175 1643.260132 1643.044189 1642.684326 1642.324463 1641.964600 1641.604858 1641.245239 1640.885498 1640.540283 1640.525879 1640.223511 1639.921265 1639.619019 1639.316772 1639.014648 1638.724609 1638.712524 1638.312622 1637.913086 1637.513794 1635.522705 1633.539795 1629.628906 1625.899170 1622.382324 1619.114868 1616.100708 1613.344482 1611.213257 1609.442017 1607.583740 1605.430542 1603.561890 -999.000000 -999.000000 -999.000000
 1653.916748 1653.772461 1653.555908 1653.195068 1652.834229 1652.473389 1652.112671 1651.751953 1651.391357 1651.045166 1651.030762 1650.727295 1650.423706 1650.120361 1649.816895 1649.513672 1649.222534 1649.210449 1648.807007 1648.403809 1648.001099 1645.992065 1643.991089 1640.043091 1636.273926 1632.714722 1629.401489 1626.337769 1623.527588 1621.327637 1619.234253 1616.810303 1614.645264 1612.757812 1612.171509 -999.000000 -999.000000
 1664.362915 1664.218140 1664.000977 1663.639160 1663.277344 1662.915649 1662.553833 1662.192261 1661.830566 1661.483398 1661.468994 1661.164307 1660.859619 1660.555054 1660.250488 1659.945923 1659.653687 1659.641602 1659.234497 1658.827881 1658.421509 1656.394531 1654.375366 1650.390137 1646.581543 1642.980469 1639.622192 1636.509888 1633.646973 1631.135376 1628.459961 1626.025513 1623.844849 1621.934814 1621.249268 -999.000000 -999.000000
 1674.740967 1674.595825 1674.378174 1674.015259 1673.652466 1673.289673 1672.927002 1672.564331 1672.201660 1671.853638 1671.839111 1671.533203 1671.227417 1670.921509 1670.615845 1670.310059 1670.016724 1670.004517 1669.593994 1669.183716 1668.773804 1666.728760 1664.691406 1660.669189 1656.821655 1653.179443 1649.776855 1646.616699 1643.339844 1640.359253 1637.673950 1635.225708 1633.025879 1631.090088 1630.313110 -999.000000 -999.000000
 1685.049927 1684.904297 1684.686035 1684.322144 1683.958374 1683.594604 1683.230835 1682.867188 1682.503540 1682.154541 1682.140015 1681.832886 1681.525879 1681.218872 1680.911987 1680.605103 1680.310425 1680.298218 1679.884155 1679.470337 1679.056885 1676.994019 1674.938843 1670.880005 1666.994141 1663.311279 1659.757324 1656.046021 1652.560547 1649.570557 1646.872437 1644.407227 1642.185303 1640.220581 1639.356689 1639.055908 -999.000000
 1695.289185 1695.143311 1694.924316 1694.559448 1694.194702 1693.829956 1693.465210 1693.100586 1692.735962 1692.385986 1692.371338 1692.063110 1691.754883 1691.446777 1691.138550 1690.830566 1690.534790 1690.522583 1690.104980 1689.687622 1689.270630 1687.190308 1685.117310 1681.022461 1677.082153 1672.920532 1668.979980 1665.261719 1661.767700 1658.765625 1656.051880 1653.566772 1651.319946 1649.323730 1648.375366 1647.944702 -999.000000
 1705.458862 1705.312500 1705.092896 1704.727173 1704.361328 1703.995605 1703.629883 1703.264282 1702.898682 1702.547729 1702.533081 1702.223633 1701.914307 1701.604980 1701.295654 1700.986450 1700.689575 1700.677246 1700.256226 1699.835449 1699.415039 1697.317261 1695.182861 1690.661987 1686.304688 1682.137329 1678.189453 1674.462402 1670.957275 1667.940674 1665.208740 1662.701294 1660.427002 1658.396606 1657.365234 1656.820801 -999.000000
 1715.335205 1715.183960 1714.957275 1714.579468 1714.201782 1713.823975 1713.446411 1713.068726 1712.691162 1712.328735 1712.313599 1711.990112 1711.666626 1711.343262 1711.019897 1710.696655 1710.386353 1710.373535 1709.912231 1709.451294 1708.990723 1706.693115 1704.404175 1699.877930 1695.514160 1691.339111 1687.382080 1683.643921 1680.125977 1677.092407 1674.339844 1671.807739 1669.503418 1667.436279 1666.323486 1665.680664 1665.433472
 1724.553101 1724.401855 1724.175049 1723.797119 1723.419189 1723.041260 1722.663452 1722.285645 1721.907959 1721.545288 1721.530273 1721.206543 1720.882935 1720.559326 1720.235840 1719.912354 1719.601807 1719.588989 1719.127075 1718.665649 1718.204590 1715.903931 1713.611694 1709.078491 1704.706543 1700.521973 1696.553955 1692.802979 1689.270142 1686.217529 1683.442261 1680.882935 1678.546265 1676.440186 1675.249390 1674.521851 1674.168579
 1733.756104 1733.604858 1733.377930 1732.999756 1732.621704 1732.243530 1731.865479 1731.487549 1731.109619 1730.746704 1730.731689 1730.407715 1730.083862 1729.760010 1729.436279 1729.112549 1728.801758 1728.788818 1728.326294 1727.864136 1727.402344 1725.097900 1722.801758 1718.259888 1713.878174 1709.682495 1705.701660 1701.936157 1698.386475 1695.312988 1692.512451 1689.923828 1687.552490 1685.405518 1684.145142 1683.342773 1682.895874
 1742.940552 1742.789185 1742.562134 1742.183716 1741.805298 1741.427002 1741.048706 1740.670410 1740.292236 1739.929199 1739.914062 1739.589844 1739.265625 1738.941528 1738.617432 1738.293335 1737.982300 1737.969360 1737.505981 1737.042969 1736.580200 1734.271362 1731.970459 1727.418457 1723.025391 1718.817139 1714.821899 1711.040161 1707.471924 1704.375244 1701.547607 1698.927368 1696.519409 1694.332031 1693.012451 1692.142212 1691.612183
 1752.102661 1751.951050 1751.723877 1751.345093 1750.966431 1750.587769 1750.209229 1749.830688 1749.452148 1749.088745 1749.073730 1748.749023 1748.424561 1748.100098 1747.775635 1747.451172 1747.139771 1747.126953 1746.662476 1746.198486 1745.734741 1743.420532 1741.114258 1736.550659 1732.145020 1727.922485 1723.911255 1720.111450 1716.522827 1713.401123 1710.544189 1707.890625 1705.446533 1703.223755 1701.852173 1700.920044 1700.315308
 1761.238647 1761.087036 1760.859497 1760.480469 1760.101440 1759.722534 1759.343506 1758.964600 1758.585815 1758.222168 1758.207031 1757.881958 1757.557007 1757.232178 1756.907349 1756.582520 1756.270752 1756.257812 1755.792236 1755.327026 1754.862183 1752.542114 1750.229614 1745.653198 1741.233276 1736.994995 1732.966309 1729.146729 1725.536011 1722.387329 1719.499634 1716.813721 1714.338257 1712.083984 1710.665405 1709.676147 1709.003418
 1770.345215 1770.193481 1769.965698 1769.586304 1769.206909 1768.827515 1768.448242 1768.068970 1767.689697 1767.325684 1767.310547 1766.985107 1766.659668 1766.334351 1766.009033 1765.683716 1765.371582 1765.358643 1764.891724 1764.425293 1763.959106 1761.632446 1759.313232 1754.722412 1750.286865 1746.031372 1741.983398 1738.142700 1734.508301 1731.331543 1728.415161 1725.701294 1723.197754 1720.914673 1719.452637 1718.410645 1717.675171
 1779.418701 1779.266724 1779.038818 1778.658936 1778.279175 1777.899292 1777.519531 1777.139893 1776.760254 1776.395752 1776.380615 1776.054688 1775.728760 1775.402832 1775.077026 1774.751343 1774.438599 1774.425659 1773.957397 1773.489502 1773.021851 1770.687988 1768.361206 1763.754761 1759.302124 1755.027954 1750.959473 1747.096069 1743.438354 1740.236938 1737.295654 1734.556763 1732.027466 1729.717529 1728.214722 1727.123535 1726.328979
 1788.455444 1788.303345 1788.075073 1787.694824 1787.314453 1786.934204 1786.554077 1786.173828 1785.793701 1785.428833 1785.413574 1785.087158 1784.760620 1784.434326 1784.107910 1783.781616 1783.468384 1783.455444 1782.985596 1782.516113 1782.046997 1779.705078 1777.370239 1772.746826 1768.275635 1763.981689 1759.892700 1756.009033 1752.331177 1749.107910 1746.144165 1743.382080 1740.828735 1738.493408 1736.952271 1735.814941 1734.963013
 1797.451904 1797.299561 1797.071045 1796.690186 1796.309448 1795.928711 1795.547974 1795.167236 1794.786621 1794.421265 1794.406006 1794.078857 1793.751831 1793.424927 1793.097900 1792.770996 1792.457153 1792.444214 1791.972778 1791.501587 1791.030762 1788.680298 1786.336670 1781.695312 1777.206177 1772.894409 1768.787842 1764.886353 1761.190430 1757.947266 1754.962769 1752.179077 1749.602905 1747.243286 1745.665771 1744.484863 1743.575562
 1806.404663 1806.252197 1806.023315 1805.641968 1805.260620 1804.879395 1804.498169 1804.116943 1803.735718 1803.369873 1803.354614 1803.026978 1802.699341 1802.371704 1802.044067 1801.716553 1801.402222 1801.389160 1800.916016 1800.443237 1799.970703 1797.612061 1795.260376 1790.603394 1786.098755 1781.771484 1777.648926 1773.731445 1770.018799 1766.757202 1763.753052 1760.948730 1758.350830 1755.967896 1754.355835 1753.132202 1752.164917
 1815.316040 1815.163330 1814.934204 1814.552490 1814.170654 1813.788940 1813.407227 1813.025635 1812.643921 1812.277588 1812.262451 1811.934204 1811.605957 1811.277832 1810.949829 1810.621704 1810.306885 1810.293823 1809.819214 1809.344971 1808.870972 1806.505249 1804.146606 1799.475830 1794.957275 1790.615845 1786.478882 1782.546265 1778.818115 1775.538940 1772.516113 1769.692139 1767.073242 1764.667725 1763.022461 1761.755249 1760.729614
 1824.191284 1824.038452 1823.809082 1823.426880 1823.044678 1822.662598 1822.280518 1821.898438 1821.516357 1821.149658 1821.134399 1820.805664 1820.477051 1820.148438 1819.819946 1819.491455 1819.176147 1819.163086 1818.687134 1818.211670 1817.736328 1815.364380 1812.999390 1808.315918 1803.784546 1799.429932 1795.279297 1791.332520 1787.589478 1784.293579 1781.252686 1778.409790 1775.770630 1773.343506 1771.664795 1770.352173 1769.268433
 1833.033691 1832.880737 1832.651123 1832.268555 1831.885986 1831.503540 1831.121094 1830.738647 1830.356201 1829.989136 1829.973877 1829.644775 1829.315674 1828.986694 1828.657715 1828.328735 1828.013062 1827.999878 1827.522949 1827.046143 1826.569702 1824.191772 1821.820923 1817.125854 1812.582397 1808.215332 1804.051636 1800.091187 1796.333984 1793.021851 1789.963745 1787.102417 1784.443604 1781.994507 1780.280884 1778.921021 1777.780762
 1841.845581 1841.692383 1841.462646 1841.079712 1840.696899 1840.313965 1839.931152 1839.548340 1839.165649 1838.798218 1838.782959 1838.453491 1838.124023 1837.794556 1837.465210 1837.135864 1836.819702 1836.806641 1836.328491 1835.850708 1835.373047 1832.989624 1830.613281 1825.906982 1821.352051 1816.973022 1812.796753 1808.823242 1805.052246 1801.724487 1798.649658 1795.770386 1793.091553 1790.619019 1788.868408 1787.460571 1786.265625
 1850.628540 1850.475220 1850.245239 1849.861938 1849.478760 1849.095581 1848.712402 1848.329346 1847.946289 1847.578491 1847.563232 1847.233276 1846.903442 1846.573608 1846.243896 1845.914185 1845.597656 1845.584595 1845.105347 1844.626465 1844.147827 1841.759155 1839.377441 1834.660400 1830.094360 1825.703857 1821.515625 1817.529419 1813.744995 1810.402222 1807.310669 1804.412720 1801.712280 1799.214722 1797.425293 1795.970459 1794.722656
 1859.383545 1859.230103 1858.999878 1858.616333 1858.232788 1857.849365 1857.465820 1857.082397 1856.699097 1856.331055 1856.315674 1855.985474 1855.655273 1855.325073 1854.994873 1854.664795 1854.348022 1854.334839 1853.854614 1853.374756 1852.895142 1850.501221 1848.114502 1843.387085 1838.810425 1834.408691 1830.208740 1826.210327 1822.412720 1819.054443 1815.945312 1813.027222 1810.303711 1807.779297 1805.950928 1804.450317 1803.150635
 1868.111572 1867.958008 1867.727661 1867.343750 1866.959961 1866.576172 1866.192383 1865.808594 1865.424927 1865.056641 1865.041382 1864.710693 1864.380127 1864.049561 1863.719116 1863.388672 1863.071411 1863.058350 1862.577148 1862.096191 1861.615601 1859.216797 1856.825073 1852.087769 1847.500732 1843.088135 1838.876709 1834.865723 1831.054443 1827.679565 1824.551270 1821.611450 1818.863159 1816.311401 1814.444946 1812.899658 1811.548584
 1876.813354 1876.659668 1876.429199 1876.045044 1875.660889 1875.276855 1874.892700 1874.508667 1874.124756 1873.756104 1873.740845 1873.409790 1873.078857 1872.748047 1872.417236 1872.086426 1871.768921 1871.755737 1871.273560 1870.791748 1870.310181 1867.906616 1865.510132 1860.762939 1856.165649 1851.742065 1847.518433 1843.493896 1839.667603 1836.274780 1833.125854 1830.163086 1827.389893 1824.811157 1822.907227 1821.317505 1819.914795
 1885.489624 1885.335815 1885.105225 1884.720703 1884.336304 1883.951904 1883.567505 1883.183228 1882.798950 1882.430054 1882.414673 1882.083374 1881.752197 1881.420898 1881.089722 1880.758667 1880.440796 1880.427612 1879.944458 1879.461792 1878.979248 1876.570923 1874.169556 1869.412231 1864.803833 1860.368286 1856.131470 1852.092407 1848.249756 1844.837524 1841.667236 1838.681519 1835.883667 1833.278076 1831.337036 1829.702515 -999.000000
 1894.139893 1893.985962 1893.755127 1893.370361 1892.985596 1892.600952 1892.216187 1891.831543 1891.447021 1891.077881 1891.062500 1890.730835 1890.399170 1890.067627 1889.736084 1889.404541 1889.086426 1889.073120 1888.589111 1888.105347 1887.621826 1885.208374 1882.801636 1878.033325 1873.413086 1868.964478 1864.713257 1860.658325 1856.798584 1853.366699 1850.175293 1847.166748 1844.344238 1841.711914 1839.733032 1838.053345 -999.000000
 1902.761963 1902.607910 1902.376831 1901.991699 1901.606567 1901.221558 1900.836548 1900.451660 1900.066650 1899.697144 1899.681763 1899.349731 1899.017700 1898.685791 1898.353882 1898.021973 1897.703369 1897.690186 1897.204956 1896.720093 1896.235474 1893.816406 1891.403931 1886.623657 1881.990356 1877.527588 1873.261230 1869.190308 1865.313477 1861.862305 1858.649658 1855.618408 1852.771118 1850.111206 1848.093994 -999.000000 -999.000000
 1911.353027 1911.198853 1910.967529 1910.582031 1910.196655 1909.811157 1909.425903 1909.040527 1908.655151 1908.285400 1908.270020 1907.937500 1907.604980 1907.272583 1906.940308 1906.607910 1906.288940 1906.275635 1905.789307 1905.303223 1904.817383 1902.392212 1899.973511 1895.180298 1890.533569 1886.056641 1881.775269 1877.688354 1873.794434 1870.323853 1867.089966 1864.035522 1861.162720 1858.474487 -999.000000 -999.000000 -999.000000
 1919.910400 1919.756104 1919.524536 1919.138672 1918.752808 1918.367065 1917.981323 1917.595581 1917.209839 1916.839600 1916.824219 1916.491333 1916.158447 1915.825562 1915.492676 1915.159912 1914.840454 1914.827271 1914.339600 1913.852295 1913.365234 1910.933838 1908.508911 1903.702759 1899.042480 1894.551392 1890.255005 1886.152100 1882.241211 1878.750732 1875.495117 1872.416748 1869.517578 -999.000000 -999.000000 -999.000000 -999.000000
 1928.433228 1928.278687 1928.046997 1927.660645 1927.274536 1926.888306 1926.502197 1926.116089 1925.729980 1925.359375 1925.343994 1925.010498 1924.677246 1924.343872 1924.010620 1923.677368 1923.357544 1923.344238 1922.855469 1922.366821 1921.878540 1919.440918 1917.009521 1912.190674 1907.516846 1903.011597 1898.700073 1894.580933 1890.652466 1887.141724 1883.863403 1880.760376 -999.000000 -999.000000 -999.000000 -999.000000 -999.000000
 1936.921265 1936.766602 1936.534668 1936.147949 1935.761353 1935.374756 1934.988281 1934.601807 1934.215332 1933.844360 1933.828857 1933.494995 1933.161255 1932.827515 1932.493774 1932.160034 1931.839722 1931.826538 1931.336426 1930.846558 1930.357056 1927.913086 1925.475586 1920.643677 1915.956421 1911.436646 1907.109497 1902.973511 1899.026733 1895.494873 -999.000000 -999.000000 -999.000000 -999.000000 -999.000000 -999.000000 -999.000000
 1945.374268 1945.219482 1944.987305 1944.600220 1944.213257 1943.826294 1943.439331 1943.052490 1942.665649 1942.294312 1942.278809 1941.944458 1941.610229 1941.276001 1940.941895 1940.607666 1940.286987 1940.273682 1939.782349 1939.291260 1938.800537 1936.350220 1933.906128 1929.061035 1924.359619 1919.824829 1915.481445 1911.327881 -999.000000 -999.000000 -999.000000 -999.000000 -999.000000 -999.000000 -999.000000 -999.000000 -999.000000
 1953.791382 1953.636353 1953.403931 1953.016479 1952.629150 1952.241699 1951.854370 1951.467041 1951.079834 1950.708130 1950.692627 1950.357788 1950.023071 1949.688477 1949.353760 1949.019165 1948.697998 1948.684570 1948.192017 1947.699707 1947.207520 1944.750732 1942.299927 1937.441040 1932.724854 1928.174438 -999.000000 -999.000000 -999.000000 -999.000000 -999.000000 -999.000000 -999.000000 -999.000000 -999.000000 -999.000000 -999.000000
 1962.170776 1962.015625 1961.782837 1961.395020 1961.007202 1960.619385 1960.231689 1959.843994 1959.456299 1959.084106 1959.068604 1958.733398 1958.398071 1958.062988 1957.727783 1957.392700 1957.071045 1957.057617 1956.563721 1956.069946 1955.576538 1953.112793 1950.655029 -999.000000 -999.000000 -999.000000 -999.000000 -999.000000 -999.000000 -999.000000 -999.000000 -999.000000 -999.000000 -999.000000 -999.000000 -999.000000 -999.000000
#
# dtdd (rows - delta, columns - depth)
#
 -999.000000 -999.000000 -999.000000 -999.000000 -999.000000 -999.000000 -999.000000 -999.000000 -999.000000 -999.000000 -999.000000 -999.000000 -999.000000 -999.000000 -999.000000 -999.000000 -999.000000 -999.000000 -999.000000 -999.000000 -999.000000 -999.000000 -999.000000 -999.000000 -999.000000 -999.000000 -999.000000 -999.000000   11.114219 -999.000000 -999.000000 -999.000000 -999.000000 -999.000000 -999.000000 -999.000000 -999.000000
 -999.000000 -999.000000 -999.000000 -999.000000 -999.000000 -999.000000 -999.000000 -999.000000 -999.000000 -999.000000 -999.000000 -999.000000 -999.000000 -999.000000 -999.000000 -999.000000 -999.000000 -999.000000 -999.000000 -999.000000 -999.000000 -999.000000 -999.000000 -999.000000 -999.000000 -999.000000 -999.000000   11.115215   11.106354 -999.000000 -999.000000 -999.000000 -999.000000 -999.000000 -999.000000 -999.000000 -999.000000
 -999.000000 -999.000000 -999.000000 -999.000000 -999.000000 -999.000000 -999.000000 -999.000000 -999.000000 -999.000000 -999.000000 -999.000000 -999.000000 -999.000000 -999.000000 -999.000000 -999.000000 -999.000000 -999.000000 -999.000000 -999.000000 -999.000000 -999.000000 -999.000000 -999.000000 -999.000000   11.115262   11.110322   11.091496 -999.000000 -999.000000 -999.000000 -999.000000 -999.000000 -999.000000 -999.000000 -999.000000
 -999.000000 -999.000000 -999.000000 -999.000000 -999.000000 -999.000000 -999.000000 -999.000000 -999.000000 -999.000000 -999.000000 -999.000000 -999.000000 -999.000000 -999.000000 -999.000000 -999.000000 -999.000000 -999.000000 -999.000000 -999.000000 -999.000000 -999.000000 -999.000000 -999.000000   11.115240   11.111177   11.097893   11.070366 -999.000000 -999.000000 -999.000000 -999.000000 -999.000000 -999.000000 -999.000000 -999.000000
 -999.000000 -999.000000 -999.000000 -999.000000 -999.000000 -999.000000 -999.000000 -999.000000 -999.000000 -999.000000 -999.000000 -999.000000 -999.000000 -999.000000 -999.000000 -999.000000 -999.000000 -999.000000 -999.000000 -999.000000 -999.000000 -999.000000 -999.000000 -999.000000   11.114971   11.110568   11.099371   11.078587   11.043583 -999.000000 -999.000000 -999.000000 -999.000000 -999.000000 -999.000000 -999.000000 -999.000000
 -999.000000 -999.000000 -999.000000 -999.000000 -999.000000 -999.000000 -999.000000 -999.000000 -999.000000 -999.000000 -999.000000 -999.000000 -999.000000 -999.000000 -999.000000 -999.000000 -999.000000 -999.000000 -999.000000 -999.000000 -999.000000 -999.000000 -999.000000   11.114058   11.108743   11.098140   11.080436   11.052973   11.011881   10.876100 -999.000000 -999.000000 -999.000000 -999.000000 -999.000000 -999.000000 -999.000000
 -999.000000 -999.000000 -999.000000 -999.000000 -999.000000 -999.000000 -999.000000 -999.000000 -999.000000 -999.000000 -999.000000 -999.000000 -999.000000 -999.000000   11.115262   11.115258   11.115252   11.115252   11.115211   11.115136   11.115029   11.113997   11.112116   11.105635   11.094803   11.078493   11.054893   11.021747   10.975849   10.852440 -999.000000 -999.000000 -999.000000 -999.000000 -999.000000 -999.000000 -999.000000
   11.112587   11.112545   11.112480   11.112371   11.112261   11.112147   11.112032   11.111914   11.111794   11.111677   11.111672   11.111523   11.111370   11.111214   11.111054   11.110892   11.110734   11.110727   11.110180   11.109601   11.108990   11.105439   11.101054   11.089579   11.073636   11.052102   11.023403   10.985675   10.935947   10.820981 -999.000000 -999.000000 -999.000000 -999.000000 -999.000000 -999.000000 -999.000000
   11.102020   11.101928   11.101789   11.101554   11.101318   11.101080   11.100839   11.100596   11.100351   11.100114   11.100104   11.099804   11.099501   11.099195   11.098886   11.098573   11.098269   11.098257   11.097235   11.096180   11.095094   11.089180   11.082453   11.066332   11.045690   11.019663   10.986791   10.945257   10.892715   10.784524   10.603259 -999.000000 -999.000000 -999.000000 -999.000000 -999.000000 -999.000000
   11.083804   11.083665   11.083454   11.083102   11.082747   11.082391   11.082032   11.081671   11.081307   11.080956   11.080942   11.080501   11.080055   11.079608   11.079157   11.078702   11.078263   11.078245   11.076776   11.075276   11.073746   11.065624   11.056716   11.036359   11.011757   10.981981   10.945573   10.901132   10.846524   10.743834   10.586253 -999.000000 -999.000000 -999.000000 -999.000000 -999.000000 -999.000000
   11.058312   11.058127   11.057850   11.057386   11.056921   11.056453   11.055983   11.055510   11.055036   11.054578   11.054559   11.053983   11.053405   11.052823   11.052239   11.051652   11.051085   11.051062   11.049177   11.047266   11.045327   11.035219   11.024423   11.000544   10.972560   10.939585   10.900446   10.853789   10.797656   10.699616   10.558799 -999.000000 -999.000000 -999.000000 -999.000000 -999.000000 -999.000000
   11.026076   11.025853   11.025517   11.024958   11.024395   11.023831   11.023265   11.022696   11.022127   11.021578   11.021555   11.020866   11.020175   11.019482   11.018785   11.018085   11.017411   11.017384   11.015156   11.012902   11.010624   10.998852   10.986448   10.959502   10.928659   10.893229   10.851950   10.803557   10.746497   10.652493   10.523976   10.334367 -999.000000 -999.000000 -999.000000 -999.000000 -999.000000
   10.987985   10.987727   10.987342   10.986697   10.986050   10.985402   10.984752   10.984099   10.983445   10.982816   10.982789   10.982000   10.981210   10.980416   10.979620   10.978821   10.978051   10.978020   10.975490   10.972937   10.970361   10.957131   10.943333   10.913888   10.880855   10.843438   10.800431   10.750858   10.693391   10.602921   10.483729   10.319672 -999.000000 -999.000000 -999.000000 -999.000000 -999.000000
   10.944585   10.944299   10.943868   10.943150   10.942430   10.941708   10.940984   10.940259   10.939532   10.938833   10.938804   10.937929   10.937053   10.936173   10.935292   10.934409   10.933559   10.933524   10.930744   10.927946   10.925127   10.910746   10.895884   10.864458   10.829605   10.790565   10.746379   10.696142   10.638519   10.551191   10.439276   10.292648 -999.000000 -999.000000 -999.000000 -999.000000 -999.000000
   10.896695   10.896385   10.895920   10.895143   10.894364   10.893584   10.892802   10.892019   10.891234   10.890480   10.890449   10.889505   10.888560   10.887613   10.886664   10.885714   10.884798   10.884760   10.881783   10.878790   10.875778   10.860458   10.844704   10.811620   10.775304   10.735203   10.690272   10.639613   10.582035   10.497410   10.391434   10.258076   10.071921 -999.000000 -999.000000 -999.000000 -999.000000
   10.844952   10.844622   10.844126   10.843298   10.842468   10.841638   10.840806   10.839972   10.839137   10.838334   10.838301   10.837298   10.836295   10.835289   10.834281   10.833272   10.832301   10.832260   10.829118   10.825960   10.822785   10.806677   10.790180   10.755861   10.718621   10.677777   10.632322   10.581439   10.523995   10.441792   10.340788   10.218267   10.056570 -999.000000 -999.000000 -999.000000 -999.000000
   10.789753   10.789406   10.788884   10.788013   10.787143   10.786269   10.785396   10.784520   10.783644   10.782802   10.782766   10.781716   10.780665   10.779613   10.778558   10.777501   10.776486   10.776443   10.773176   10.769897   10.766603   10.749950   10.732985   10.697837   10.659895   10.618503   10.572703   10.521696   10.464469   10.384529   10.288094   10.174552   10.030722    9.237719 -999.000000 -999.000000 -999.000000
   10.731806   10.731446   10.730906   10.730007   10.729107   10.728205   10.727302   10.726398   10.725492   10.724622   10.724586   10.723502   10.722418   10.721332   10.720243   10.719154   10.718107   10.718064   10.714712   10.711349   10.707975   10.690930   10.673602   10.637807   10.599335   10.557547   10.511494   10.460464   10.403559   10.325801   10.233939   10.127775    9.996748    9.235066 -999.000000 -999.000000 -999.000000
   10.671608   10.671239   10.670686   10.669761   10.668836   10.667910   10.666982   10.666053   10.665124   10.664230   10.664193   10.663082   10.661970   10.660856   10.659741   10.658625   10.657552   10.657507   10.654089   10.650661   10.647223   10.629872   10.612261   10.575971   10.537088   10.494990   10.448796   10.397855   10.341355   10.266172   10.178546   10.078517    9.956336    9.228540 -999.000000 -999.000000 -999.000000
   10.609403   10.609026   10.608459   10.607514   10.606568   10.605622   10.604674   10.603724   10.602775   10.601862   10.601824   10.600690   10.599555   10.598418   10.597281   10.596142   10.595047   10.595001   10.591533   10.588055   10.584567   10.566978   10.549143   10.512448   10.473250   10.430955   10.384725   10.333973   10.278357   10.205891   10.122083   10.026760    9.230496    9.218244 -999.000000 -999.000000 -999.000000
   10.545375   10.544990   10.544413   10.543450   10.542486   10.541522   10.540556   10.539589   10.538621   10.537691   10.537652   10.536499   10.535344   10.534187   10.533031   10.531872   10.530758   10.530712   10.527201   10.523682   10.520153   10.502370   10.484358   10.447362   10.407950   10.365556   10.319438   10.269436   10.214999   10.145022   10.064682    9.230881    9.221013    9.204302 -999.000000 -999.000000 -999.000000
   10.479643   10.479253   10.478666   10.477688   10.476709   10.475729   10.474749   10.473766   10.472783   10.471838   10.471799   10.470629   10.469458   10.468285   10.467112   10.465936   10.464807   10.464760   10.461218   10.457667   10.454107   10.436182   10.418041   10.380836   10.341302   10.299099   10.253687   10.204612   10.151316   10.083625    9.230253    9.221529    9.207718    9.187025    9.082207 -999.000000 -999.000000
   10.412352   10.411956   10.411362   10.410371   10.409380   10.408387   10.407393   10.406399   10.405403   10.404446   10.404407   10.403222   10.402038   10.400851   10.399664   10.398476   10.397333   10.397286   10.393722   10.390149   10.386568   10.368544   10.350317   10.313085   10.273927   10.232358   10.187698   10.139528   10.087335    9.228762    9.220525    9.208280    9.190881    9.166643    9.072007 -999.000000 -999.000000
   10.343627   10.343226   10.342627   10.341625   10.340623   10.339621   10.338617   10.337613   10.336608   10.335643   10.335603   10.334410   10.333217   10.332023   10.330828   10.329632   10.328483   10.328435   10.324869   10.321299   10.317724   10.299779   10.281715   10.244967   10.206358   10.165417   10.121497   10.074208    9.226245    9.218259    9.206849    9.191381    9.170751    9.143345    9.054591 -999.000000 -999.000000
   10.274122   10.273725   10.273129   10.272135   10.271140   10.270144   10.269148   10.268151   10.267154   10.266195   10.266156   10.264973   10.263790   10.262606   10.261420   10.260235   10.259095   10.259048   10.255528   10.252005   10.248476   10.230766   10.212940   10.176681   10.138617   10.098294    9.227774    9.222120    9.214587    9.203785    9.189482    9.171082    9.147516    9.117296    9.031816    8.893342 -999.000000
   10.204469   10.204075   10.203483   10.202497   10.201509   10.200521   10.199533   10.198543   10.197553   10.196602   10.196562   10.195390   10.194217   10.193043   10.191868   10.190692   10.189563   10.189516   10.186043   10.182565   10.179083   10.161606   10.144015   10.108243    9.227773    9.222956    9.216736    9.208833    9.198976    9.185621    9.168655    9.147564    9.121346    9.088436    9.004857    8.883249 -999.000000
   10.134683   10.134292   10.133704   10.132726   10.131745   10.130765   10.129785   10.128802   10.127820   10.126877   10.126837   10.125675   10.124512   10.123348   10.122184   10.121018   10.119900   10.119853   10.116426   10.112994   10.109558   10.092313    9.226686    9.222223    9.216702    9.209920    9.201659    9.191687    9.179701    9.163969    9.144541    9.120989    9.092228    9.056730    8.974515    8.868432 -999.000000
    9.223925    9.223872    9.223793    9.223660    9.223527    9.223392    9.223258    9.223122    9.222985    9.222854    9.222848    9.222688    9.222526    9.222363    9.222198    9.222033    9.221873    9.221867    9.221395    9.220917    9.220429    9.217871    9.215102    9.208878    9.201555    9.192955    9.182824    9.170916    9.156934    9.138991    9.117292    9.091345    9.060102    9.022242    8.941689    8.850816    8.737616
    9.211176    9.211103    9.210993    9.210810    9.210625    9.210440    9.210254    9.210067    9.209879    9.209698    9.209690    9.209470    9.209248    9.209025    9.208801    9.208576    9.208360    9.208350    9.207712    9.207067    9.206413    9.203026    9.199436    9.191587    9.182608    9.172302    9.160407    9.146680    9.130831    9.110819    9.086859    9.058574    9.025031    8.985032    8.910542    8.831289    8.731832
    9.194398    9.194306    9.194168    9.193937    9.193706    9.193473    9.193240    9.193006    9.192771    9.192545    9.192535    9.192260    9.191983    9.191706    9.191427    9.191147    9.190877    9.190866    9.190075    9.189276    9.188469    9.184316    9.179961    9.170579    9.160030    9.148113    9.134559    9.119124    9.101466    9.079356    9.053206    9.022734    8.987076    8.945314    8.881311    8.810355    8.722233
    9.173832    9.173722    9.173557    9.173282    9.173005    9.172728    9.172450    9.172171    9.171891    9.171622    9.171611    9.171283    9.170954    9.170624    9.170293    9.169960    9.169641    9.169627    9.168691    9.167746    9.166793    9.161913    9.156834    9.145998    9.133966    9.120532    9.105374    9.088207    9.068725    9.044603    9.016392    8.983883    8.946407    8.908545    8.853363    8.788608    8.710010
    9.149621    9.149494    9.149303    9.148985    9.148665    9.148346    9.148025    9.147703    9.147381    9.147071    9.147058    9.146680    9.146301    9.145921    9.145540    9.145158    9.144791    9.144775    9.143700    9.142617    9.141527    9.135958    9.130192    9.117980    9.104504    9.089522    9.072731    9.053871    9.032640    9.006613    8.976467    8.942400    8.908728    8.875607    8.826349    8.766909    8.695839
    9.121899    9.121756    9.121540    9.121181    9.120821    9.120460    9.120098    9.119736    9.119372    9.119022    9.119008    9.118583    9.118155    9.117728    9.117299    9.116869    9.116455    9.116438    9.115230    9.114014    9.112789    9.106544    9.100090    9.086460    9.071512    9.055011    9.036644    9.016158    8.993258    8.965432    8.934529    8.904675    8.875181    8.845162    8.800061    8.745279    8.680147
    9.090633    9.090473    9.090233    9.089830    9.089428    9.089024    9.088619    9.088214    9.087808    9.087418    9.087400    9.086926    9.086449    9.085972    9.085493    9.085012    9.084551    9.084532    9.083186    9.081833    9.080471    9.073538    9.066395    9.051376    9.035004    9.017035    8.997153    8.975112    8.950636    8.923815    8.897372    8.871052    8.844275    8.816504    8.774533    8.723703    8.663095
    9.055726    9.055549    9.055284    9.054839    9.054395    9.053949    9.053503    9.053056    9.052608    9.052176    9.052158    9.051635    9.051109    9.050584    9.050056    9.049528    9.049019    9.048998    9.047519    9.046032    9.044537    9.036935    9.029122    9.012760    8.995010    8.975630    8.954298    8.932156    8.910618    8.887590    8.864054    8.840059    8.815247    8.789180    8.749711    8.702171    8.644246
    9.017202    9.017009    9.016718    9.016233    9.015748    9.015262    9.014775    9.014287    9.013798    9.013328    9.013309    9.012736    9.012164    9.011591    9.011016    9.010440    9.009886    9.009863    9.008254    9.006638    9.005013    8.996763    8.988304    8.970643    8.951571    8.932222    8.913298    8.894485    8.875552    8.854824    8.833243    8.810941    8.787601    8.762782    8.725469    8.680676    8.623605
    8.975087    8.974877    8.974564    8.974039    8.973514    8.972988    8.972461    8.971933    8.971404    8.970896    8.970875    8.970257    8.969639    8.969019    8.968398    8.967775    8.967177    8.967153    8.965419    8.963677    8.961926    8.953053    8.944202    8.927236    8.910673    8.894224    8.877634    8.860771    8.843513    8.824378    8.804239    8.783183    8.760919    8.737142    8.701715    8.658877    8.601245
    8.930998    8.930802    8.930509    8.930020    8.929533    8.929047    8.928560    8.928075    8.927589    8.927125    8.927105    8.926542    8.925981    8.925420    8.924860    8.924301    8.923765    8.923742    8.922201    8.920668    8.919140    8.911591    8.904178    8.889614    8.875034    8.860277    8.845171    8.829631    8.813572    8.795619    8.776512    8.756384    8.735023    8.712146    8.678380    8.635513    8.577237
    8.892622    8.892453    8.892200    8.891776    8.891354    8.890931    8.890509    8.890086    8.889665    8.889259    8.889243    8.888753    8.888264    8.887774    8.887285    8.886797    8.886328    8.886309    8.884961    8.883616    8.882275    8.875606    8.868999    8.855870    8.842562    8.828952    8.814899    8.800335    8.785144    8.768022    8.749720    8.730376    8.709795    8.687706    8.654824    8.610339    8.551887
    8.858389    8.858235    8.858006    8.857622    8.857239    8.856855    8.856472    8.856089    8.855706    8.855338    8.855323    8.854877    8.854433    8.853989    8.853543    8.853099    8.852673    8.852654    8.851429    8.850204    8.848981    8.842881    8.836809    8.824666    8.812265    8.799499    8.786205    8.772317    8.757765    8.741326    8.723707    8.705042    8.685143    8.663596    8.629536    8.583190    8.525683
    8.826824    8.826681    8.826468    8.826112    8.825756    8.825400    8.825045    8.824688    8.824332    8.823990    8.823977    8.823563    8.823149    8.822735    8.822322    8.821908    8.821510    8.821494    8.820354    8.819214    8.818075    8.812385    8.806702    8.795280    8.783523    8.771337    8.758599    8.745256    8.731243    8.715386    8.698358    8.680287    8.660721    8.638112    8.602187    8.554280    8.498718
    8.797156    8.797022    8.796821    8.796485    8.796148    8.795812    8.795475    8.795139    8.794803    8.794479    8.794466    8.794074    8.793683    8.793292    8.792900    8.792508    8.792132    8.792117    8.791038    8.789958    8.788878    8.783474    8.778059    8.767135    8.755860    8.744145    8.731874    8.718994    8.705442    8.690091    8.673583    8.655483    8.634722    8.610553    8.572433    8.524819    8.471064
    8.768785    8.768657    8.768463    8.768141    8.767818    8.767496    8.767174    8.766850    8.766528    8.766218    8.766205    8.765830    8.765455    8.765079    8.764704    8.764328    8.763968    8.763953    8.762918    8.761884    8.760848    8.755662    8.750460    8.739947    8.729077    8.717762    8.705892    8.693412    8.680263    8.665246    8.648197    8.628824    8.606540    8.580512    8.541291    8.494934    8.442723
    8.741401    8.741277    8.741090    8.740780    8.740469    8.740158    8.739847    8.739535    8.739224    8.738925    8.738913    8.738551    8.738190    8.737827    8.737465    8.737103    8.736755    8.736740    8.735744    8.734746    8.733748    8.728745    8.723722    8.713560    8.703036    8.692066    8.680543    8.668375    8.655026    8.639042    8.620724    8.599842    8.575727    8.548396    8.509866    8.464657    8.413179
    8.714837    8.714717    8.714536    8.714235    8.713934    8.713634    8.713332    8.713031    8.712729    8.712440    8.712427    8.712077    8.711726    8.711376    8.711025    8.710674    8.710338    8.710323    8.709358    8.708393    8.707426    8.702581    8.697713    8.687853    8.677630    8.666894    8.655157    8.642207    8.627835    8.610585    8.590748    8.568082    8.543116    8.515988    8.478172    8.433811    8.382303
    8.688970    8.688852    8.688678    8.688385    8.688092    8.687799    8.687507    8.687214    8.686921    8.686640    8.686627    8.686287    8.685946    8.685606    8.685266    8.684924    8.684596    8.684583    8.683646    8.682708    8.681769    8.677061    8.672326    8.662527    8.651955    8.640448    8.627787    8.613779    8.598183    8.579401    8.558071    8.535088    8.510278    8.483364    8.446197    8.401682    8.350105
    8.663534    8.663416    8.663239    8.662943    8.662646    8.662349    8.662052    8.661754    8.661455    8.661168    8.661157    8.660809    8.660460    8.660112    8.659763    8.659413    8.659077    8.659062    8.658098    8.657129    8.656156    8.651217    8.646153    8.635584    8.624152    8.611675    8.597905    8.582613    8.565611    8.546033    8.524742    8.501879    8.477230    8.450527    8.413178    8.368175 -999.000000
    8.636530    8.636402    8.636210    8.635890    8.635570    8.635248    8.634926    8.634604    8.634280    8.633969    8.633957    8.633580    8.633204    8.632827    8.632448    8.632070    8.631704    8.631689    8.630646    8.629597    8.628543    8.623191    8.617698    8.606203    8.593733    8.580072    8.565046    8.549004    8.531913    8.512400    8.491202    8.468465    8.443929    8.416774    8.378737    8.333251 -999.000000
    8.607066    8.606927    8.606717    8.606368    8.606017    8.605666    8.605315    8.604962    8.604609    8.604270    8.604256    8.603846    8.603434    8.603022    8.602608    8.602194    8.601795    8.601779    8.600639    8.599494    8.598342    8.592487    8.586469    8.573836    8.560351    8.546146    8.531074    8.515055    8.498002    8.478559    8.457462    8.434654    8.409491    8.381554    8.342797 -999.000000 -999.000000
    8.574581    8.574427    8.574196    8.573810    8.573422    8.573035    8.572648    8.572261    8.571873    8.571500    8.571484    8.571033    8.570582    8.570131    8.569680    8.569228    8.568793    8.568775    8.567537    8.566298    8.565055    8.558805    8.552492    8.539612    8.526132    8.511938    8.496886    8.480898    8.463888    8.444474    8.423011    8.399471    8.373526    8.344766 -999.000000 -999.000000 -999.000000
    8.540137    8.539983    8.539751    8.539364    8.538977    8.538589    8.538200    8.537812    8.537424    8.537050    8.537035    8.536584    8.536132    8.535681    8.535229    8.534776    8.534341    8.534323    8.533085    8.531845    8.530602    8.524353    8.518042    8.505167    8.491697    8.477522    8.462495    8.446513    8.429247    8.409209    8.387015    8.362697    8.335926 -999.000000 -999.000000 -999.000000 -999.000000
    8.505470    8.505316    8.505083    8.504696    8.504308    8.503920    8.503531    8.503142    8.502753    8.502379    8.502364    8.501912    8.501461    8.501009    8.500556    8.500103    8.499668    8.499650    8.498413    8.497173    8.495931    8.489685    8.483377    8.470513    8.457060    8.442838    8.427524    8.410985    8.393078    8.372324    8.349356    8.324214 -999.000000 -999.000000 -999.000000 -999.000000 -999.000000
    8.470592    8.470437    8.470204    8.469816    8.469428    8.469040    8.468651    8.468262    8.467873    8.467498    8.467483    8.467031    8.466579    8.466127    8.465674    8.465221    8.464786    8.464767    8.463531    8.462293    8.461052    8.454811    8.448494    8.435470    8.421647    8.406877    8.390970    8.373798    8.355212    8.333698 -999.000000 -999.000000 -999.000000 -999.000000 -999.000000 -999.000000 -999.000000
    8.435317    8.435159    8.434920    8.434524    8.434127    8.433729    8.433331    8.432933    8.432533    8.432150    8.432134    8.431671    8.431208    8.430743    8.430278    8.429812    8.429365    8.429346    8.428076    8.426801    8.425522    8.419061    8.412491    8.398945    8.384568    8.369210    8.352674    8.334828 -999.000000 -999.000000 -999.000000 -999.000000 -999.000000 -999.000000 -999.000000 -999.000000 -999.000000
    8.398530    8.398365    8.398117    8.397704    8.397290    8.396875    8.396461    8.396045    8.395629    8.395229    8.395212    8.394730    8.394246    8.393763    8.393278    8.392793    8.392326    8.392307    8.390985    8.389657    8.388326    8.381600    8.374761    8.360657    8.345692    8.329706 -999.000000 -999.000000 -999.000000 -999.000000 -999.000000 -999.000000 -999.000000 -999.000000 -999.000000 -999.000000 -999.000000
    8.359945    8.359774    8.359515    8.359083    8.358651    8.358218    8.357785    8.357351    8.356917    8.356500    8.356483    8.355979    8.355475    8.354970    8.354465    8.353958    8.353472    8.353452    8.352073    8.350690    8.349302    8.342294    8.335166 -999.000000 -999.000000 -999.000000 -999.000000 -999.000000 -999.000000 -999.000000 -999.000000 -999.000000 -999.000000 -999.000000 -999.000000 -999.000000 -999.000000
#
# dtdh (rows - delta, columns - depth)
#
 -999.000000 -999.000000 -999.000000 -999.000000 -999.000000 -999.000000 -999.000000 -999.000000 -999.000000 -999.000000 -999.000000 -999.000000 -999.000000 -999.000000 -999.000000 -999.000000 -999.000000 -999.000000 -999.000000 -999.000000 -999.000000 -999.000000 -999.000000 -999.000000 -999.000000 -999.000000 -999.000000 -999.000000   -0.031479 -999.000000 -999.000000 -999.000000 -999.000000 -999.000000 -999.000000 -999.000000 -999.000000
 -999.000000 -999.000000 -999.000000 -999.000000 -999.000000 -999.000000 -999.000000 -999.000000 -999.000000 -999.000000 -999.000000 -999.000000 -999.000000 -999.000000 -999.000000 -999.000000 -999.000000 -999.000000 -999.000000 -999.000000 -999.000000 -999.000000 -999.000000 -999.000000 -999.000000 -999.000000 -999.000000   -0.041153   -0.031733 -999.000000 -999.000000 -999.000000 -999.000000 -999.000000 -999.000000 -999.000000 -999.000000
 -999.000000 -999.000000 -999.000000 -999.000000 -999.000000 -999.000000 -999.000000 -999.000000 -999.000000 -999.000000 -999.000000 -999.000000 -999.000000 -999.000000 -999.000000 -999.000000 -999.000000 -999.000000 -999.000000 -999.000000 -999.000000 -999.000000 -999.000000 -999.000000 -999.000000 -999.000000   -0.049280   -0.041273   -0.032208 -999.000000 -999.000000 -999.000000 -999.000000 -999.000000 -999.000000 -999.000000 -999.000000
 -999.000000 -999.000000 -999.000000 -999.000000 -999.000000 -999.000000 -999.000000 -999.000000 -999.000000 -999.000000 -999.000000 -999.000000 -999.000000 -999.000000 -999.000000 -999.000000 -999.000000 -999.000000 -999.000000 -999.000000 -999.000000 -999.000000 -999.000000 -999.000000 -999.000000   -0.056519   -0.049362   -0.041574   -0.032871 -999.000000 -999.000000 -999.000000 -999.000000 -999.000000 -999.000000 -999.000000 -999.000000
 -999.000000 -999.000000 -999.000000 -999.000000 -999.000000 -999.000000 -999.000000 -999.000000 -999.000000 -999.000000 -999.000000 -999.000000 -999.000000 -999.000000 -999.000000 -999.000000 -999.000000 -999.000000 -999.000000 -999.000000 -999.000000 -999.000000 -999.000000 -999.000000   -0.062966   -0.056600   -0.049598   -0.042038   -0.033690 -999.000000 -999.000000 -999.000000 -999.000000 -999.000000 -999.000000 -999.000000 -999.000000
 -999.000000 -999.000000 -999.000000 -999.000000 -999.000000 -999.000000 -999.000000 -999.000000 -999.000000 -999.000000 -999.000000 -999.000000 -999.000000 -999.000000 -999.000000 -999.000000 -999.000000 -999.000000 -999.000000 -999.000000 -999.000000 -999.000000 -999.000000   -0.068117   -0.063061   -0.056813   -0.049973   -0.042644   -0.034632   -0.004205 -999.000000 -999.000000 -999.000000 -999.000000 -999.000000 -999.000000 -999.000000
 -999.000000 -999.000000 -999.000000 -999.000000 -999.000000 -999.000000 -999.000000 -999.000000 -999.000000 -999.000000 -999.000000 -999.000000 -999.000000 -999.000000   -0.116540   -0.116505   -0.116473   -0.073259   -0.073135   -0.073011   -0.072887   -0.072265   -0.071643   -0.068234   -0.063272   -0.057148   -0.050475   -0.043370   -0.035670   -0.008113 -999.000000 -999.000000 -999.000000 -999.000000 -999.000000 -999.000000 -999.000000
   -0.140495   -0.140484   -0.140468   -0.140441   -0.140414   -0.140386   -0.140359   -0.140332   -0.140304   -0.140278   -0.116703   -0.116671   -0.116638   -0.116605   -0.116572   -0.116539   -0.116508   -0.073315   -0.073197   -0.073080   -0.072962   -0.072374   -0.071786   -0.068455   -0.063591   -0.057594   -0.051085   -0.044191   -0.036781   -0.011387 -999.000000 -999.000000 -999.000000 -999.000000 -999.000000 -999.000000 -999.000000
   -0.140563   -0.140552   -0.140536   -0.140510   -0.140484   -0.140457   -0.140431   -0.140404   -0.140378   -0.140352   -0.116793   -0.116762   -0.116730   -0.116698   -0.116667   -0.116635   -0.116605   -0.073469   -0.073358   -0.073247   -0.073136   -0.072580   -0.072026   -0.068773   -0.064008   -0.058136   -0.051782   -0.045090   -0.037944   -0.014263   -0.001899 -999.000000 -999.000000 -999.000000 -999.000000 -999.000000 -999.000000
   -0.140679   -0.140669   -0.140654   -0.140628   -0.140603   -0.140577   -0.140551   -0.140526   -0.140500   -0.140476   -0.116941   -0.116911   -0.116881   -0.116850   -0.116820   -0.116790   -0.116760   -0.073716   -0.073611   -0.073506   -0.073401   -0.072877   -0.072355   -0.069180   -0.064510   -0.058757   -0.052554   -0.046048   -0.039144   -0.016895   -0.006158 -999.000000 -999.000000 -999.000000 -999.000000 -999.000000 -999.000000
   -0.140841   -0.140831   -0.140817   -0.140792   -0.140767   -0.140743   -0.140718   -0.140693   -0.140668   -0.140645   -0.117144   -0.117115   -0.117086   -0.117057   -0.117028   -0.116999   -0.116971   -0.074049   -0.073950   -0.073851   -0.073752   -0.073258   -0.072765   -0.069663   -0.065084   -0.059446   -0.053383   -0.047049   -0.040368   -0.019345   -0.009655 -999.000000 -999.000000 -999.000000 -999.000000 -999.000000 -999.000000
   -0.141045   -0.141036   -0.141022   -0.140998   -0.140974   -0.140950   -0.140926   -0.140902   -0.140878   -0.140855   -0.117397   -0.117369   -0.117341   -0.117313   -0.117285   -0.117257   -0.117230   -0.074458   -0.074364   -0.074271   -0.074177   -0.073710   -0.073243   -0.070209   -0.065717   -0.060188   -0.054256   -0.048085   -0.041606   -0.021644   -0.012772   -0.001100 -999.000000 -999.000000 -999.000000 -999.000000 -999.000000
   -0.141286   -0.141276   -0.141263   -0.141239   -0.141216   -0.141193   -0.141170   -0.141147   -0.141124   -0.141101   -0.117692   -0.117665   -0.117639   -0.117612   -0.117585   -0.117558   -0.117532   -0.074932   -0.074843   -0.074754   -0.074666   -0.074223   -0.073780   -0.070809   -0.066397   -0.060970   -0.055164   -0.049143   -0.042848   -0.023814   -0.015610   -0.005533 -999.000000 -999.000000 -999.000000 -999.000000 -999.000000
   -0.141558   -0.141549   -0.141535   -0.141513   -0.141491   -0.141468   -0.141446   -0.141423   -0.141401   -0.141379   -0.118025   -0.117999   -0.117973   -0.117947   -0.117921   -0.117896   -0.117871   -0.075462   -0.075377   -0.075293   -0.075209   -0.074786   -0.074364   -0.071451   -0.067116   -0.061787   -0.056096   -0.050212   -0.044087   -0.025876   -0.018228   -0.009197 -999.000000 -999.000000 -999.000000 -999.000000 -999.000000
   -0.141856   -0.141848   -0.141835   -0.141813   -0.141791   -0.141769   -0.141747   -0.141726   -0.141704   -0.141683   -0.118389   -0.118364   -0.118338   -0.118313   -0.118288   -0.118263   -0.118239   -0.076036   -0.075955   -0.075875   -0.075794   -0.075390   -0.074986   -0.072128   -0.067865   -0.062626   -0.057043   -0.051288   -0.045322   -0.027849   -0.020668   -0.012386   -0.002047 -999.000000 -999.000000 -999.000000 -999.000000
   -0.142177   -0.142168   -0.142156   -0.142134   -0.142113   -0.142092   -0.142071   -0.142049   -0.142028   -0.142008   -0.118777   -0.118753   -0.118729   -0.118705   -0.118680   -0.118656   -0.118633   -0.076647   -0.076569   -0.076492   -0.076415   -0.076027   -0.075640   -0.072832   -0.068635   -0.063480   -0.058000   -0.052367   -0.046550   -0.029743   -0.022960   -0.015244   -0.005886 -999.000000 -999.000000 -999.000000 -999.000000
   -0.142516   -0.142508   -0.142495   -0.142475   -0.142454   -0.142433   -0.142413   -0.142392   -0.142371   -0.142351   -0.119188   -0.119165   -0.119141   -0.119117   -0.119094   -0.119070   -0.119048   -0.077288   -0.077213   -0.077139   -0.077064   -0.076691   -0.076316   -0.073553   -0.069419   -0.064346   -0.058962   -0.053446   -0.047769   -0.031564   -0.025114   -0.017854   -0.009264   -0.033433 -999.000000 -999.000000 -999.000000
   -0.142869   -0.142861   -0.142849   -0.142829   -0.142809   -0.142789   -0.142769   -0.142748   -0.142728   -0.142709   -0.119615   -0.119592   -0.119569   -0.119546   -0.119523   -0.119500   -0.119478   -0.077949   -0.077877   -0.077804   -0.077732   -0.077371   -0.077008   -0.074288   -0.070213   -0.065219   -0.059929   -0.054523   -0.048979   -0.033320   -0.027139   -0.020267   -0.012365   -0.033507 -999.000000 -999.000000 -999.000000
   -0.143234   -0.143226   -0.143214   -0.143194   -0.143175   -0.143155   -0.143135   -0.143115   -0.143095   -0.143076   -0.120053   -0.120031   -0.120009   -0.119986   -0.119964   -0.119941   -0.119920   -0.078625   -0.078555   -0.078485   -0.078415   -0.078064   -0.077713   -0.075033   -0.071016   -0.066097   -0.060898   -0.055597   -0.050177   -0.035003   -0.029056   -0.022521   -0.015244   -0.033687 -999.000000 -999.000000 -999.000000
   -0.143607   -0.143599   -0.143588   -0.143568   -0.143549   -0.143530   -0.143510   -0.143491   -0.143472   -0.143453   -0.120502   -0.120480   -0.120458   -0.120437   -0.120415   -0.120393   -0.120372   -0.079312   -0.079245   -0.079177   -0.079109   -0.078768   -0.078427   -0.075786   -0.071826   -0.066980   -0.061866   -0.056666   -0.051355   -0.036616   -0.030877   -0.024658   -0.040064   -0.033968 -999.000000 -999.000000 -999.000000
   -0.143988   -0.143980   -0.143969   -0.143950   -0.143931   -0.143912   -0.143894   -0.143875   -0.143856   -0.143837   -0.120959   -0.120938   -0.120917   -0.120895   -0.120874   -0.120853   -0.120832   -0.080009   -0.079944   -0.079878   -0.079812   -0.079481   -0.079149   -0.076546   -0.072640   -0.067863   -0.062832   -0.057718   -0.052506   -0.038167   -0.032615   -0.045748   -0.040279   -0.034345 -999.000000 -999.000000 -999.000000
   -0.144375   -0.144368   -0.144357   -0.144339   -0.144320   -0.144302   -0.144283   -0.144265   -0.144246   -0.144228   -0.121424   -0.121403   -0.121382   -0.121362   -0.121341   -0.121320   -0.121300   -0.080714   -0.080650   -0.080586   -0.080522   -0.080200   -0.079876   -0.077310   -0.073456   -0.068744   -0.063784   -0.058750   -0.053632   -0.039661   -0.050962   -0.045931   -0.040577   -0.034806   -0.001649 -999.000000 -999.000000
   -0.144769   -0.144761   -0.144751   -0.144733   -0.144715   -0.144696   -0.144678   -0.144660   -0.144642   -0.144625   -0.121894   -0.121874   -0.121854   -0.121834   -0.121813   -0.121793   -0.121773   -0.081424   -0.081362   -0.081299   -0.081237   -0.080923   -0.080608   -0.078075   -0.074266   -0.069612   -0.064718   -0.059762   -0.054732   -0.055848   -0.051130   -0.046188   -0.040952   -0.035341   -0.004650 -999.000000 -999.000000
   -0.145167   -0.145159   -0.145149   -0.145131   -0.145114   -0.145096   -0.145078   -0.145061   -0.145043   -0.145026   -0.122370   -0.122350   -0.122330   -0.122310   -0.122291   -0.122271   -0.122252   -0.082137   -0.082076   -0.082015   -0.081954   -0.081647   -0.081337   -0.078832   -0.075065   -0.070466   -0.065637   -0.060754   -0.067282   -0.056010   -0.051364   -0.046513   -0.041394   -0.035941   -0.007338 -999.000000 -999.000000
   -0.145565   -0.145558   -0.145548   -0.145530   -0.145513   -0.145496   -0.145478   -0.145461   -0.145443   -0.145427   -0.122845   -0.122825   -0.122806   -0.122786   -0.122767   -0.122747   -0.122728   -0.082845   -0.082785   -0.082725   -0.082665   -0.082362   -0.082058   -0.079579   -0.075852   -0.071307   -0.076475   -0.071972   -0.067429   -0.056232   -0.051659   -0.046899   -0.041898   -0.036599   -0.009792   -0.001823 -999.000000
   -0.145961   -0.145954   -0.145944   -0.145927   -0.145910   -0.145893   -0.145875   -0.145858   -0.145841   -0.145825   -0.123316   -0.123296   -0.123277   -0.123258   -0.123239   -0.123220   -0.123201   -0.083544   -0.083485   -0.083426   -0.083366   -0.083068   -0.082768   -0.080316   -0.085289   -0.081034   -0.076594   -0.072126   -0.067625   -0.056510   -0.052010   -0.047342   -0.042457   -0.037312   -0.012063   -0.004687 -999.000000
   -0.146354   -0.146347   -0.146337   -0.146320   -0.146303   -0.146286   -0.146269   -0.146253   -0.146236   -0.146219   -0.123782   -0.123763   -0.123745   -0.123726   -0.123707   -0.123688   -0.123670   -0.084234   -0.084175   -0.084117   -0.084059   -0.083765   -0.091290   -0.088901   -0.085392   -0.081164   -0.076755   -0.072324   -0.067866   -0.056838   -0.052413   -0.047836   -0.043068   -0.038078   -0.014185   -0.007021 -999.000000
   -0.151147   -0.151140   -0.151130   -0.151112   -0.151095   -0.151078   -0.151060   -0.151043   -0.151026   -0.151009   -0.129405   -0.129385   -0.129365   -0.129345   -0.129324   -0.129304   -0.129285   -0.092280   -0.092212   -0.092144   -0.092076   -0.091733   -0.091388   -0.089018   -0.085533   -0.081332   -0.076956   -0.072562   -0.068148   -0.057213   -0.052863   -0.048380   -0.043730   -0.038890   -0.016163   -0.009040   -0.001206
   -0.151210   -0.151203   -0.151193   -0.151176   -0.151159   -0.151142   -0.151125   -0.151108   -0.151091   -0.151075   -0.129481   -0.129462   -0.129442   -0.129422   -0.129402   -0.129383   -0.129364   -0.092390   -0.092324   -0.092258   -0.092191   -0.091857   -0.091520   -0.089170   -0.085708   -0.081536   -0.077193   -0.072838   -0.068470   -0.057632   -0.053360   -0.048972   -0.044439   -0.039745   -0.017833   -0.010844   -0.003485
   -0.151292   -0.151286   -0.151276   -0.151259   -0.151242   -0.151226   -0.151209   -0.151192   -0.151176   -0.151160   -0.129581   -0.129561   -0.129542   -0.129523   -0.129503   -0.129484   -0.129465   -0.092533   -0.092468   -0.092403   -0.092338   -0.092012   -0.091683   -0.089353   -0.085916   -0.081774   -0.077466   -0.073151   -0.068829   -0.058095   -0.053902   -0.049609   -0.045191   -0.040633   -0.019264   -0.012489   -0.005465
   -0.151393   -0.151387   -0.151377   -0.151361   -0.151344   -0.151328   -0.151311   -0.151295   -0.151279   -0.151263   -0.129701   -0.129682   -0.129663   -0.129644   -0.129625   -0.129606   -0.129588   -0.092705   -0.092642   -0.092578   -0.092515   -0.092196   -0.091875   -0.089567   -0.086155   -0.082044   -0.077771   -0.073498   -0.069226   -0.058601   -0.054487   -0.050287   -0.045979   -0.041436   -0.020535   -0.013991   -0.007239
   -0.151512   -0.151505   -0.151496   -0.151480   -0.151464   -0.151448   -0.151431   -0.151415   -0.151399   -0.151384   -0.129842   -0.129824   -0.129805   -0.129787   -0.129768   -0.129750   -0.129732   -0.092905   -0.092844   -0.092782   -0.092720   -0.092409   -0.092097   -0.089809   -0.086423   -0.082345   -0.078110   -0.073881   -0.069659   -0.059146   -0.055111   -0.050999   -0.046695   -0.042139   -0.021690   -0.015340   -0.008860
   -0.151647   -0.151640   -0.151631   -0.151615   -0.151600   -0.151584   -0.151568   -0.151552   -0.151537   -0.151522   -0.130003   -0.129985   -0.129967   -0.129948   -0.129930   -0.129912   -0.129895   -0.093133   -0.093073   -0.093012   -0.092952   -0.092650   -0.092345   -0.090079   -0.086722   -0.082677   -0.078482   -0.074297   -0.070127   -0.059729   -0.055756   -0.051634   -0.047321   -0.042776   -0.022754   -0.016573   -0.010360
   -0.151799   -0.151792   -0.151783   -0.151768   -0.151752   -0.151737   -0.151722   -0.151706   -0.151691   -0.151676   -0.130183   -0.130165   -0.130147   -0.130130   -0.130112   -0.130094   -0.130077   -0.093387   -0.093329   -0.093270   -0.093212   -0.092917   -0.092621   -0.090378   -0.087050   -0.083040   -0.078885   -0.074746   -0.070627   -0.060310   -0.056319   -0.052192   -0.047888   -0.043365   -0.023739   -0.017715   -0.011773
   -0.151967   -0.151961   -0.151952   -0.151937   -0.151922   -0.151907   -0.151892   -0.151877   -0.151862   -0.151847   -0.130382   -0.130365   -0.130348   -0.130331   -0.130314   -0.130296   -0.130280   -0.093669   -0.093612   -0.093555   -0.093498   -0.093212   -0.092925   -0.090705   -0.087406   -0.083432   -0.079318   -0.075211   -0.071091   -0.060809   -0.056817   -0.052699   -0.048412   -0.043918   -0.024656   -0.018783   -0.013158
   -0.152152   -0.152146   -0.152138   -0.152123   -0.152108   -0.152094   -0.152079   -0.152064   -0.152049   -0.152035   -0.130601   -0.130585   -0.130568   -0.130551   -0.130534   -0.130517   -0.130501   -0.093977   -0.093922   -0.093867   -0.093811   -0.093534   -0.093254   -0.091059   -0.087790   -0.083839   -0.079728   -0.075614   -0.071494   -0.061255   -0.057273   -0.053169   -0.048905   -0.044444   -0.025518   -0.019790   -0.014520
   -0.152354   -0.152348   -0.152339   -0.152325   -0.152311   -0.152296   -0.152282   -0.152268   -0.152253   -0.152239   -0.130839   -0.130823   -0.130806   -0.130790   -0.130774   -0.130757   -0.130742   -0.094311   -0.094257   -0.094203   -0.094150   -0.093880   -0.093608   -0.091420   -0.088148   -0.084192   -0.080082   -0.075971   -0.071859   -0.061665   -0.057696   -0.053612   -0.049375   -0.044947   -0.026333   -0.020758   -0.015861
   -0.152563   -0.152557   -0.152549   -0.152534   -0.152520   -0.152506   -0.152491   -0.152477   -0.152463   -0.152449   -0.131082   -0.131066   -0.131049   -0.131033   -0.131017   -0.131000   -0.130984   -0.094647   -0.094592   -0.094538   -0.094483   -0.094206   -0.093926   -0.091730   -0.088457   -0.084505   -0.080401   -0.076299   -0.072197   -0.062048   -0.058097   -0.054035   -0.049825   -0.045432   -0.027108   -0.021746   -0.017181
   -0.152744   -0.152738   -0.152730   -0.152715   -0.152701   -0.152686   -0.152672   -0.152657   -0.152643   -0.152629   -0.131292   -0.131275   -0.131258   -0.131242   -0.131225   -0.131208   -0.131192   -0.094934   -0.094879   -0.094823   -0.094768   -0.094487   -0.094203   -0.092007   -0.088737   -0.084792   -0.080697   -0.076605   -0.072515   -0.062413   -0.058481   -0.054441   -0.050258   -0.045899   -0.027866   -0.022760   -0.018469
   -0.152905   -0.152899   -0.152890   -0.152876   -0.152861   -0.152847   -0.152832   -0.152818   -0.152803   -0.152789   -0.131478   -0.131461   -0.131445   -0.131428   -0.131411   -0.131394   -0.131378   -0.095191   -0.095135   -0.095079   -0.095023   -0.094741   -0.094455   -0.092261   -0.088996   -0.085060   -0.080975   -0.076895   -0.072819   -0.062763   -0.058850   -0.054833   -0.050677   -0.046353   -0.028655   -0.023801   -0.019709
   -0.153053   -0.153047   -0.153038   -0.153024   -0.153009   -0.152994   -0.152980   -0.152965   -0.152951   -0.152937   -0.131649   -0.131633   -0.131616   -0.131599   -0.131582   -0.131566   -0.131550   -0.095427   -0.095371   -0.095315   -0.095259   -0.094976   -0.094690   -0.092498   -0.089241   -0.085315   -0.081241   -0.077174   -0.073112   -0.063100   -0.059206   -0.055212   -0.051087   -0.046828   -0.029483   -0.024859   -0.020905
   -0.153191   -0.153185   -0.153176   -0.153162   -0.153147   -0.153133   -0.153118   -0.153104   -0.153089   -0.153075   -0.131810   -0.131793   -0.131777   -0.131760   -0.131743   -0.131726   -0.131710   -0.095649   -0.095593   -0.095537   -0.095481   -0.095198   -0.094912   -0.092725   -0.089475   -0.085559   -0.081497   -0.077443   -0.073395   -0.063425   -0.059551   -0.055588   -0.051519   -0.047334   -0.030354   -0.025889   -0.022060
   -0.153322   -0.153316   -0.153308   -0.153293   -0.153279   -0.153264   -0.153250   -0.153235   -0.153221   -0.153207   -0.131963   -0.131946   -0.131930   -0.131913   -0.131896   -0.131880   -0.131864   -0.095860   -0.095804   -0.095748   -0.095692   -0.095410   -0.095124   -0.092942   -0.089700   -0.085794   -0.081744   -0.077703   -0.073669   -0.063743   -0.059902   -0.055988   -0.051982   -0.047878   -0.031238   -0.026891   -0.023181
   -0.153449   -0.153443   -0.153434   -0.153420   -0.153405   -0.153391   -0.153376   -0.153362   -0.153348   -0.153334   -0.132110   -0.132094   -0.132077   -0.132061   -0.132044   -0.132027   -0.132011   -0.096063   -0.096007   -0.095951   -0.095895   -0.095614   -0.095329   -0.093152   -0.089918   -0.086022   -0.081984   -0.077955   -0.073942   -0.064075   -0.060278   -0.056418   -0.052482   -0.048451   -0.032101   -0.027865   -0.024290
   -0.153571   -0.153565   -0.153556   -0.153542   -0.153528   -0.153513   -0.153499   -0.153485   -0.153470   -0.153456   -0.132253   -0.132236   -0.132220   -0.132203   -0.132186   -0.132170   -0.132154   -0.096259   -0.096203   -0.096148   -0.096092   -0.095811   -0.095527   -0.093355   -0.090130   -0.086245   -0.082223   -0.078218   -0.074234   -0.064433   -0.060684   -0.056885   -0.053003   -0.049020   -0.032946   -0.028820   -0.025394
   -0.153689   -0.153683   -0.153675   -0.153661   -0.153646   -0.153632   -0.153618   -0.153603   -0.153589   -0.153575   -0.132391   -0.132374   -0.132358   -0.132341   -0.132325   -0.132308   -0.132292   -0.096449   -0.096393   -0.096338   -0.096282   -0.096002   -0.095719   -0.093555   -0.090342   -0.086477   -0.082478   -0.078502   -0.074550   -0.064821   -0.061122   -0.057363   -0.053522   -0.049584   -0.033774   -0.029780   -0.026493
   -0.153805   -0.153800   -0.153791   -0.153777   -0.153763   -0.153749   -0.153734   -0.153720   -0.153706   -0.153692   -0.132526   -0.132510   -0.132494   -0.132477   -0.132461   -0.132445   -0.132429   -0.096636   -0.096581   -0.096527   -0.096472   -0.096195   -0.095917   -0.093766   -0.090571   -0.086728   -0.082756   -0.078810   -0.074894   -0.065233   -0.061564   -0.057839   -0.054036   -0.050144   -0.034605   -0.030744 -999.000000
   -0.153928   -0.153922   -0.153914   -0.153900   -0.153886   -0.153872   -0.153858   -0.153844   -0.153830   -0.153817   -0.132671   -0.132655   -0.132639   -0.132623   -0.132607   -0.132591   -0.132575   -0.096836   -0.096782   -0.096729   -0.096675   -0.096404   -0.096130   -0.093995   -0.090820   -0.087002   -0.083059   -0.079140   -0.075248   -0.065643   -0.062004   -0.058312   -0.054548   -0.050710   -0.035448   -0.031714 -999.000000
   -0.154061   -0.154056   -0.154048   -0.154034   -0.154020   -0.154007   -0.153993   -0.153979   -0.153965   -0.153952   -0.132828   -0.132812   -0.132796   -0.132781   -0.132765   -0.132749   -0.132734   -0.097054   -0.097001   -0.096948   -0.096895   -0.096630   -0.096363   -0.094245   -0.091091   -0.087294   -0.083370   -0.079471   -0.075600   -0.066052   -0.062442   -0.058785   -0.055070   -0.051292   -0.036303 -999.000000 -999.000000
   -0.154208   -0.154203   -0.154195   -0.154181   -0.154168   -0.154154   -0.154141   -0.154127   -0.154114   -0.154101   -0.133000   -0.132985   -0.132969   -0.132954   -0.132939   -0.132923   -0.132908   -0.097292   -0.097241   -0.097189   -0.097137   -0.096878   -0.096615   -0.094509   -0.091368   -0.087586   -0.083680   -0.079801   -0.075952   -0.066459   -0.062884   -0.059271   -0.055607   -0.051890 -999.000000 -999.000000 -999.000000
   -0.154362   -0.154357   -0.154349   -0.154336   -0.154323   -0.154309   -0.154296   -0.154283   -0.154269   -0.154256   -0.133180   -0.133165   -0.133150   -0.133135   -0.133119   -0.133104   -0.133090   -0.097539   -0.097488   -0.097437   -0.097386   -0.097129   -0.096869   -0.094772   -0.091644   -0.087878   -0.083990   -0.080130   -0.076306   -0.066877   -0.063340   -0.059773   -0.056161 -999.000000 -999.000000 -999.000000 -999.000000
   -0.154517   -0.154512   -0.154504   -0.154491   -0.154478   -0.154465   -0.154451   -0.154438   -0.154425   -0.154412   -0.133361   -0.133346   -0.133331   -0.133316   -0.133300   -0.133285   -0.133271   -0.097787   -0.097736   -0.097686   -0.097635   -0.097380   -0.097123   -0.095035   -0.091919   -0.088171   -0.084302   -0.080468   -0.076672   -0.067309   -0.063812   -0.060291 -999.000000 -999.000000 -999.000000 -999.000000 -999.000000
   -0.154672   -0.154667   -0.154659   -0.154646   -0.154633   -0.154620   -0.154607   -0.154594   -0.154581   -0.154568   -0.133541   -0.133526   -0.133511   -0.133497   -0.133482   -0.133467   -0.133452   -0.098034   -0.097984   -0.097934   -0.097883   -0.097631   -0.097376   -0.095299   -0.092199   -0.088471   -0.084627   -0.080819   -0.077052   -0.067756 -999.000000 -999.000000 -999.000000 -999.000000 -999.000000 -999.000000 -999.000000
   -0.154828   -0.154823   -0.154815   -0.154802   -0.154789   -0.154776   -0.154764   -0.154751   -0.154738   -0.154725   -0.133723   -0.133708   -0.133694   -0.133679   -0.133664   -0.133650   -0.133635   -0.098283   -0.098234   -0.098184   -0.098135   -0.097886   -0.097636   -0.095572   -0.092490   -0.088783   -0.084963   -0.081183 -999.000000 -999.000000 -999.000000 -999.000000 -999.000000 -999.000000 -999.000000 -999.000000 -999.000000
   -0.154990   -0.154984   -0.154977   -0.154964   -0.154952   -0.154939   -0.154926   -0.154914   -0.154901   -0.154889   -0.133912   -0.133898   -0.133883   -0.133869   -0.133854   -0.133840   -0.133826   -0.098542   -0.098493   -0.098445   -0.098396   -0.098152   -0.097906   -0.095856   -0.092793   -0.089108 -999.000000 -999.000000 -999.000000 -999.000000 -999.000000 -999.000000 -999.000000 -999.000000 -999.000000 -999.000000 -999.000000
   -0.155158   -0.155153   -0.155146   -0.155133   -0.155121   -0.155108   -0.155096   -0.155083   -0.155071   -0.155059   -0.134109   -0.134095   -0.134081   -0.134067   -0.134052   -0.134038   -0.134025   -0.098811   -0.098764   -0.098716   -0.098669   -0.098429   -0.098188 -999.000000 -999.000000 -999.000000 -999.000000 -999.000000 -999.000000 -999.000000 -999.000000 -999.000000 -999.000000 -999.000000 -999.000000 -999.000000 -999.000000
#
# iasp91 travel-time table for PS
#
