#
# iasp91 travel-time table for PKPbc
#
# number of distance and depth samples
13 37
# delta samples
143.000 144.000 145.000 146.000 147.000 148.000 149.000 150.000 151.000 152.000 153.000 154.000 155.000 
# depth samples
    0.000000    1.000000    2.500000    5.000000    7.500000   10.000000   12.500000   15.000000   17.500000   19.900000   20.000000   22.500000   25.000000   27.500000   30.000000   32.500000   34.900000   35.000000   40.000000   45.000000   50.000000   75.000000  100.000000  150.000000  200.000000  250.000000  300.000000  350.000000  400.000000  450.000000  500.000000  550.000000  600.000000  650.000000  700.000000  750.000000  800.000000
#
# travel times (rows - delta, columns - depth)
#
 -999.000000 -999.000000 -999.000000 -999.000000 -999.000000 -999.000000 -999.000000 -999.000000 -999.000000 -999.000000 -999.000000 -999.000000 -999.000000 -999.000000 -999.000000 -999.000000 -999.000000 -999.000000 -999.000000 -999.000000 -999.000000 -999.000000 -999.000000 -999.000000 -999.000000 -999.000000 -999.000000 -999.000000 -999.000000 -999.000000 -999.000000 -999.000000 1103.543213 1098.878540 1094.516357 1090.267822 1086.068848
 -999.000000 -999.000000 -999.000000 -999.000000 -999.000000 -999.000000 -999.000000 -999.000000 -999.000000 -999.000000 -999.000000 -999.000000 -999.000000 -999.000000 -999.000000 -999.000000 -999.000000 -999.000000 -999.000000 -999.000000 -999.000000 -999.000000 -999.000000 -999.000000 -999.000000 1143.110840 1137.479858 1131.971191 1126.582153 1121.467163 1116.489502 1111.605103 1106.811401 1102.105591 1097.704956 1093.420654 1089.188232
 1177.629883 1177.460083 1177.205322 1176.780640 1176.355957 1175.931274 1175.506592 1175.081909 1174.657349 1174.249634 1174.232666 1173.855225 1173.477783 1173.100220 1172.722778 1172.345337 1171.983032 1171.968018 1171.363892 1170.759888 1170.155884 1167.136597 1164.118408 1158.104858 1152.190430 1146.390991 1140.723389 1135.182861 1129.764404 1124.620972 1119.615723 1114.704834 1109.885254 1105.154175 1100.727539 1096.417480 1092.159790
 1180.797729 1180.627563 1180.372314 1179.946777 1179.521362 1179.095825 1178.670410 1178.244995 1177.819458 1177.411011 1177.394043 1177.015747 1176.637329 1176.259033 1175.880615 1175.502319 1175.139160 1175.124023 1174.517700 1173.911499 1173.305298 1170.275269 1167.246704 1161.212646 1155.278198 1149.458984 1143.771729 1138.211670 1132.773804 1127.610229 1122.584961 1117.654053 1112.814575 1108.063477 1103.615967 1099.284912 1095.006470
 1183.788086 1183.617676 1183.362061 1182.936035 1182.510132 1182.084106 1181.658081 1181.232056 1180.806030 1180.397095 1180.380127 1180.001099 1179.622070 1179.243164 1178.864258 1178.485229 1178.121460 1178.106323 1177.498535 1176.890747 1176.283081 1173.245483 1170.209351 1164.160400 1158.210938 1152.376709 1146.674194 1141.098755 1135.645386 1130.465698 1125.423950 1120.476562 1115.620361 1110.852661 1106.387451 1102.038452 1097.742065
 1186.638184 1186.467529 1186.211670 1185.785278 1185.358765 1184.932373 1184.505859 1184.079468 1183.653076 1183.243652 1183.226562 1182.847168 1182.467651 1182.088257 1181.708740 1181.329346 1180.965088 1180.949951 1180.340942 1179.731934 1179.123047 1176.079346 1173.037109 1166.976074 1161.014282 1155.167603 1149.452393 1143.864136 1138.397583 1133.204102 1128.148438 1123.186768 1118.316162 1113.533813 1109.053101 1104.688232 1100.375854
 1189.367065 1189.196289 1188.940186 1188.513428 1188.086548 1187.659790 1187.233032 1186.806152 1186.379395 1185.969604 1185.952515 1185.572632 1185.192749 1184.812988 1184.433105 1184.053223 1183.688599 1183.673462 1183.063354 1182.453369 1181.843384 1178.794556 1175.747070 1169.675659 1163.703247 1157.845825 1152.119629 1146.520020 1141.041992 1135.836426 1130.768188 1125.793945 1120.910400 1116.114990 1111.620239 1107.241089 1102.914307
 1191.986694 1191.815796 1191.559448 1191.132324 1190.705200 1190.278076 1189.850952 1189.423828 1188.996704 1188.586548 1188.569580 1188.189331 1187.809082 1187.428833 1187.048584 1186.668335 1186.303345 1186.288208 1185.677124 1185.066284 1184.455444 1181.401978 1178.349976 1172.269165 1166.287476 1160.420288 1154.684204 1149.074463 1143.586060 1138.369507 1133.290039 1128.304321 1123.409058 1118.601685 1114.094116 1109.701904 1105.361816
 1194.504395 1194.333496 1194.077026 1193.649536 1193.222046 1192.794678 1192.367188 1191.939819 1191.512329 1191.102051 1191.084961 1190.704346 1190.323730 1189.943237 1189.562622 1189.182129 1188.816772 1188.801636 1188.189697 1187.578003 1186.966309 1183.908691 1180.852539 1174.763428 1168.773071 1162.897217 1157.152100 1151.533203 1146.035278 1140.808594 1135.718872 1130.722534 1125.816528 1120.998169 1116.478760 1112.074341 1107.721924
 1196.925903 1196.754761 1196.498169 1196.070435 1195.642700 1195.215088 1194.787354 1194.359619 1193.931885 1193.521362 1193.504272 1193.123413 1192.742432 1192.361572 1191.980713 1191.599854 1191.234253 1191.219116 1190.606445 1189.994019 1189.381592 1186.320190 1183.260132 1177.163330 1171.165161 1165.281250 1159.527832 1153.900269 1148.393677 1143.157715 1138.058472 1133.052246 1128.136353 1123.307617 1118.777344 1114.361816 1109.998047
 1199.255127 1199.083984 1198.827148 1198.399170 1197.971313 1197.543335 1197.115356 1196.687378 1196.259399 1195.848633 1195.831543 1195.450317 1195.069214 1194.687988 1194.306885 1193.925781 1193.559814 1193.544678 1192.931396 1192.318115 1191.705078 1188.640137 1185.576660 1179.472778 1173.467285 1167.575928 1161.814941 1156.179565 1150.664795 1145.420410 1140.312378 1135.297241 1130.372192 1125.534180 1120.993896 1116.568115 1112.193848
 1201.496460 1201.325195 1201.068237 1200.640137 1200.211914 1199.783691 1199.355591 1198.927368 1198.499146 1198.088135 1198.071045 1197.689575 1197.308228 1196.926758 1196.545410 1196.163940 1195.797852 1195.782593 1195.168701 1194.554932 1193.941162 1190.873047 1187.806274 1181.696045 1175.683960 1169.785889 1164.017822 1158.375244 1152.853149 1147.600830 1142.484497 1137.460938 1132.526978 1127.679810 1123.129639 1118.693237 -999.000000
 1203.653320 1203.481934 1203.224854 1202.796509 1202.368042 1201.939697 1201.511230 1201.082886 1200.654419 1200.243164 1200.226074 1199.844482 1199.462769 1199.081177 1198.699463 1198.317871 1197.951416 1197.936279 1197.321655 1196.707275 1196.092773 1193.021606 1189.951782 1183.835083 1177.816284 1171.911255 1166.136108 -999.000000 -999.000000 -999.000000 -999.000000 -999.000000 -999.000000 -999.000000 -999.000000 -999.000000 -999.000000
#
# dtdd (rows - delta, columns - depth)
#
 -999.000000 -999.000000 -999.000000 -999.000000 -999.000000 -999.000000 -999.000000 -999.000000 -999.000000 -999.000000 -999.000000 -999.000000 -999.000000 -999.000000 -999.000000 -999.000000 -999.000000 -999.000000 -999.000000 -999.000000 -999.000000 -999.000000 -999.000000 -999.000000 -999.000000 -999.000000 -999.000000 -999.000000 -999.000000 -999.000000 -999.000000 -999.000000    3.417116    3.347989    3.293335    3.246949    3.205809
 -999.000000 -999.000000 -999.000000 -999.000000 -999.000000 -999.000000 -999.000000 -999.000000 -999.000000 -999.000000 -999.000000 -999.000000 -999.000000 -999.000000 -999.000000 -999.000000 -999.000000 -999.000000 -999.000000 -999.000000 -999.000000 -999.000000 -999.000000 -999.000000 -999.000000    3.484324    3.390898    3.337159    3.294152    3.255645    3.220598    3.188082    3.157290    3.127791    3.097901    3.068719    3.040455
    3.283849    3.283390    3.282704    3.281564    3.280429    3.279299    3.278173    3.277052    3.275936    3.274868    3.274824    3.273579    3.272339    3.271105    3.269876    3.268653    3.267483    3.267435    3.264414    3.261425    3.258468    3.244111    3.230390    3.204419    3.179696    3.155817    3.132525    3.109695    3.087232    3.064389    3.041698    3.019272    2.997060    2.975016    2.952027    2.929012    2.906259
    3.069946    3.069695    3.069318    3.068690    3.068062    3.067435    3.066808    3.066182    3.065556    3.064956    3.064931    3.064228    3.063526    3.062824    3.062123    3.061422    3.060750    3.060723    3.058978    3.057237    3.055501    3.046875    3.038341    3.021471    3.004649    2.987805    2.970867    2.953824    2.936671    2.918878    2.900908    2.882904    2.864856    2.846751    2.827690    2.808435    2.789230
    2.916157    2.915964    2.915674    2.915192    2.914709    2.914227    2.913745    2.913263    2.912781    2.912318    2.912299    2.911757    2.911215    2.910674    2.910133    2.909592    2.909072    2.909051    2.907702    2.906356    2.905010    2.898301    2.891623    2.878311    2.864899    2.851341    2.837587    2.823635    2.809485    2.794704    2.779654    2.764443    2.749070    2.733533    2.717065    2.700316    2.683504
    2.787034    2.786874    2.786635    2.786237    2.785839    2.785440    2.785042    2.784644    2.784245    2.783863    2.783847    2.783399    2.782951    2.782503    2.782055    2.781607    2.781177    2.781159    2.780043    2.778927    2.777811    2.772236    2.766667    2.755508    2.744193    2.732685    2.720942    2.708963    2.696750    2.683928    2.670804    2.657461    2.643897    2.630111    2.615424    2.600408    2.585257
    2.672740    2.672602    2.672395    2.672050    2.671706    2.671361    2.671016    2.670670    2.670325    2.669993    2.669980    2.669591    2.669203    2.668815    2.668426    2.668038    2.667665    2.667649    2.666681    2.665712    2.664744    2.659896    2.655043    2.645283    2.635344    2.625190    2.614785    2.604128    2.593219    2.581722    2.569910    2.557868    2.545596    2.533094    2.519747    2.506067    2.492233
    2.567626    2.567502    2.567317    2.567008    2.566699    2.566389    2.566080    2.565770    2.565460    2.565163    2.565151    2.564803    2.564454    2.564106    2.563757    2.563409    2.563074    2.563060    2.562192    2.561323    2.560454    2.556103    2.551741    2.542958    2.533996    2.524824    2.515408    2.505746    2.495838    2.485378    2.474612    2.463617    2.452393    2.440939    2.428690    2.416106    2.403346
    2.468810    2.468697    2.468529    2.468248    2.467967    2.467685    2.467404    2.467123    2.466841    2.466571    2.466560    2.466243    2.465927    2.465610    2.465293    2.464976    2.464672    2.464659    2.463870    2.463080    2.462290    2.458332    2.454362    2.446360    2.438183    2.429803    2.421184    2.412323    2.403219    2.393591    2.383662    2.373502    2.363111    2.352486    2.341107    2.329403    2.317523
    2.374785    2.374682    2.374527    2.374268    2.374009    2.373750    2.373491    2.373231    2.372972    2.372723    2.372712    2.372421    2.372129    2.371837    2.371545    2.371253    2.370972    2.370961    2.370234    2.369506    2.368778    2.365128    2.361465    2.354073    2.346508    2.338746    2.330755    2.322535    2.314081    2.305144    2.295951    2.286571    2.277003    2.267245    2.256825    2.246135    2.235313
    2.284402    2.284307    2.284164    2.283927    2.283689    2.283451    2.283213    2.282975    2.282737    2.282508    2.282499    2.282231    2.281964    2.281696    2.281428    2.281160    2.280903    2.280892    2.280225    2.279558    2.278891    2.275548    2.272196    2.265440    2.258540    2.251472    2.244210    2.236751    2.229095    2.221009    2.212678    2.204162    2.195460    2.186563    2.176915    2.166815    2.156374
    2.199102    2.199016    2.198887    2.198672    2.198457    2.198242    2.198027    2.197811    2.197596    2.197389    2.197380    2.197138    2.196896    2.196653    2.196411    2.196168    2.195935    2.195925    2.195322    2.194718    2.194114    2.191086    2.188046    2.181863    2.175460    2.168808    2.161876    2.154650    2.147121    2.139042    2.130583    2.121789    2.112647    2.103143    2.092793    2.081951 -999.000000
    2.112952    2.112861    2.112725    2.112496    2.112268    2.112039    2.111810    2.111581    2.111352    2.111132    2.111122    2.110865    2.110606    2.110348    2.110090    2.109831    2.109582    2.109572    2.108927    2.108282    2.107635    2.104381    2.101095    2.094403    2.087469    2.080263    2.072747 -999.000000 -999.000000 -999.000000 -999.000000 -999.000000 -999.000000 -999.000000 -999.000000 -999.000000 -999.000000
#
# dtdh (rows - delta, columns - depth)
#
 -999.000000 -999.000000 -999.000000 -999.000000 -999.000000 -999.000000 -999.000000 -999.000000 -999.000000 -999.000000 -999.000000 -999.000000 -999.000000 -999.000000 -999.000000 -999.000000 -999.000000 -999.000000 -999.000000 -999.000000 -999.000000 -999.000000 -999.000000 -999.000000 -999.000000 -999.000000 -999.000000 -999.000000 -999.000000 -999.000000 -999.000000 -999.000000   -0.094088   -0.092481   -0.085531   -0.084413   -0.083605
 -999.000000 -999.000000 -999.000000 -999.000000 -999.000000 -999.000000 -999.000000 -999.000000 -999.000000 -999.000000 -999.000000 -999.000000 -999.000000 -999.000000 -999.000000 -999.000000 -999.000000 -999.000000 -999.000000 -999.000000 -999.000000 -999.000000 -999.000000 -999.000000 -999.000000   -0.113824   -0.111394   -0.108963   -0.106610   -0.100507   -0.098608   -0.096766   -0.094978   -0.093251   -0.086273   -0.085103   -0.084256
   -0.169866   -0.169866   -0.169865   -0.169865   -0.169865   -0.169865   -0.169864   -0.169864   -0.169864   -0.169864   -0.150983   -0.150983   -0.150983   -0.150982   -0.150982   -0.150982   -0.150982   -0.120818   -0.120809   -0.120801   -0.120792   -0.120749   -0.120704   -0.119360   -0.117231   -0.114661   -0.112066   -0.109570   -0.107178   -0.101069   -0.099148   -0.097289   -0.095489   -0.093751   -0.086794   -0.085613   -0.084755
   -0.170189   -0.170189   -0.170188   -0.170187   -0.170186   -0.170186   -0.170185   -0.170184   -0.170183   -0.170182   -0.151341   -0.151340   -0.151339   -0.151338   -0.151338   -0.151337   -0.151336   -0.121259   -0.121249   -0.121238   -0.121227   -0.121173   -0.121119   -0.119764   -0.117629   -0.115054   -0.112458   -0.109960   -0.107567   -0.101471   -0.099549   -0.097689   -0.095888   -0.094149   -0.087215   -0.086032   -0.085170
   -0.170408   -0.170407   -0.170407   -0.170406   -0.170405   -0.170404   -0.170403   -0.170402   -0.170401   -0.170400   -0.151586   -0.151585   -0.151584   -0.151583   -0.151582   -0.151581   -0.151580   -0.121564   -0.121553   -0.121542   -0.121531   -0.121475   -0.121419   -0.120062   -0.117929   -0.115357   -0.112764   -0.110270   -0.107880   -0.101798   -0.099878   -0.098020   -0.096221   -0.094485   -0.087573   -0.086391   -0.085529
   -0.170582   -0.170582   -0.170581   -0.170580   -0.170579   -0.170579   -0.170578   -0.170577   -0.170576   -0.170575   -0.151782   -0.151781   -0.151780   -0.151779   -0.151779   -0.151778   -0.151777   -0.121809   -0.121798   -0.121786   -0.121775   -0.121718   -0.121662   -0.120307   -0.118176   -0.115609   -0.113020   -0.110530   -0.108144   -0.102077   -0.100160   -0.098306   -0.096511   -0.094779   -0.087889   -0.086709   -0.085848
   -0.170730   -0.170730   -0.170729   -0.170728   -0.170727   -0.170727   -0.170726   -0.170725   -0.170724   -0.170723   -0.151949   -0.151948   -0.151947   -0.151946   -0.151945   -0.151944   -0.151943   -0.122016   -0.122005   -0.121994   -0.121982   -0.121926   -0.121869   -0.120516   -0.118389   -0.115827   -0.113243   -0.110758   -0.108377   -0.102323   -0.100411   -0.098562   -0.096771   -0.095044   -0.088173   -0.086997   -0.086139
   -0.170860   -0.170860   -0.170860   -0.170859   -0.170858   -0.170857   -0.170856   -0.170855   -0.170855   -0.170854   -0.152096   -0.152095   -0.152094   -0.152093   -0.152092   -0.152091   -0.152090   -0.122199   -0.122188   -0.122177   -0.122166   -0.122109   -0.122053   -0.120703   -0.118580   -0.116022   -0.113443   -0.110963   -0.108587   -0.102546   -0.100639   -0.098794   -0.097008   -0.095286   -0.088434   -0.087261   -0.086406
   -0.170978   -0.170978   -0.170977   -0.170977   -0.170976   -0.170975   -0.170974   -0.170973   -0.170973   -0.170972   -0.152228   -0.152228   -0.152227   -0.152226   -0.152225   -0.152224   -0.152223   -0.122365   -0.122354   -0.122343   -0.122331   -0.122276   -0.122220   -0.120872   -0.118753   -0.116200   -0.113625   -0.111150   -0.108780   -0.102751   -0.100848   -0.099008   -0.097227   -0.095508   -0.088675   -0.087505   -0.086653
   -0.171086   -0.171086   -0.171085   -0.171084   -0.171084   -0.171083   -0.171082   -0.171081   -0.171081   -0.171080   -0.152350   -0.152349   -0.152348   -0.152347   -0.152346   -0.152346   -0.152345   -0.122516   -0.122505   -0.122494   -0.122483   -0.122428   -0.122372   -0.121028   -0.118912   -0.116363   -0.113794   -0.111323   -0.108957   -0.102940   -0.101041   -0.099206   -0.097429   -0.095715   -0.088897   -0.087731   -0.086881
   -0.171185   -0.171185   -0.171185   -0.171184   -0.171183   -0.171183   -0.171182   -0.171181   -0.171180   -0.171180   -0.152462   -0.152461   -0.152460   -0.152460   -0.152459   -0.152458   -0.152457   -0.122656   -0.122645   -0.122634   -0.122623   -0.122568   -0.122513   -0.121171   -0.119059   -0.116514   -0.113948   -0.111482   -0.109121   -0.103113   -0.101218   -0.099386   -0.097613   -0.095903   -0.089101   -0.087938   -0.087092
   -0.171276   -0.171275   -0.171275   -0.171274   -0.171274   -0.171273   -0.171272   -0.171272   -0.171271   -0.171270   -0.152564   -0.152563   -0.152562   -0.152561   -0.152561   -0.152560   -0.152559   -0.122783   -0.122772   -0.122761   -0.122750   -0.122696   -0.122641   -0.121301   -0.119192   -0.116651   -0.114090   -0.111629   -0.109272   -0.103275   -0.101386   -0.099560   -0.097793   -0.096090   -0.089306   -0.088151 -999.000000
   -0.171363   -0.171363   -0.171363   -0.171362   -0.171362   -0.171361   -0.171360   -0.171360   -0.171359   -0.171359   -0.152663   -0.152662   -0.152661   -0.152661   -0.152660   -0.152659   -0.152659   -0.122906   -0.122896   -0.122885   -0.122875   -0.122821   -0.122768   -0.121432   -0.119328   -0.116793   -0.114237 -999.000000 -999.000000 -999.000000 -999.000000 -999.000000 -999.000000 -999.000000 -999.000000 -999.000000 -999.000000
#
# iasp91 travel-time table for PKPbc
#
