#
# iasp91 travel-time table for sPKPab
#
# number of distance and depth samples
34 36
# delta samples
145.000 146.000 147.000 148.000 149.000 150.000 151.000 152.000 153.000 154.000 155.000 156.000 157.000 158.000 159.000 160.000 161.000 162.000 163.000 164.000 165.000 166.000 167.000 168.000 169.000 
170.000 171.000 172.000 173.000 174.000 175.000 176.000 177.000 178.000 
# depth samples
    1.000000    2.500000    5.000000    7.500000   10.000000   12.500000   15.000000   17.500000   19.900000   20.000000   22.500000   25.000000   27.500000   30.000000   32.500000   34.900000   35.000000   40.000000   45.000000   50.000000   75.000000  100.000000  150.000000  200.000000  250.000000  300.000000  350.000000  400.000000  450.000000  500.000000  550.000000  600.000000  650.000000  700.000000  750.000000  800.000000
#
# travel times (rows - delta, columns - depth)
#
 1178.041870 1178.485474 1179.224854 1179.964233 1180.703491 1181.442871 1182.182251 1182.921509 1183.631348 1183.660889 1184.322266 1184.983643 1185.645142 1186.306519 1186.967896 1187.602783 1187.629150 1188.734985 1189.840332 1190.945190 1196.462524 1201.968628 1212.950806 1223.906006 1234.768188 1245.424438 -999.000000 -999.000000 -999.000000 -999.000000 -999.000000 -999.000000 -999.000000 -999.000000 -999.000000 -999.000000
 1181.839966 1182.283325 1183.022339 1183.761230 1184.500122 1185.239136 1185.978027 1186.717041 1187.426392 1187.455811 1188.116821 1188.777832 1189.438721 1190.099609 1190.760620 1191.395020 1191.421387 1192.526123 1193.630249 1194.734009 1200.245483 1205.745605 1216.714966 1227.656128 1238.502563 1249.140137 1259.574463 1269.812622 1279.524658 1288.950317 1298.179321 1307.219238 1316.077393 1324.325806 1332.285767 1340.111084
 1185.755615 1186.198853 1186.937500 1187.676270 1188.414917 1189.153564 1189.892212 1190.630981 1191.340088 1191.369629 1192.030273 1192.690918 1193.351562 1194.012207 1194.672852 1195.307129 1195.333374 1196.437500 1197.540894 1198.643921 1204.151978 1209.648560 1220.610474 1231.543945 1242.382324 1253.011108 1263.436157 1273.664429 1283.365356 1292.778809 1301.994385 1311.019775 1319.861694 1328.091064 1336.028687 1343.827759
 1189.750610 1190.193726 1190.932251 1191.670654 1192.409180 1193.147705 1193.886230 1194.624756 1195.333618 1195.363159 1196.023682 1196.684082 1197.344482 1198.005005 1198.665405 1199.299438 1199.325684 1200.429199 1201.532227 1202.634644 1208.140137 1213.634033 1224.590576 1235.518188 1246.350708 1256.973267 1267.391602 1277.612915 1287.306152 1296.711304 1305.917969 1314.933838 1323.765625 1331.983398 1339.908325 1347.693604
 1193.806641 1194.249756 1194.988037 1195.726440 1196.464722 1197.203125 1197.941406 1198.679810 1199.388550 1199.418091 1200.078369 1200.738647 1201.398926 1202.059204 1202.719482 1203.353271 1203.379639 1204.482666 1205.585327 1206.687378 1212.190674 1217.682373 1228.634521 1239.557739 1250.385376 1261.003052 1271.416138 1281.631836 1291.319092 1300.717773 1309.917603 1318.926270 1327.750244 1335.959473 1343.875000 1351.650146
 1197.912964 1198.355835 1199.094116 1199.832275 1200.570557 1201.308716 1202.046997 1202.785156 1203.493896 1203.523315 1204.183472 1204.843628 1205.503784 1206.163818 1206.823975 1207.457642 1207.484009 1208.586670 1209.688965 1210.790649 1216.292236 1221.782104 1232.730469 1243.649780 1254.473633 1265.087036 1275.495850 1285.706909 1295.389038 1304.782471 1313.976685 1322.979370 1331.797119 1339.999268 1347.907104 1355.674316
 1202.061279 1202.504150 1203.242310 1203.980469 1204.718506 1205.456665 1206.194702 1206.932861 1207.641357 1207.670898 1208.330933 1208.990967 1209.650879 1210.310913 1210.970947 1211.604492 1211.630737 1212.733276 1213.835083 1214.936523 1220.436646 1225.924927 1236.870239 1247.786255 1258.606567 1269.216553 1279.621460 1289.828613 1299.506592 1308.895386 1318.084839 1327.082520 1335.894897 1344.091064 1351.992554 1359.752930
 1206.245239 1206.688110 1207.426147 1208.164185 1208.902100 1209.640137 1210.378174 1211.116211 1211.824585 1211.854126 1212.514038 1213.173950 1213.833862 1214.493774 1215.153564 1215.787109 1215.813354 1216.915527 1218.017212 1219.118408 1224.617065 1230.104126 1241.046631 1251.959961 1262.777466 1273.384277 1283.786133 1293.989868 1303.664185 1313.049194 1322.234497 1331.227783 1340.035645 1348.226685 1356.122681 1363.877319
 1210.459961 1210.902710 1211.640625 1212.378662 1213.116577 1213.854492 1214.592407 1215.330322 1216.038696 1216.068237 1216.728027 1217.387817 1218.047607 1218.707397 1219.367188 1220.000610 1220.026855 1221.128906 1222.230225 1223.331177 1228.828735 1234.314575 1245.254761 1256.165649 1266.980591 1277.584717 1287.983765 1298.184692 1307.855835 1317.237427 1326.419312 1335.408813 1344.212769 1352.399414 1360.290771 1368.040405
 1214.702026 1215.144775 1215.882568 1216.620483 1217.358276 1218.096191 1218.833984 1219.571899 1220.280151 1220.309692 1220.969482 1221.629150 1222.288818 1222.948608 1223.608276 1224.241577 1224.267822 1225.369629 1226.470825 1227.571533 1233.068115 1238.552856 1249.490967 1260.399536 1271.212158 1281.813965 1292.210571 1302.408813 1312.077148 1321.455811 1330.634399 1339.620728 1348.421143 1356.603882 1364.491211 1372.236450
 1218.968140 1219.410889 1220.148682 1220.886475 1221.624268 1222.362061 1223.099854 1223.837646 1224.545898 1224.575317 1225.234985 1225.894653 1226.554321 1227.213989 1227.873535 1228.506836 1228.533081 1229.634644 1230.735718 1231.836182 1237.331909 1242.815796 1253.751831 1264.658569 1275.469116 1286.068848 1296.463257 1306.659180 1316.324951 1325.700928 1334.876709 1343.859985 1352.657349 1360.836670 1368.720215 1376.461548
 1223.255371 1223.697998 1224.435791 1225.173462 1225.911255 1226.648926 1227.386719 1228.124390 1228.832642 1228.862061 1229.521729 1230.181274 1230.840820 1231.500488 1232.160034 1232.793213 1232.819458 1233.920898 1235.021729 1236.122070 1241.616943 1247.099976 1258.034546 1268.939453 1279.748291 1290.346191 1300.738525 1310.932495 1320.596069 1329.969604 1339.143066 1348.123657 1356.918213 1365.094482 1372.974731 1380.712646
 1227.561401 1228.004028 1228.741699 1229.479370 1230.217041 1230.954712 1231.692383 1232.430054 1233.138184 1233.167725 1233.827271 1234.486816 1235.146240 1235.805786 1236.465332 1237.098389 1237.124634 1238.225952 1239.326660 1240.426880 1245.921021 1251.403320 1262.336304 1273.239746 1284.046997 1294.643188 1305.033813 1315.225952 1324.887451 1334.259033 1343.430176 1352.408569 1361.200684 1369.374268 1377.251587 1384.986450
 1231.884399 1232.326904 1233.064575 1233.802246 1234.539917 1235.277466 1236.015137 1236.752686 1237.460815 1237.490356 1238.149780 1238.809326 1239.468750 1240.128174 1240.787598 1241.420654 1241.447021 1242.548096 1243.648682 1244.748779 1250.242310 1255.723877 1266.655518 1277.557495 1288.363281 1298.958008 1309.347046 1319.537476 1329.197266 1338.566895 1347.736084 1356.712280 1365.502319 1373.673462 1381.548218 1389.280273
 1236.222656 1236.665283 1237.402832 1238.140381 1238.878052 1239.615601 1240.353149 1241.090820 1241.798828 1241.828247 1242.487793 1243.147217 1243.806519 1244.465942 1245.125366 1245.758423 1245.784668 1246.885742 1247.986206 1249.086182 1254.578979 1260.060059 1270.990479 1281.891113 1292.695679 1303.288940 1313.676514 1323.865479 1333.523682 1342.891479 1352.058960 1361.033203 1369.821167 1377.990112 1385.862549 1393.592163
 1240.574707 1241.017334 1241.754883 1242.492432 1243.229980 1243.967529 1244.705078 1245.442505 1246.150635 1246.180054 1246.839478 1247.498779 1248.158203 1248.817505 1249.476929 1250.109863 1250.136108 1251.237061 1252.337402 1253.437378 1258.929688 1264.410156 1275.339478 1286.239014 1297.042358 1307.634399 1318.020752 1328.208252 1337.864990 1347.231323 1356.397095 1365.369629 1374.155762 1382.322632 1390.192871 1397.920288
 1244.938843 1245.381348 1246.118896 1246.856445 1247.593994 1248.331421 1249.068970 1249.806396 1250.514404 1250.543945 1251.203247 1251.862671 1252.521973 1253.181274 1253.840576 1254.473511 1254.499756 1255.600586 1256.700928 1257.800659 1263.292603 1268.772583 1279.700806 1290.599487 1301.401733 1311.992676 1322.377930 1332.564331 1342.219604 1351.584595 1360.748901 1369.719971 1378.504517 1386.669556 1394.537842 1402.263184
 1249.313599 1249.756104 1250.493652 1251.231079 1251.968628 1252.706055 1253.443604 1254.181030 1254.889038 1254.918457 1255.577759 1256.237061 1256.896362 1257.555664 1258.214966 1258.847900 1258.874146 1259.974854 1261.075073 1262.174805 1267.666260 1273.145874 1284.073242 1294.970947 1305.772339 1316.362305 1326.746460 1336.931763 1346.586060 1355.949829 1365.112793 1374.082520 1382.865601 1391.029053 1398.895630 1406.619141
 1253.697998 1254.140503 1254.877930 1255.615479 1256.352905 1257.090332 1257.827759 1258.565186 1259.273193 1259.302612 1259.961914 1260.621216 1261.280518 1261.939697 1262.598999 1263.231812 1263.258179 1264.358765 1265.458862 1266.558594 1272.049561 1277.528809 1288.455444 1299.352417 1310.152832 1320.742065 1331.125244 1341.309692 1350.962891 1360.325439 1369.487305 1378.455811 1387.237671 1395.399780 1403.264771 1410.986694
 1258.090942 1258.533447 1259.270874 1260.008301 1260.745728 1261.483154 1262.220581 1262.958008 1263.665894 1263.695435 1264.354736 1265.013916 1265.673218 1266.332397 1266.991577 1267.624512 1267.650757 1268.751343 1269.851440 1270.950928 1276.441650 1281.920532 1292.846436 1303.742676 1314.542480 1325.130859 1335.513306 1345.696777 1355.348999 1364.710693 1373.871460 1382.838867 1391.619507 1399.780396 1407.644043 1415.364624
 1262.491577 1262.933960 1263.671387 1264.408813 1265.146240 1265.883667 1266.621094 1267.358521 1268.066406 1268.095825 1268.755127 1269.414307 1270.073486 1270.732666 1271.391846 1272.024780 1272.051025 1273.151489 1274.251587 1275.351074 1280.841431 1286.320068 1297.245361 1308.140869 1318.940063 1329.527710 1339.909424 1350.092163 1359.743530 1369.104370 1378.264282 1387.230713 1396.010254 1404.169922 1412.032471 1419.751709
 1266.898926 1267.341309 1268.078735 1268.816162 1269.553467 1270.290894 1271.028320 1271.765625 1272.473511 1272.502930 1273.162231 1273.821411 1274.480591 1275.139771 1275.798950 1276.431763 1276.458008 1277.558594 1278.658447 1279.757935 1285.248047 1290.726440 1301.651123 1312.546143 1323.344604 1333.931763 1344.312744 1354.494873 1364.145508 1373.505493 1382.664551 1391.630127 1400.408936 1408.567505 1416.428955 1424.146973
 1271.312134 1271.754517 1272.491943 1273.229370 1273.966675 1274.704102 1275.441406 1276.178833 1276.886719 1276.916138 1277.575317 1278.234497 1278.893677 1279.552856 1280.212036 1280.844849 1280.871094 1281.971558 1283.071411 1284.170776 1289.660767 1295.138794 1306.063110 1316.957520 1327.755615 1338.342041 1348.722534 1358.904053 1368.554077 1377.913452 1387.071777 1396.036499 1404.814453 1412.972168 1420.832642 1428.549683
 1275.730591 1276.172974 1276.910400 1277.647705 1278.385132 1279.122437 1279.859863 1280.597168 1281.305054 1281.334473 1281.993652 1282.652832 1283.312012 1283.971191 1284.630249 1285.263062 1285.289307 1286.389771 1287.489624 1288.588989 1294.078613 1299.556519 1310.480347 1321.374390 1332.171997 1342.758057 1353.138062 1363.318970 1372.968384 1382.327148 1391.484863 1400.448975 1409.226196 1417.383057 1425.242676 1432.958740
 1280.153564 1280.595947 1281.333374 1282.070679 1282.807983 1283.545410 1284.282715 1285.020020 1285.727905 1285.757324 1286.416504 1287.075684 1287.734741 1288.393921 1289.053101 1289.685791 1289.712036 1290.812500 1291.912231 1293.011597 1298.501221 1303.978882 1314.902344 1325.796021 1336.593140 1347.178833 1357.558350 1367.738892 1377.387817 1386.745972 1395.903076 1404.866699 1413.643188 1421.799438 1429.658325 1437.373657
 1284.580322 1285.022705 1285.760132 1286.497437 1287.234741 1287.972168 1288.709473 1289.446777 1290.154541 1290.184082 1290.843262 1291.502319 1292.161499 1292.820557 1293.479736 1294.112427 1294.138672 1295.239136 1296.338867 1297.438232 1302.927612 1308.405151 1319.328247 1330.221558 1341.018433 1351.603760 1361.982910 1372.162964 1381.811523 1391.169312 1400.325928 1409.288940 1418.064941 1426.220703 1434.078857 1441.793457
 1289.010376 1289.452759 1290.190186 1290.927490 1291.664795 1292.402100 1293.139404 1293.876709 1294.584595 1294.614014 1295.273193 1295.932373 1296.591431 1297.250610 1297.909668 1298.542358 1298.568604 1299.668945 1300.768677 1301.868042 1307.357300 1312.834717 1323.757568 1334.650635 1345.447266 1356.032227 1366.411133 1376.590820 1386.239014 1395.596313 1404.752563 1413.715210 1422.490723 1430.645874 1438.503540 1446.217529
 1293.443115 1293.885498 1294.622925 1295.360229 1296.097534 1296.834839 1297.572144 1298.309448 1299.017212 1299.046753 1299.705933 1300.364990 1301.024048 1301.683228 1302.342285 1302.974976 1303.001343 1304.101562 1305.201294 1306.300537 1311.789795 1317.267090 1328.189819 1339.082642 1349.878906 1360.463623 1370.842285 1381.021729 1390.669678 1400.026611 1409.182495 1418.144775 1426.919922 1435.074707 1442.931885 1450.645386
 1297.878052 1298.320435 1299.057739 1299.795044 1300.532471 1301.269775 1302.007080 1302.744385 1303.452148 1303.481567 1304.140747 1304.799805 1305.458984 1306.118042 1306.777100 1307.409790 1307.436157 1308.536377 1309.636108 1310.735352 1316.224487 1321.701660 1332.624146 1343.516846 1354.312988 1364.897461 1375.275879 1385.455200 1395.102905 1404.459595 1413.615234 1422.577148 1431.352051 1439.506348 1447.363159 1455.076294
 1302.314575 1302.757080 1303.494385 1304.231689 1304.968994 1305.706299 1306.443604 1307.180908 1307.888672 1307.918091 1308.577271 1309.236328 1309.895508 1310.554565 1311.213623 1311.846313 1311.872559 1312.972900 1314.072632 1315.171875 1320.660889 1326.138062 1337.060425 1347.953003 1358.748901 1369.333252 1379.711548 1389.890625 1399.538086 1408.894653 1418.050049 1427.011719 1435.786377 1443.940430 1451.796875 1459.509644
 1306.752441 1307.194824 1307.932129 1308.669434 1309.406738 1310.144043 1310.881348 1311.618652 1312.326416 1312.355835 1313.015015 1313.674072 1314.333252 1314.992310 1315.651367 1316.284058 1316.310303 1317.410645 1318.510254 1319.609497 1325.098511 1330.575684 1341.497925 1352.390381 1363.186279 1373.770508 1384.148682 1394.327637 1403.974976 1413.331299 1422.486572 1431.448120 1440.222534 1448.376343 1456.232544 1463.945068
 1311.190918 1311.633301 1312.370605 1313.107910 1313.845215 1314.582520 1315.319824 1316.057129 1316.764893 1316.794312 1317.453491 1318.112671 1318.771729 1319.430786 1320.089844 1320.722534 1320.748901 1321.849121 1322.948853 1324.047974 1329.536987 1335.014038 1345.936279 1356.828735 1367.624512 1378.208740 1388.586792 1398.765625 1408.412842 1417.769165 1426.924316 1435.885742 1444.660034 1452.813721 1460.669678 1468.382080
 -999.000000 -999.000000 -999.000000 -999.000000 -999.000000 -999.000000 -999.000000 -999.000000 -999.000000 -999.000000 -999.000000 -999.000000 -999.000000 -999.000000 -999.000000 -999.000000 -999.000000 -999.000000 -999.000000 -999.000000 -999.000000 1339.452881 1350.375122 1361.267456 1372.063354 1382.647461 1393.025513 1403.204346 1412.851562 1422.207764 1431.362793 1440.324097 1449.098389 1457.251953 1465.107788 1472.820068
 -999.000000 -999.000000 -999.000000 -999.000000 -999.000000 -999.000000 -999.000000 -999.000000 -999.000000 -999.000000 -999.000000 -999.000000 -999.000000 -999.000000 -999.000000 -999.000000 -999.000000 -999.000000 -999.000000 -999.000000 -999.000000 -999.000000 -999.000000 -999.000000 -999.000000 -999.000000 -999.000000 -999.000000 -999.000000 -999.000000 -999.000000 1444.762939 1453.537109 1461.690674 1469.546509 1477.258789
#
# dtdd (rows - delta, columns - depth)
#
    3.711176    3.710819    3.710223    3.709624    3.709023    3.708419    3.707813    3.707204    3.706618    3.706594    3.705908    3.705219    3.704527    3.703832    3.703133    3.702460    3.702432    3.700741    3.699031    3.697301    3.688339    3.678796    3.657541    3.632255    3.599380    3.538934 -999.000000 -999.000000 -999.000000 -999.000000 -999.000000 -999.000000 -999.000000 -999.000000 -999.000000 -999.000000
    3.866398    3.866220    3.865923    3.865625    3.865327    3.865028    3.864728    3.864429    3.864140    3.864128    3.863791    3.863454    3.863116    3.862777    3.862438    3.862112    3.862098    3.861282    3.860462    3.859637    3.855453    3.851162    3.842241    3.832842    3.822851    3.812081    3.800424    3.787750    3.773387    3.757358    3.739462    3.719230    3.695940    3.666780    3.629496    3.574500
    3.959266    3.959139    3.958927    3.958714    3.958502    3.958289    3.958076    3.957862    3.957657    3.957648    3.957409    3.957169    3.956929    3.956688    3.956447    3.956215    3.956206    3.955626    3.955045    3.954461    3.951507    3.948494    3.942286    3.935828    3.929061    3.921883    3.914258    3.906146    3.897195    3.887524    3.877134    3.865941    3.853843    3.839993    3.824617    3.807731
    4.027813    4.027712    4.027545    4.027378    4.027210    4.027042    4.026874    4.026706    4.026544    4.026537    4.026349    4.026159    4.025970    4.025781    4.025591    4.025408    4.025401    4.024945    4.024487    4.024028    4.021708    4.019347    4.014499    4.009482    4.004254    3.998742    3.992925    3.986782    3.980057    3.972854    3.965191    3.957028    3.948319    3.938499    3.927801    3.916313
    4.082649    4.082565    4.082426    4.082286    4.082146    4.082006    4.081866    4.081725    4.081590    4.081584    4.081427    4.081269    4.081111    4.080954    4.080795    4.080643    4.080637    4.080257    4.079875    4.079493    4.077562    4.075600    4.071580    4.067434    4.063128    4.058606    4.053853    4.048854    4.043408    4.037607    4.031468    4.024962    4.018063    4.010334    4.001979    3.993088
    4.128512    4.128440    4.128321    4.128201    4.128081    4.127961    4.127841    4.127721    4.127605    4.127600    4.127466    4.127331    4.127195    4.127060    4.126925    4.126794    4.126789    4.126463    4.126137    4.125809    4.124157    4.122478    4.119044    4.115506    4.111837    4.107989    4.103951    4.099711    4.095100    4.090198    4.085025    4.079564    4.073794    4.067360    4.060440    4.053116
    4.167144    4.167083    4.166982    4.166881    4.166779    4.166677    4.166576    4.166474    4.166376    4.166372    4.166258    4.166143    4.166029    4.165915    4.165800    4.165689    4.165685    4.165409    4.165132    4.164855    4.163454    4.162031    4.159117    4.156111    4.152990    4.149714    4.146270    4.142651    4.138707    4.134508    4.130067    4.125372    4.120419    4.114903    4.108983    4.102731
    4.199963    4.199910    4.199822    4.199734    4.199645    4.199556    4.199468    4.199379    4.199294    4.199290    4.199191    4.199091    4.198992    4.198892    4.198792    4.198696    4.198692    4.198452    4.198212    4.197970    4.196754    4.195520    4.193001    4.190412    4.187728    4.184913    4.181961    4.178861    4.175490    4.171906    4.168126    4.164135    4.159918    4.155216    4.150159    4.144807
    4.228898    4.228850    4.228771    4.228692    4.228612    4.228533    4.228453    4.228374    4.228297    4.228294    4.228205    4.228115    4.228025    4.227936    4.227846    4.227760    4.227757    4.227541    4.227324    4.227108    4.226015    4.224907    4.222643    4.220318    4.217915    4.215401    4.212772    4.210022    4.207042    4.203887    4.200572    4.197090    4.193429    4.189368    4.185009    4.180406
    4.254672    4.254630    4.254560    4.254489    4.254419    4.254348    4.254278    4.254207    4.254139    4.254136    4.254057    4.253977    4.253898    4.253819    4.253739    4.253662    4.253659    4.253468    4.253276    4.253083    4.252111    4.251124    4.249105    4.247024    4.244865    4.242602    4.240235    4.237759    4.235076    4.232236    4.229252    4.226118    4.222824    4.219171    4.215267    4.211164
    4.277136    4.277099    4.277038    4.276976    4.276914    4.276853    4.276791    4.276729    4.276670    4.276667    4.276597    4.276528    4.276458    4.276389    4.276319    4.276252    4.276249    4.276082    4.275914    4.275745    4.274895    4.274032    4.272266    4.270448    4.268564    4.266590    4.264519    4.262347    4.259986    4.257479    4.254835    4.252047    4.249105    4.245827    4.242308    4.238607
    4.296917    4.296884    4.296828    4.296773    4.296718    4.296662    4.296607    4.296551    4.296497    4.296495    4.296432    4.296370    4.296308    4.296245    4.296183    4.296122    4.296120    4.295969    4.295818    4.295667    4.294904    4.294131    4.292552    4.290931    4.289256    4.287505    4.285676    4.283762    4.281687    4.279485    4.277164    4.274720    4.272143    4.269276    4.266199    4.262953
    4.314777    4.314747    4.314697    4.314647    4.314596    4.314546    4.314496    4.314445    4.314396    4.314394    4.314338    4.314281    4.314224    4.314167    4.314110    4.314055    4.314054    4.313917    4.313779    4.313642    4.312949    4.312246    4.310812    4.309339    4.307817    4.306225    4.304562    4.302823    4.300939    4.298945    4.296853    4.294655    4.292348    4.289790    4.287058    4.284190
    4.330914    4.330887    4.330842    4.330796    4.330750    4.330705    4.330659    4.330613    4.330569    4.330567    4.330516    4.330464    4.330413    4.330362    4.330310    4.330261    4.330258    4.330135    4.330010    4.329886    4.329258    4.328621    4.327322    4.325986    4.324605    4.323161    4.321651    4.320072    4.318360    4.316549    4.314646    4.312648    4.310549    4.308222    4.305737    4.303126
    4.345463    4.345438    4.345397    4.345356    4.345315    4.345273    4.345232    4.345191    4.345151    4.345149    4.345103    4.345056    4.345010    4.344963    4.344916    4.344872    4.344870    4.344758    4.344646    4.344533    4.343965    4.343389    4.342213    4.341004    4.339755    4.338448    4.337081    4.335651    4.334101    4.332460    4.330736    4.328924    4.327020    4.324908    4.322650    4.320278
    4.358351    4.358329    4.358294    4.358257    4.358221    4.358185    4.358149    4.358113    4.358078    4.358077    4.358036    4.357995    4.357955    4.357913    4.357873    4.357833    4.357832    4.357734    4.357635    4.357537    4.357038    4.356533    4.355498    4.354432    4.353326    4.352167    4.350951    4.349674    4.348286    4.346810    4.345253    4.343614    4.341889    4.339977    4.337931    4.335781
    4.369644    4.369625    4.369593    4.369561    4.369529    4.369497    4.369465    4.369432    4.369402    4.369401    4.369365    4.369328    4.369292    4.369256    4.369220    4.369185    4.369184    4.369097    4.369010    4.368923    4.368483    4.368036    4.367124    4.366187    4.365215    4.364196    4.363128    4.362008    4.360789    4.359495    4.358130    4.356691    4.355173    4.353481    4.351665    4.349745
    4.379750    4.379733    4.379704    4.379675    4.379647    4.379618    4.379589    4.379560    4.379532    4.379531    4.379498    4.379466    4.379433    4.379401    4.379368    4.379337    4.379335    4.379257    4.379178    4.379099    4.378702    4.378298    4.377474    4.376627    4.375751    4.374835    4.373875    4.372872    4.371784    4.370631    4.369420    4.368146    4.366808    4.365320    4.363722    4.362035
    4.388834    4.388818    4.388793    4.388767    4.388741    4.388715    4.388689    4.388663    4.388638    4.388637    4.388608    4.388578    4.388549    4.388520    4.388491    4.388463    4.388462    4.388391    4.388320    4.388250    4.387893    4.387531    4.386790    4.386028    4.385239    4.384413    4.383548    4.382642    4.381660    4.380620    4.379525    4.378374    4.377164    4.375820    4.374382    4.372869
    4.396921    4.396907    4.396884    4.396861    4.396838    4.396815    4.396791    4.396769    4.396746    4.396745    4.396719    4.396693    4.396667    4.396641    4.396616    4.396590    4.396589    4.396527    4.396464    4.396401    4.396083    4.395761    4.395102    4.394423    4.393721    4.392984    4.392213    4.391404    4.390526    4.389594    4.388613    4.387580    4.386491    4.385281    4.383984    4.382618
    4.404090    4.404078    4.404057    4.404037    4.404016    4.403996    4.403975    4.403955    4.403935    4.403934    4.403912    4.403888    4.403865    4.403842    4.403819    4.403797    4.403796    4.403740    4.403685    4.403629    4.403347    4.403061    4.402476    4.401874    4.401250    4.400596    4.399911    4.399192    4.398411    4.397583    4.396709    4.395790    4.394820    4.393742    4.392585    4.391365
    4.410422    4.410411    4.410393    4.410375    4.410357    4.410339    4.410321    4.410303    4.410286    4.410285    4.410265    4.410244    4.410224    4.410204    4.410183    4.410164    4.410163    4.410114    4.410065    4.410016    4.409767    4.409514    4.408998    4.408466    4.407914    4.407335    4.406729    4.406092    4.405400    4.404665    4.403891    4.403075    4.402214    4.401256    4.400228    4.399144
    4.415979    4.415970    4.415955    4.415939    4.415923    4.415907    4.415891    4.415875    4.415860    4.415860    4.415842    4.415824    4.415806    4.415789    4.415771    4.415753    4.415753    4.415710    4.415667    4.415624    4.415406    4.415185    4.414732    4.414265    4.413781    4.413272    4.412739    4.412179    4.411569    4.410921    4.410238    4.409517    4.408756    4.407909    4.406999    4.406038
    4.420817    4.420809    4.420795    4.420781    4.420768    4.420754    4.420740    4.420726    4.420713    4.420712    4.420697    4.420682    4.420666    4.420651    4.420636    4.420620    4.420620    4.420583    4.420546    4.420508    4.420319    4.420127    4.419733    4.419327    4.418905    4.418463    4.417997    4.417508    4.416976    4.416409    4.415812    4.415180    4.414513    4.413768    4.412968    4.412123
    4.424984    4.424976    4.424965    4.424953    4.424942    4.424930    4.424918    4.424906    4.424895    4.424894    4.424881    4.424868    4.424855    4.424841    4.424828    4.424815    4.424815    4.424783    4.424751    4.424719    4.424557    4.424392    4.424054    4.423705    4.423341    4.422960    4.422558    4.422136    4.421675    4.421185    4.420666    4.420117    4.419537    4.418889    4.418191    4.417453
    4.428526    4.428520    4.428510    4.428500    4.428490    4.428481    4.428471    4.428461    4.428451    4.428451    4.428440    4.428428    4.428417    4.428406    4.428395    4.428384    4.428383    4.428357    4.428329    4.428302    4.428165    4.428026    4.427739    4.427443    4.427135    4.426810    4.426468    4.426108    4.425714    4.425294    4.424850    4.424379    4.423881    4.423323    4.422721    4.422083
    4.431489    4.431484    4.431476    4.431468    4.431459    4.431451    4.431443    4.431435    4.431427    4.431427    4.431417    4.431408    4.431399    4.431389    4.431380    4.431371    4.431371    4.431349    4.431326    4.431304    4.431190    4.431074    4.430836    4.430589    4.430331    4.430059    4.429773    4.429471    4.429140    4.428786    4.428411    4.428012    4.427590    4.427116    4.426604    4.426059
    4.433909    4.433905    4.433899    4.433892    4.433886    4.433879    4.433872    4.433866    4.433859    4.433859    4.433852    4.433844    4.433837    4.433829    4.433822    4.433815    4.433815    4.433796    4.433778    4.433760    4.433668    4.433575    4.433382    4.433181    4.432971    4.432750    4.432515    4.432267    4.431994    4.431702    4.431392    4.431061    4.430709    4.430313    4.429884    4.429428
    4.435818    4.435814    4.435810    4.435804    4.435799    4.435794    4.435789    4.435784    4.435779    4.435779    4.435773    4.435767    4.435761    4.435756    4.435750    4.435744    4.435744    4.435730    4.435717    4.435702    4.435631    4.435559    4.435409    4.435252    4.435088    4.434913    4.434727    4.434530    4.434313    4.434079    4.433830    4.433563    4.433278    4.432955    4.432605    4.432230
    4.437245    4.437243    4.437239    4.437235    4.437232    4.437228    4.437224    4.437221    4.437217    4.437217    4.437213    4.437209    4.437205    4.437201    4.437196    4.437192    4.437192    4.437182    4.437172    4.437162    4.437110    4.437057    4.436947    4.436832    4.436710    4.436580    4.436440    4.436292    4.436126    4.435947    4.435755    4.435549    4.435327    4.435074    4.434797    4.434500
    4.438221    4.438219    4.438217    4.438214    4.438212    4.438210    4.438207    4.438205    4.438203    4.438202    4.438200    4.438197    4.438195    4.438192    4.438190    4.438187    4.438187    4.438180    4.438174    4.438167    4.438134    4.438100    4.438028    4.437951    4.437870    4.437781    4.437685    4.437581    4.437465    4.437338    4.437200    4.437049    4.436887    4.436699    4.436492    4.436268
    4.438770    4.438770    4.438768    4.438767    4.438766    4.438766    4.438764    4.438763    4.438762    4.438762    4.438761    4.438760    4.438758    4.438757    4.438756    4.438755    4.438755    4.438752    4.438749    4.438745    4.438730    4.438713    4.438677    4.438637    4.438592    4.438543    4.438488    4.438427    4.438357    4.438279    4.438191    4.438095    4.437987    4.437862    4.437720    4.437564
 -999.000000 -999.000000 -999.000000 -999.000000 -999.000000 -999.000000 -999.000000 -999.000000 -999.000000 -999.000000 -999.000000 -999.000000 -999.000000 -999.000000 -999.000000 -999.000000 -999.000000 -999.000000 -999.000000 -999.000000 -999.000000    4.438920    4.438918    4.438912    4.438904    4.438892    4.438876    4.438855    4.438829    4.438796    4.438757    4.438710    4.438655    4.438588    4.438509    4.438417
 -999.000000 -999.000000 -999.000000 -999.000000 -999.000000 -999.000000 -999.000000 -999.000000 -999.000000 -999.000000 -999.000000 -999.000000 -999.000000 -999.000000 -999.000000 -999.000000 -999.000000 -999.000000 -999.000000 -999.000000 -999.000000 -999.000000 -999.000000 -999.000000 -999.000000 -999.000000 -999.000000 -999.000000 -999.000000 -999.000000 -999.000000    4.438920    4.438915    4.438903    4.438882    4.438851
#
# dtdh (rows - delta, columns - depth)
#
    0.295741    0.295741    0.295740    0.295739    0.295738    0.295737    0.295736    0.295735    0.295735    0.264562    0.264561    0.264560    0.264559    0.264558    0.264557    0.264557    0.221194    0.221103    0.221012    0.220922    0.220469    0.220019    0.219355    0.218852    0.215173    0.211119 -999.000000 -999.000000 -999.000000 -999.000000 -999.000000 -999.000000 -999.000000 -999.000000 -999.000000 -999.000000
    0.295580    0.295579    0.295578    0.295577    0.295576    0.295574    0.295573    0.295572    0.295570    0.264378    0.264377    0.264375    0.264374    0.264373    0.264371    0.264370    0.220971    0.220878    0.220786    0.220693    0.220232    0.219773    0.219087    0.218557    0.214835    0.210695    0.206703    0.202851    0.190532    0.186515    0.182661    0.178955    0.175394    0.160987    0.157431    0.155980
    0.295481    0.295480    0.295478    0.295477    0.295476    0.295474    0.295473    0.295471    0.295470    0.264266    0.264264    0.264262    0.264261    0.264259    0.264258    0.264256    0.220834    0.220741    0.220648    0.220555    0.220091    0.219628    0.218936    0.218399    0.214667    0.210515    0.206510    0.202645    0.190298    0.186261    0.182383    0.178648    0.175053    0.160574    0.156951    0.155396
    0.295406    0.295405    0.295403    0.295402    0.295400    0.295399    0.295397    0.295395    0.295394    0.264181    0.264179    0.264177    0.264176    0.264174    0.264172    0.264171    0.220732    0.220639    0.220545    0.220452    0.219986    0.219521    0.218825    0.218284    0.214545    0.210386    0.206374    0.202500    0.190137    0.186090    0.182199    0.178451    0.174842    0.160331    0.156686    0.155110
    0.295345    0.295344    0.295342    0.295341    0.295339    0.295337    0.295336    0.295334    0.295332    0.264112    0.264110    0.264109    0.264107    0.264105    0.264103    0.264101    0.220649    0.220556    0.220462    0.220368    0.219901    0.219435    0.218735    0.218191    0.214448    0.210284    0.206266    0.202386    0.190012    0.185957    0.182058    0.178302    0.174682    0.160149    0.156490    0.154903
    0.295293    0.295292    0.295291    0.295289    0.295287    0.295285    0.295284    0.295282    0.295280    0.264054    0.264052    0.264050    0.264048    0.264046    0.264044    0.264043    0.220579    0.220485    0.220391    0.220297    0.219829    0.219361    0.218660    0.218113    0.214367    0.210199    0.206177    0.202292    0.189908    0.185847    0.181943    0.178179    0.174553    0.160002    0.156334    0.154738
    0.295249    0.295248    0.295247    0.295245    0.295243    0.295241    0.295240    0.295238    0.295236    0.264004    0.264002    0.264000    0.263999    0.263997    0.263995    0.263993    0.220519    0.220425    0.220331    0.220237    0.219767    0.219299    0.218596    0.218047    0.214297    0.210126    0.206100    0.202212    0.189820    0.185754    0.181844    0.178075    0.174443    0.159878    0.156202    0.154599
    0.295212    0.295211    0.295209    0.295207    0.295205    0.295203    0.295202    0.295200    0.295198    0.263962    0.263960    0.263958    0.263956    0.263954    0.263952    0.263950    0.220468    0.220374    0.220279    0.220185    0.219715    0.219246    0.218541    0.217990    0.214238    0.210063    0.206035    0.202143    0.189744    0.185674    0.181760    0.177986    0.174349    0.159771    0.156089    0.154481
    0.295178    0.295177    0.295175    0.295174    0.295172    0.295170    0.295168    0.295166    0.295164    0.263924    0.263922    0.263920    0.263918    0.263916    0.263914    0.263912    0.220423    0.220328    0.220234    0.220139    0.219668    0.219199    0.218492    0.217941    0.214186    0.210009    0.205978    0.202083    0.189679    0.185606    0.181688    0.177910    0.174268    0.159680    0.155992    0.154379
    0.295148    0.295147    0.295145    0.295144    0.295142    0.295140    0.295138    0.295136    0.295134    0.263890    0.263888    0.263886    0.263884    0.263882    0.263880    0.263878    0.220382    0.220287    0.220193    0.220098    0.219627    0.219156    0.218449    0.217896    0.214139    0.209960    0.205927    0.202030    0.189621    0.185544    0.181623    0.177842    0.174197    0.159600    0.155907    0.154291
    0.295122    0.295121    0.295119    0.295117    0.295115    0.295113    0.295111    0.295110    0.295108    0.263861    0.263859    0.263857    0.263854    0.263852    0.263850    0.263848    0.220346    0.220252    0.220157    0.220062    0.219590    0.219119    0.218410    0.217856    0.214098    0.209917    0.205881    0.201982    0.189569    0.185489    0.181565    0.177781    0.174133    0.159528    0.155831    0.154211
    0.295099    0.295098    0.295096    0.295094    0.295092    0.295090    0.295088    0.295086    0.295084    0.263835    0.263832    0.263830    0.263828    0.263826    0.263824    0.263822    0.220314    0.220220    0.220125    0.220030    0.219558    0.219086    0.218377    0.217822    0.214062    0.209879    0.205841    0.201941    0.189523    0.185441    0.181514    0.177728    0.174076    0.159464    0.155763    0.154140
    0.295078    0.295077    0.295075    0.295073    0.295071    0.295069    0.295067    0.295065    0.295063    0.263811    0.263809    0.263806    0.263804    0.263802    0.263800    0.263798    0.220286    0.220191    0.220096    0.220001    0.219528    0.219057    0.218346    0.217790    0.214029    0.209845    0.205806    0.201903    0.189482    0.185398    0.181469    0.177680    0.174027    0.159408    0.155704    0.154078
    0.295059    0.295058    0.295056    0.295054    0.295052    0.295050    0.295048    0.295046    0.295044    0.263789    0.263787    0.263785    0.263783    0.263780    0.263778    0.263776    0.220260    0.220165    0.220070    0.219975    0.219502    0.219030    0.218318    0.217762    0.213999    0.209814    0.205773    0.201869    0.189445    0.185359    0.181428    0.177637    0.173982    0.159357    0.155650    0.154022
    0.295041    0.295040    0.295038    0.295036    0.295034    0.295032    0.295030    0.295028    0.295026    0.263770    0.263768    0.263765    0.263763    0.263761    0.263759    0.263756    0.220236    0.220141    0.220046    0.219952    0.219478    0.219005    0.218293    0.217736    0.213973    0.209786    0.205744    0.201839    0.189411    0.185324    0.181391    0.177598    0.173940    0.159311    0.155602    0.153971
    0.295026    0.295025    0.295023    0.295021    0.295019    0.295017    0.295015    0.295013    0.295011    0.263752    0.263750    0.263748    0.263746    0.263743    0.263741    0.263739    0.220215    0.220120    0.220025    0.219930    0.219456    0.218984    0.218271    0.217713    0.213948    0.209760    0.205717    0.201811    0.189381    0.185292    0.181358    0.177563    0.173903    0.159269    0.155557    0.153925
    0.295012    0.295011    0.295009    0.295007    0.295005    0.295003    0.295001    0.294999    0.294997    0.263737    0.263735    0.263733    0.263730    0.263728    0.263726    0.263724    0.220197    0.220102    0.220007    0.219912    0.219437    0.218964    0.218251    0.217693    0.213927    0.209738    0.205694    0.201786    0.189354    0.185263    0.181328    0.177531    0.173870    0.159232    0.155518    0.153883
    0.295000    0.294999    0.294997    0.294995    0.294993    0.294991    0.294989    0.294987    0.294985    0.263723    0.263721    0.263719    0.263717    0.263714    0.263712    0.263710    0.220180    0.220085    0.219990    0.219895    0.219421    0.218947    0.218234    0.217675    0.213908    0.209718    0.205673    0.201765    0.189330    0.185238    0.181301    0.177504    0.173841    0.159198    0.155483    0.153847
    0.294989    0.294988    0.294986    0.294984    0.294982    0.294980    0.294978    0.294976    0.294974    0.263711    0.263709    0.263707    0.263704    0.263702    0.263700    0.263697    0.220166    0.220071    0.219975    0.219880    0.219405    0.218932    0.218218    0.217658    0.213891    0.209701    0.205655    0.201745    0.189309    0.185216    0.181278    0.177479    0.173815    0.159169    0.155451    0.153814
    0.294980    0.294978    0.294976    0.294974    0.294972    0.294970    0.294968    0.294966    0.294964    0.263700    0.263698    0.263696    0.263693    0.263691    0.263689    0.263686    0.220152    0.220057    0.219962    0.219867    0.219392    0.218918    0.218204    0.217644    0.213876    0.209685    0.205638    0.201728    0.189289    0.185196    0.181257    0.177456    0.173791    0.159142    0.155423    0.153785
    0.294971    0.294970    0.294968    0.294966    0.294964    0.294961    0.294959    0.294957    0.294955    0.263690    0.263688    0.263686    0.263683    0.263681    0.263679    0.263676    0.220141    0.220045    0.219950    0.219855    0.219380    0.218906    0.218191    0.217631    0.213862    0.209670    0.205623    0.201712    0.189272    0.185178    0.181237    0.177436    0.173770    0.159119    0.155398    0.153758
    0.294963    0.294962    0.294960    0.294958    0.294956    0.294954    0.294952    0.294950    0.294948    0.263682    0.263679    0.263677    0.263675    0.263672    0.263670    0.263668    0.220130    0.220035    0.219940    0.219844    0.219369    0.218895    0.218180    0.217619    0.213850    0.209658    0.205610    0.201698    0.189257    0.185162    0.181221    0.177419    0.173751    0.159097    0.155376    0.153735
    0.294957    0.294955    0.294953    0.294951    0.294949    0.294947    0.294945    0.294943    0.294941    0.263674    0.263672    0.263669    0.263667    0.263665    0.263662    0.263660    0.220121    0.220026    0.219930    0.219835    0.219360    0.218885    0.218170    0.217609    0.213840    0.209647    0.205598    0.201686    0.189244    0.185147    0.181206    0.177403    0.173735    0.159079    0.155356    0.153714
    0.294951    0.294950    0.294947    0.294945    0.294943    0.294941    0.294939    0.294937    0.294935    0.263668    0.263665    0.263663    0.263660    0.263658    0.263656    0.263653    0.220113    0.220018    0.219922    0.219827    0.219351    0.218877    0.218161    0.217600    0.213831    0.209637    0.205588    0.201675    0.189232    0.185135    0.181193    0.177389    0.173720    0.159062    0.155338    0.153695
    0.294946    0.294944    0.294942    0.294940    0.294938    0.294936    0.294934    0.294932    0.294930    0.263662    0.263659    0.263657    0.263655    0.263652    0.263650    0.263648    0.220106    0.220011    0.219915    0.219820    0.219344    0.218870    0.218154    0.217593    0.213823    0.209629    0.205579    0.201666    0.189222    0.185124    0.181181    0.177377    0.173707    0.159047    0.155323    0.153679
    0.294941    0.294940    0.294938    0.294936    0.294934    0.294932    0.294930    0.294928    0.294925    0.263657    0.263655    0.263652    0.263650    0.263647    0.263645    0.263643    0.220100    0.220005    0.219910    0.219814    0.219338    0.218864    0.218148    0.217586    0.213816    0.209621    0.205571    0.201658    0.189213    0.185115    0.181171    0.177366    0.173696    0.159035    0.155309    0.153665
    0.294938    0.294937    0.294934    0.294932    0.294930    0.294928    0.294926    0.294924    0.294922    0.263653    0.263651    0.263648    0.263646    0.263643    0.263641    0.263639    0.220095    0.220000    0.219905    0.219809    0.219333    0.218859    0.218142    0.217581    0.213810    0.209615    0.205565    0.201651    0.189205    0.185107    0.181163    0.177357    0.173686    0.159024    0.155298    0.153653
    0.294935    0.294934    0.294932    0.294929    0.294927    0.294925    0.294923    0.294921    0.294919    0.263650    0.263647    0.263645    0.263642    0.263640    0.263638    0.263635    0.220091    0.219996    0.219901    0.219805    0.219329    0.218854    0.218138    0.217576    0.213805    0.209610    0.205560    0.201645    0.189199    0.185100    0.181156    0.177350    0.173678    0.159015    0.155288    0.153643
    0.294933    0.294931    0.294929    0.294927    0.294925    0.294923    0.294921    0.294919    0.294917    0.263647    0.263645    0.263642    0.263640    0.263637    0.263635    0.263633    0.220088    0.219993    0.219897    0.219802    0.219326    0.218851    0.218134    0.217572    0.213801    0.209606    0.205555    0.201641    0.189194    0.185095    0.181150    0.177344    0.173672    0.159008    0.155280    0.153634
    0.294931    0.294930    0.294927    0.294925    0.294923    0.294921    0.294919    0.294917    0.294915    0.263645    0.263643    0.263640    0.263638    0.263635    0.263633    0.263631    0.220086    0.219990    0.219895    0.219800    0.219323    0.218849    0.218132    0.217570    0.213798    0.209603    0.205552    0.201637    0.189190    0.185090    0.181145    0.177339    0.173667    0.159001    0.155273    0.153627
    0.294930    0.294928    0.294926    0.294924    0.294922    0.294920    0.294918    0.294916    0.294914    0.263644    0.263641    0.263639    0.263636    0.263634    0.263632    0.263629    0.220084    0.219989    0.219893    0.219798    0.219322    0.218847    0.218130    0.217568    0.213796    0.209601    0.205550    0.201635    0.189187    0.185087    0.181142    0.177335    0.173663    0.158997    0.155268    0.153622
    0.294929    0.294928    0.294926    0.294923    0.294921    0.294919    0.294917    0.294915    0.294913    0.263643    0.263640    0.263638    0.263636    0.263633    0.263631    0.263629    0.220083    0.219988    0.219892    0.219797    0.219321    0.218846    0.218129    0.217567    0.213795    0.209599    0.205548    0.201633    0.189185    0.185085    0.181140    0.177333    0.173660    0.158994    0.155265    0.153618
 -999.000000 -999.000000 -999.000000 -999.000000 -999.000000 -999.000000 -999.000000 -999.000000 -999.000000 -999.000000 -999.000000 -999.000000 -999.000000 -999.000000 -999.000000 -999.000000 -999.000000 -999.000000 -999.000000 -999.000000 -999.000000    0.218845    0.218128    0.217566    0.213794    0.209599    0.205547    0.201632    0.189184    0.185084    0.181138    0.177331    0.173658    0.158992    0.155262    0.153615
 -999.000000 -999.000000 -999.000000 -999.000000 -999.000000 -999.000000 -999.000000 -999.000000 -999.000000 -999.000000 -999.000000 -999.000000 -999.000000 -999.000000 -999.000000 -999.000000 -999.000000 -999.000000 -999.000000 -999.000000 -999.000000 -999.000000 -999.000000 -999.000000 -999.000000 -999.000000 -999.000000 -999.000000 -999.000000 -999.000000 -999.000000    0.177330    0.173657    0.158991    0.155261    0.153614
#
# bounce point delta (rows - delta, columns - depth)
#
    0.001780    0.001663    0.007606    0.004948    0.015312    0.008388    0.019713    0.015755    0.017007    0.032175    0.020739    0.040093    0.028301    0.056283    0.034072    0.036907    0.063987    0.077627    0.090869    0.103338    0.167165    0.230941    0.359088    0.489421    0.621341    0.749872 -999.000000 -999.000000 -999.000000 -999.000000 -999.000000 -999.000000 -999.000000 -999.000000 -999.000000 -999.000000
    0.001861    0.001743    0.007982    0.005190    0.016070    0.008798    0.020766    0.016473    0.017794    0.033732    0.021684    0.042086    0.029561    0.058820    0.035594    0.038557    0.067022    0.081291    0.095148    0.108276    0.175211    0.242528    0.378590    0.518566    0.663049    0.812610    0.967299    1.127122    1.297354    1.473637    1.654334    1.839016    2.026967    2.226972    2.427225    2.614808
    0.001909    0.001792    0.008209    0.005336    0.016527    0.009045    0.021401    0.016902    0.018265    0.034665    0.022247    0.043278    0.030308    0.060324    0.036495    0.039532    0.068824    0.083458    0.097670    0.111179    0.179858    0.249107    0.389219    0.533634    0.683027    0.838071    0.998911    1.165683    1.344165    1.530022    1.721890    1.919818    2.123829    2.345498    2.575086    2.809121
    0.001945    0.001828    0.008378    0.005445    0.016866    0.009228    0.021874    0.017219    0.018612    0.035356    0.022663    0.044162    0.030859    0.061434    0.037158    0.040250    0.070155    0.085057    0.099528    0.113318    0.183265    0.253913    0.396921    0.544454    0.697233    0.855976    1.020868    1.192091    1.375687    1.567233    1.765419    1.970395    2.182311    2.413630    2.654254    2.900944
    0.001974    0.001858    0.008514    0.005532    0.017139    0.009375    0.022255    0.017473    0.018891    0.035911    0.022995    0.044872    0.031299    0.062321    0.037688    0.040824    0.071221    0.086337    0.101014    0.115028    0.185982    0.257739    0.403026    0.552994    0.708393    0.869971    1.037937    1.212499    1.399891    1.595606    1.798350    2.008326    2.225743    2.463656    2.711601    2.966411
    0.001998    0.001882    0.008628    0.005605    0.017368    0.009499    0.022576    0.017685    0.019124    0.036376    0.023274    0.045467    0.031668    0.063063    0.038132    0.041304    0.072114    0.087408    0.102259    0.116460    0.188253    0.260934    0.408115    0.560095    0.717650    0.881548    1.052014    1.229274    1.419710    1.618735    1.825068    2.038945    2.260611    2.503580    2.757058    3.017921
    0.002018    0.001903    0.008724    0.005667    0.017561    0.009603    0.022847    0.017865    0.019321    0.036770    0.023509    0.045971    0.031979    0.063690    0.038506    0.041709    0.072869    0.088314    0.103310    0.117670    0.190171    0.263635    0.412419    0.566106    0.725488    0.891353    1.063935    1.243475    1.436478    1.638283    1.847614    2.064725    2.289894    2.537010    2.794981    3.060712
    0.002035    0.001920    0.008806    0.005719    0.017726    0.009692    0.023078    0.018017    0.019489    0.037105    0.023709    0.046400    0.032243    0.064222    0.038824    0.042053    0.073511    0.089084    0.104203    0.118698    0.191799    0.265925    0.416065    0.571193    0.732117    0.899641    1.074010    1.255477    1.450656    1.654826    1.866718    2.086607    2.314783    2.565461    2.827279    3.097158
    0.002051    0.001936    0.008879    0.005766    0.017872    0.009770    0.023283    0.018152    0.019637    0.037400    0.023886    0.046779    0.032476    0.064692    0.039104    0.042356    0.074077    0.089762    0.104990    0.119604    0.193231    0.267938    0.419260    0.575635    0.737887    0.906832    1.082724    1.265825    1.462844    1.669005    1.883045    2.105258    2.335958    2.589639    2.854708    3.128107
    0.002064    0.001950    0.008944    0.005807    0.018002    0.009840    0.023466    0.018272    0.019769    0.037664    0.024043    0.047117    0.032683    0.065110    0.039354    0.042627    0.074583    0.090368    0.105693    0.120413    0.194509    0.269735    0.422115    0.579606    0.743046    0.913258    1.090503    1.275053    1.473693    1.681598    1.897507    2.121724    2.354576    2.610797    2.878593    3.154933
    0.002076    0.001962    0.009000    0.005843    0.018116    0.009901    0.023626    0.018377    0.019884    0.037895    0.024180    0.047413    0.032864    0.065476    0.039572    0.042862    0.075024    0.090897    0.106306    0.121120    0.195626    0.271308    0.424617    0.583094    0.747588    0.918932    1.097392    1.283244    1.483349    1.692831    1.910431    2.136462    2.371258    2.629766    2.899994    3.178935
    0.002087    0.001973    0.009050    0.005875    0.018216    0.009955    0.023767    0.018469    0.019985    0.038098    0.024301    0.047673    0.033024    0.065797    0.039763    0.043070    0.075413    0.091363    0.106846    0.121742    0.196608    0.272689    0.426810    0.586148    0.751558    0.923885    1.103401    1.290389    1.491773    1.702639    1.921731    2.149373    2.385910    2.646489    2.918947    3.200281
    0.002096    0.001982    0.009095    0.005904    0.018307    0.010004    0.023894    0.018552    0.020077    0.038282    0.024410    0.047909    0.033168    0.066087    0.039936    0.043257    0.075764    0.091783    0.107334    0.122303    0.197495    0.273934    0.428787    0.588894    0.755123    0.928323    1.108771    1.296755    1.499256    1.711325    1.931709    2.160742    2.398781    2.661147    2.935529    3.218944
    0.002105    0.001991    0.009136    0.005930    0.018389    0.010048    0.024010    0.018628    0.020160    0.038448    0.024509    0.048122    0.033298    0.066350    0.040093    0.043426    0.076082    0.092164    0.107775    0.122811    0.198296    0.275061    0.430575    0.591380    0.758350    0.932342    1.113635    1.302522    1.506036    1.719191    1.940739    2.171017    2.410393    2.674340    2.950405    3.235617
    0.002112    0.001999    0.009173    0.005954    0.018463    0.010088    0.024114    0.018696    0.020235    0.038598    0.024598    0.048315    0.033415    0.066587    0.040234    0.043579    0.076369    0.092507    0.108173    0.123270    0.199019    0.276078    0.432189    0.593625    0.761265    0.935972    1.118031    1.307736    1.512168    1.726310    1.948913    2.180325    2.420916    2.686301    2.963898    3.250746
    0.002119    0.002006    0.009206    0.005975    0.018529    0.010123    0.024207    0.018756    0.020301    0.038731    0.024677    0.048485    0.033519    0.066797    0.040359    0.043715    0.076623    0.092812    0.108527    0.123677    0.199662    0.276983    0.433630    0.595633    0.763878    0.939233    1.121985    1.312434    1.517699    1.732736    1.956297    2.188735    2.430427    2.697119    2.976106    3.264442
    0.002125    0.002012    0.009234    0.005993    0.018586    0.010154    0.024288    0.018809    0.020359    0.038848    0.024746    0.048635    0.033610    0.066981    0.040469    0.043833    0.076846    0.093079    0.108836    0.124034    0.200226    0.277776    0.434892    0.597392    0.766169    0.942094    1.125460    1.316568    1.522578    1.738422    1.962853    2.196229    2.438934    2.706825    2.987093    3.276798
    0.002131    0.002018    0.009260    0.006010    0.018638    0.010182    0.024361    0.018856    0.020411    0.038952    0.024808    0.048769    0.033692    0.067146    0.040567    0.043940    0.077046    0.093318    0.109113    0.124353    0.200729    0.278484    0.436016    0.598955    0.768200    0.944626    1.128528    1.320213    1.526872    1.743417    1.968606    2.202800    2.446392    2.715344    2.996751    3.287686
    0.002136    0.002023    0.009283    0.006024    0.018684    0.010207    0.024427    0.018899    0.020458    0.039046    0.024864    0.048890    0.033765    0.067294    0.040655    0.044035    0.077226    0.093533    0.109363    0.124640    0.201182    0.279121    0.437028    0.600363    0.770030    0.946907    1.131291    1.323492    1.530732    1.747901    1.973759    2.208672    2.453036    2.722907    3.005298    3.297295
    0.002140    0.002027    0.009304    0.006038    0.018726    0.010229    0.024485    0.018937    0.020500    0.039130    0.024913    0.048997    0.033831    0.067426    0.040734    0.044120    0.077386    0.093725    0.109585    0.124896    0.201585    0.279689    0.437931    0.601621    0.771666    0.948949    1.133768    1.326435    1.534199    1.751933    1.978397    2.213961    2.459024    2.729727    3.013005    3.305951
    0.002144    0.002031    0.009322    0.006049    0.018762    0.010249    0.024537    0.018970    0.020537    0.039204    0.024957    0.049093    0.033888    0.067543    0.040804    0.044195    0.077527    0.093895    0.109782    0.125123    0.201943    0.280193    0.438733    0.602738    0.773120    0.950763    1.135969    1.329052    1.537284    1.755523    1.982531    2.218681    2.464376    2.735832    3.019915    3.313725
    0.002147    0.002034    0.009338    0.006060    0.018795    0.010266    0.024583    0.019000    0.020569    0.039270    0.024996    0.049177    0.033940    0.067646    0.040865    0.044262    0.077653    0.094045    0.109956    0.125324    0.202260    0.280639    0.439442    0.603727    0.774406    0.952370    1.137919    1.331371    1.540020    1.758708    1.986200    2.222871    2.469130    2.741257    3.026059    3.320643
    0.002150    0.002037    0.009353    0.006069    0.018823    0.010282    0.024623    0.019026    0.020598    0.039328    0.025030    0.049251    0.033985    0.067737    0.040919    0.044321    0.077763    0.094177    0.110109    0.125500    0.202538    0.281031    0.440066    0.604597    0.775540    0.953786    1.139639    1.333418    1.542435    1.761523    1.989444    2.226579    2.473338    2.746064    3.031507    3.326780
    0.002153    0.002040    0.009365    0.006077    0.018848    0.010295    0.024658    0.019049    0.020623    0.039378    0.025060    0.049316    0.034024    0.067816    0.040966    0.044372    0.077859    0.094292    0.110242    0.125654    0.202780    0.281372    0.440610    0.605356    0.776530    0.955024    1.141145    1.335211    1.544554    1.763993    1.992294    2.229839    2.477043    2.750299    3.036312    3.332199
    0.002155    0.002042    0.009376    0.006083    0.018869    0.010307    0.024688    0.019068    0.020644    0.039421    0.025086    0.049371    0.034057    0.067884    0.041007    0.044416    0.077942    0.094391    0.110357    0.125786    0.202990    0.281667    0.441080    0.606013    0.777387    0.956098    1.142451    1.336768    1.546395    1.766143    1.994777    2.232684    2.480278    2.754003    3.040519    3.336950
    0.002157    0.002044    0.009385    0.006089    0.018888    0.010316    0.024714    0.019085    0.020663    0.039458    0.025108    0.049419    0.034086    0.067942    0.041042    0.044453    0.078012    0.094475    0.110455    0.125899    0.203168    0.281918    0.441481    0.606575    0.778120    0.957017    1.143570    1.338105    1.547978    1.767993    1.996918    2.235140    2.483076    2.757211    3.044169    3.341078
    0.002158    0.002046    0.009392    0.006094    0.018903    0.010324    0.024736    0.019099    0.020678    0.039489    0.025126    0.049458    0.034110    0.067990    0.041071    0.044484    0.078071    0.094546    0.110536    0.125993    0.203317    0.282129    0.441818    0.607047    0.778739    0.957792    1.144517    1.339237    1.549321    1.769566    1.998741    2.237234    2.485466    2.759957    3.047298    3.344625
    0.002160    0.002047    0.009398    0.006098    0.018915    0.010331    0.024753    0.019110    0.020691    0.039514    0.025141    0.049491    0.034130    0.068030    0.041094    0.044510    0.078119    0.094604    0.110603    0.126070    0.203439    0.282302    0.442096    0.607436    0.779249    0.958435    1.145303    1.340179    1.550441    1.770880    2.000267    2.238991    2.487476    2.762271    3.049944    3.347631
    0.002161    0.002048    0.009403    0.006101    0.018925    0.010336    0.024767    0.019119    0.020700    0.039534    0.025153    0.049516    0.034145    0.068061    0.041113    0.044530    0.078157    0.094649    0.110656    0.126131    0.203536    0.282439    0.442316    0.607747    0.779658    0.958951    1.145937    1.340941    1.551350    1.771952    2.001515    2.240434    2.489132    2.764185    3.052138    3.350132
    0.002161    0.002049    0.009407    0.006103    0.018932    0.010340    0.024778    0.019126    0.020708    0.039549    0.025161    0.049535    0.034157    0.068085    0.041127    0.044545    0.078186    0.094684    0.110696    0.126177    0.203609    0.282543    0.442484    0.607984    0.779972    0.959350    1.146428    1.341534    1.552061    1.772794    2.002501    2.241579    2.490453    2.765720    3.053907    3.352159
    0.002162    0.002049    0.009409    0.006105    0.018937    0.010343    0.024785    0.019131    0.020713    0.039559    0.025167    0.049548    0.034165    0.068101    0.041136    0.044556    0.078206    0.094707    0.110724    0.126209    0.203660    0.282615    0.442602    0.608153    0.780196    0.959636    1.146784    1.341969    1.552587    1.773420    2.003241    2.242445    2.491459    2.766897    3.055275    3.353738
    0.002162    0.002050    0.009411    0.006106    0.018940    0.010345    0.024789    0.019133    0.020716    0.039565    0.025171    0.049556    0.034169    0.068110    0.041142    0.044561    0.078217    0.094721    0.110739    0.126227    0.203689    0.282657    0.442672    0.608256    0.780336    0.959818    1.147014    1.342254    1.552937    1.773845    2.003749    2.243048    2.492169    2.767740    3.056266    3.354896
 -999.000000 -999.000000 -999.000000 -999.000000 -999.000000 -999.000000 -999.000000 -999.000000 -999.000000 -999.000000 -999.000000 -999.000000 -999.000000 -999.000000 -999.000000 -999.000000 -999.000000 -999.000000 -999.000000 -999.000000 -999.000000    0.282671    0.442698    0.608297    0.780397    0.959902    1.147126    1.342398    1.553122    1.774078    2.004039    2.243403    2.492599    2.768266    3.056902    3.355658
 -999.000000 -999.000000 -999.000000 -999.000000 -999.000000 -999.000000 -999.000000 -999.000000 -999.000000 -999.000000 -999.000000 -999.000000 -999.000000 -999.000000 -999.000000 -999.000000 -999.000000 -999.000000 -999.000000 -999.000000 -999.000000 -999.000000 -999.000000 -999.000000 -999.000000 -999.000000 -999.000000 -999.000000 -999.000000 -999.000000 -999.000000    2.243524    2.492767    2.768494    3.057204    3.356046
#
# iasp91 travel-time table for sPKPab
#
