#
# iasp91 travel-time table for SnSn
#
# number of distance and depth samples
55 25
# delta samples
1.500 2.000 2.500 3.000 3.500 4.000 4.500 5.000 5.500 6.000 6.500 7.000 7.500 8.000 8.500 9.000 10.000 11.000 12.000 13.000 14.000 15.000 16.000 17.000 18.000 
19.000 20.000 21.000 22.000 23.000 24.000 25.000 26.000 27.000 28.000 29.000 30.000 31.000 32.000 33.000 34.000 35.000 36.000 37.000 38.000 39.000 40.000 41.000 42.000 43.000 
44.000 45.000 46.000 47.000 48.000 
# depth samples
    0.000000    1.000000    2.500000    5.000000    7.500000   10.000000   12.500000   15.000000   17.500000   19.900000   20.000000   22.500000   25.000000   27.500000   30.000000   32.500000   34.900000   35.000000   40.000000   45.000000   50.000000   75.000000  100.000000  150.000000  200.000000
#
# travel times (rows - delta, columns - depth)
#
 -999.000000 -999.000000 -999.000000 -999.000000 -999.000000 -999.000000 -999.000000   58.662891   58.170296   57.697636   57.677982   57.313267   56.948910   56.584896   56.221214   55.857876   55.509388   55.494926 -999.000000 -999.000000 -999.000000 -999.000000 -999.000000 -999.000000 -999.000000
   73.993240   73.795578   73.499153   73.005318   72.511734   72.018387   71.525291   71.032448   70.539848   70.067184   70.047523   69.682808   69.318443   68.954422   68.590736   68.227386   67.878891   67.864426 -999.000000 -999.000000 -999.000000 -999.000000 -999.000000 -999.000000 -999.000000
   86.362709   86.165047   85.868622   85.374779   84.881180   84.387825   83.894722   83.401863   82.909256   82.436584   82.416924   82.052193   81.687813   81.323776   80.960068   80.596703   80.248184   80.233727 -999.000000 -999.000000 -999.000000 -999.000000 -999.000000 -999.000000 -999.000000
   98.731964   98.534286   98.237854   97.743996   97.250381   96.757019   96.263893   95.771019   95.278389   94.805702   94.786049   94.421288   94.056885   93.692818   93.329086   92.965691   92.617149   92.602692 -999.000000 -999.000000 -999.000000 -999.000000 -999.000000 -999.000000 -999.000000
  111.100853  110.903175  110.606728  110.112846  109.619209  109.125816  108.632675  108.139778  107.647125  107.174416  107.154755  106.789963  106.425522  106.061424  105.697662  105.334229  104.985657  104.971191 -999.000000 -999.000000 -999.000000 -999.000000 -999.000000 -999.000000 -999.000000
  123.469254  123.271561  122.975098  122.481194  121.987526  121.494102  121.000931  120.508003  120.015320  119.542580  119.522919  119.158081  118.793602  118.429459  118.065651  117.702171  117.353554  117.339088 -999.000000 -999.000000 -999.000000 -999.000000 -999.000000 -999.000000 -999.000000
  135.837036  135.639328  135.342850  134.848907  134.355194  133.861740  133.368530  132.875565  132.382843  131.910065  131.890411  131.525513  131.160995  130.796799  130.432922  130.069397  129.720718  129.706268 -999.000000 -999.000000 -999.000000 -999.000000 -999.000000 -999.000000 -999.000000
  148.204056  148.006332  147.709824  147.215836  146.722092  146.228592  145.735336  145.242340  144.749573  144.276749  144.257080  143.892136  143.527542  143.163284  142.799362  142.435760  142.087036  142.072571 -999.000000 -999.000000 -999.000000 -999.000000 -999.000000 -999.000000 -999.000000
  160.570190  160.372452  160.075912  159.581879  159.088089  158.594543  158.101227  157.608170  157.115356  156.642487  156.622818  156.257797  155.893143  155.528809  155.164810  154.801147  154.452347  154.437866 -999.000000 -999.000000 -999.000000 -999.000000 -999.000000 -999.000000 -999.000000
  172.935303  172.737549  172.440979  171.946884  171.453033  170.959427  170.466064  169.972946  169.480072  169.007156  168.987488  168.622391  168.257645  167.893234  167.529144  167.165405  166.816513  166.802048 -999.000000 -999.000000 -999.000000 -999.000000 -999.000000 -999.000000 -999.000000
  185.299271  185.101486  184.804871  184.310715  183.816803  183.323135  182.829712  182.336533  181.843597  181.370605  181.350937  180.985748  180.620926  180.256424  179.892242  179.528412  179.179428  179.164963 -999.000000 -999.000000 -999.000000 -999.000000 -999.000000 -999.000000 -999.000000
  197.661942  197.464127  197.167480  196.673248  196.179276  195.685532  195.192032  194.698792  194.205780  193.732727  193.713043  193.347763  192.982834  192.618240  192.253967  191.890030  191.540955  191.526474  191.500305 -999.000000 -999.000000 -999.000000 -999.000000 -999.000000 -999.000000
  210.023193  209.825348  209.528656  209.034348  208.540298  208.046478  207.552902  207.059586  206.566498  206.093353  206.073685  205.708298  205.343262  204.978546  204.614166  204.250122  203.900940  203.886459  203.854828 -999.000000 -999.000000 -999.000000 -999.000000 -999.000000 -999.000000
  222.382889  222.185013  221.888275  221.393890  220.899750  220.405853  219.912201  219.418777  218.925613  218.452393  218.432709  218.067215  217.702057  217.337234  216.972733  216.608566  216.259277  216.244781  216.208252 -999.000000 -999.000000 -999.000000 -999.000000 -999.000000 -999.000000
  234.740906  234.542999  234.246201  233.751724  233.257492  232.763504  232.269760  231.776260  231.282990  230.809692  230.790009  230.424377  230.059097  229.694153  229.329529  228.965225  228.615814  228.601318  228.560165 -999.000000 -999.000000 -999.000000 -999.000000 -999.000000 -999.000000
  247.097107  246.899155  246.602295  246.107727  245.613403  245.119324  244.625473  244.131866  243.638519  243.165115  243.145432  242.779663  242.414246  242.049164  241.684402  241.319977  240.970428  240.955917  240.910278 -999.000000 -999.000000 -999.000000 -999.000000 -999.000000 -999.000000
  271.803497  271.605469  271.308502  270.813721  270.319183  269.824890  269.330811  268.837006  268.343414  267.869812  267.850128  267.484070  267.118347  266.752960  266.387909  266.023163  265.673340  265.658813  265.604340  265.571014 -999.000000 -999.000000 -999.000000 -999.000000 -999.000000
  296.501038  296.302917  296.005798  295.510773  295.015991  294.521454  294.027161  293.533112  293.039276  292.565430  292.545746  292.179352  291.813293  291.447601  291.082184  290.717133  290.366943  290.352417  290.289246  290.244598  290.224457 -999.000000 -999.000000 -999.000000 -999.000000
  321.188660  320.990417  320.693146  320.197876  319.702820  319.208008  318.713440  318.219116  317.725037  317.250946  317.231201  316.864471  316.498047  316.131958  315.766205  315.400757  315.050232  315.035675  314.964142  314.909363  314.873535 -999.000000 -999.000000 -999.000000 -999.000000
  345.865295  345.666962  345.369507  344.873932  344.378571  343.883484  343.388611  342.894012  342.399628  341.925232  341.905487  341.538330  341.171539  340.805023  340.438873  340.072998  339.722076  339.707520  339.627960  339.563446  339.514893 -999.000000 -999.000000 -999.000000 -999.000000
  370.529907  370.331421  370.033783  369.537872  369.042236  368.546814  368.051636  367.556671  367.061981  366.587280  366.567535  366.199951  365.832703  365.465759  365.099152  364.732849  364.381500  364.366913  364.279572  364.205536  364.145844 -999.000000 -999.000000 -999.000000 -999.000000
  395.181396  394.982788  394.684937  394.188690  393.692719  393.196930  392.701416  392.206116  391.711060  391.236023  391.216278  390.848206  390.480469  390.113068  389.745972  389.379211  389.027374  389.012787  388.917725  388.834595  388.764740 -999.000000 -999.000000 -999.000000 -999.000000
  419.818787  419.619995  419.321930  418.825348  418.328979  417.832825  417.336914  416.841248  416.345825  415.870422  415.850677  415.482086  415.113861  414.745941  414.378326  414.011047  413.658722  413.644104  413.541443  413.449615  413.369995 -999.000000 -999.000000 -999.000000 -999.000000
  444.440948  444.242035  443.943726  443.446716  442.949951  442.453430  441.957123  441.461060  440.965240  440.489441  440.469666  440.100555  439.731781  439.363312  438.995148  438.627319  438.274475  438.259827  438.149567  438.049316  437.960205  437.721771 -999.000000 -999.000000 -999.000000
  469.046906  468.847809  468.549255  468.051819  467.554626  467.057678  466.560974  466.064453  465.568207  465.092010  465.072205  464.702515  464.333160  463.964111  463.595367  463.226959  462.873566  462.858887  462.740997  462.632538  462.534210  462.225250 -999.000000 -999.000000 -999.000000
  493.635529  493.436249  493.137421  492.639557  492.141937  491.644531  491.147339  490.650391  490.153687  489.677063  489.657257  489.286957  488.916962  488.547302  488.177948  487.808899  487.454926  487.440216  487.314758  487.198212  487.091003  486.719788 -999.000000 -999.000000 -999.000000
  518.205811  518.006348  517.707214  517.208862  516.710754  516.212891  515.715210  515.217834  514.720642  514.243530  514.223694  513.852722  513.482117  513.111816  512.741821  512.372131  512.017456  512.002747  511.869781  511.745270  511.629425  511.201294 -999.000000 -999.000000 -999.000000
  542.756592  542.556946  542.257568  541.758728  541.260132  540.761719  540.263550  539.765625  539.267944  538.790405  538.770508  538.398926  538.027588  537.656616  537.285950  536.915527  536.560242  536.545532  536.405090  536.272644  536.148438  535.666992 -999.000000 -999.000000 -999.000000
  567.287048  567.087158  566.787476  566.288086  565.789001  565.290100  564.791382  564.292969  563.794739  563.316650  563.296753  562.924438  562.552429  562.180725  561.809326  561.438232  561.082214  561.067505  560.919678  560.779419  560.646973  560.114441  559.848999 -999.000000 -999.000000
  591.796082  591.596008  591.295959  590.796082  590.296387  589.796936  589.297729  588.798767  588.299988  587.821350  587.801453  587.428406  587.055664  586.683167  586.311035  585.939209  585.582520  585.567688  585.412537  585.264587  585.124023  584.541809  584.200928 -999.000000 -999.000000
  616.282837  616.082520  615.782166  615.281677  614.781433  614.281433  613.781616  613.282043  612.782715  612.303528  612.283630  611.909790  611.536255  611.163025  610.790100  610.417480  610.060059  610.045227  609.882690  609.726990  609.578308  608.947632  608.539307 -999.000000 -999.000000
  640.746094  640.545532  640.244812  639.743713  639.242920  638.742310  638.241882  637.741699  637.241760  636.762024  636.742065  636.367432  635.993103  635.619019  635.245300  634.871826  634.513611  634.498779  634.328796  634.165344  634.008545  633.330627  632.860962 -999.000000 -999.000000
  665.184570  664.983765  664.682678  664.180969  663.679504  663.178223  662.677185  662.176392  661.675781  661.195435  661.175476  660.799988  660.424805  660.049866  659.675293  659.300964  658.941895  658.927002  658.749573  658.578308  658.413330  657.690308  657.164001 -999.000000 -999.000000
  689.596863  689.395813  689.094299  688.591919  688.089783  687.587891  687.086182  686.584717  686.083435  685.602478  685.582458  685.206055  684.829956  684.454163  684.078674  683.703430  683.343506  683.328552  683.143616  682.964661  682.791870  682.026062  681.447632 -999.000000 -999.000000
  713.981873  713.780579  713.478638  712.975586  712.472778  711.970215  711.467834  710.965698  710.463745  709.982117  709.962097  709.584778  709.207764  708.831055  708.454651  708.078552  707.717712  707.702759  707.510620  707.324341  707.143982  706.337524  705.712402 -999.000000 -999.000000
  738.339539  738.137939  737.835632  737.331909  736.828430  736.325195  735.822144  735.319336  734.816711  734.334412  734.314331  733.936157  733.558289  733.180664  732.803345  732.426331  732.064636  732.049622  731.850647  731.657288  731.469727  730.624695  729.958740 -999.000000 -999.000000
  762.669922  762.468079  762.165344  761.661011  761.156860  760.652893  760.149170  759.645691  759.142456  758.659485  758.639404  758.260315  757.881531  757.503052  757.124878  756.746948  756.384399  756.369385  756.163696  755.963623  755.769165  754.889160  754.187073  753.504028 -999.000000
  786.973206  786.771057  786.467957  785.962952  785.458130  784.953552  784.449158  783.945068  783.441101  782.957520  782.937439  782.557495  782.177856  781.798462  781.419434  781.040649  780.677246  780.662170  780.450317  780.244080  780.043518  779.132629  778.397461  777.596069 -999.000000
  811.250427  811.048096  810.744629  810.239014  809.733582  809.228394  808.723450  808.218689  807.714172  807.230042  807.209900  806.829163  806.448730  806.068604  805.688782  805.309204  804.945068  804.929993  804.712708  804.500977  804.294922  803.356262  802.589417  801.678101 -999.000000
  835.504089  835.301514  834.997742  834.491577  833.985596  833.479858  832.974365  832.469055  831.963989  831.479370  831.459229  831.077759  830.696594  830.315735  829.935181  829.554871  829.190063  829.174927  828.952759  828.736145  828.525208  827.560608  826.761780  825.746277 -999.000000
  859.735962  859.533203  859.229126  858.722412  858.216003  857.709717  857.203735  856.697937  856.192322  855.707214  855.687012  855.304932  854.923096  854.541565  854.160339  853.779358  853.413940  853.398743  853.172119  852.950928  852.735352  851.744934  850.913452  849.798035 -999.000000
  883.947388  883.744446  883.440002  882.932861  882.425903  881.919189  881.412720  880.906433  880.400330  879.914734  879.894531  879.511719  879.129272  878.747070  878.365173  877.983582  877.617493  877.602295  877.371216  877.145447  876.925110  875.907959  875.043274  873.831482 -999.000000
  908.138184  907.934998  907.630310  907.122620  906.615173  906.107910  905.600891  905.094055  904.587463  904.101379  904.081177  903.697693  903.314514  902.931641  902.549011  902.166748  901.799988  901.784729  901.549011  901.318481  901.093140  900.048340  899.150208  897.844788  897.273621
  932.307007  932.103638  931.798584  931.290344  930.782349  930.274597  929.767029  929.259644  928.752502  928.265869  928.245605  927.861389  927.477478  927.093872  926.710571  926.327515  925.960022  925.944763  925.704224  925.468689  925.238220  924.164917  923.233032  921.836548  921.119202
  956.452515  956.248901  955.943481  955.434692  954.926147  954.417725  953.909607  953.401611  952.893921  952.406677  952.386414  952.001465  951.616760  951.232361  950.848206  950.464355  950.096130  950.080872  949.835266  949.594543  949.358765  948.256470  947.290710  945.805298  944.954346
  980.573120  980.369263  980.063538  979.554077  979.044922  978.535889  978.027161  977.518555  977.010193  976.522400  976.502136  976.116333  975.730774  975.345581  974.960632  974.575928  974.206909  974.191589  973.940857  973.694824  973.453613  972.321899  971.322083  969.749939  968.774475
 1004.667725 1004.463562 1004.157471 1003.647400 1003.137573 1002.627930 1002.118530 1001.609314 1001.100281 1000.611877 1000.591553 1000.204895  999.818542  999.432434  999.046631  998.661072  998.291260  998.275879  998.019897  997.768494  997.521729  996.360107  995.326172  993.669373 -999.000000
 1028.735107 1028.530640 1028.224121 1027.713379 1027.202881 1026.692627 1026.182495 1025.672729 1025.162964 1024.673950 1024.653564 1024.265991 1023.878784 1023.491821 1023.105103 1022.718689 1022.347961 1022.332581 1022.071167 1021.814270 1021.561890 1020.370117 1019.302185 1017.562439 -999.000000
 1052.774048 1052.569336 1052.262451 1051.750977 1051.239868 1050.728882 1050.218018 1049.707520 1049.197144 1048.707397 1048.687012 1048.298584 1047.910400 1047.522461 1047.134888 1046.747437 1046.375854 1046.360474 1046.093628 1045.831055 1045.572998 1044.351074 1043.249390 1041.428101 -999.000000
 1076.783569 1076.578613 1076.271240 1075.759155 1075.247192 1074.735474 1074.223999 1073.712769 1073.201660 1072.711182 1072.690796 1072.301392 1071.912231 1071.523438 1071.134888 1070.746582 1070.374023 1070.358521 1070.086182 1069.818115 1069.554321 1068.302124 1067.166992 1065.265381 -999.000000
 1100.762817 1100.557495 1100.249756 1099.736938 1099.224243 1098.711792 1098.199585 1097.687622 1097.175781 1096.684570 1096.664185 1096.273804 1095.883789 1095.493896 1095.104370 1094.715088 1094.341553 1094.326172 1094.048218 1093.774536 1093.505127 1092.222656 1091.054077 -999.000000 -999.000000
 1124.710938 1124.505371 1124.197144 1123.683594 1123.170166 1122.656982 1122.144043 1121.631226 1121.118652 1120.626831 1120.606445 1120.215088 1119.823975 1119.433105 1119.042603 1118.652344 1118.277954 1118.262329 1117.979004 1117.699707 1117.424438 1116.111816 1114.909912 -999.000000 -999.000000
 1148.627319 1148.421387 1148.112671 1147.598389 1147.084229 1146.570312 1146.056519 1145.542969 1145.029663 1144.537109 1144.516602 1144.124268 1143.732178 1143.340332 1142.948730 1142.557495 1142.182129 1142.166504 1141.877563 1141.592529 1141.311646 1139.968628 1138.733398 -999.000000 -999.000000
 1172.510864 1172.304688 1171.995605 1171.480469 1170.965454 1170.450806 1169.936279 1169.421997 1168.907837 1168.414429 1168.393921 1168.000610 1167.607422 1167.214600 1166.822021 1166.429688 1166.053223 1166.037598 1165.743042 1165.452393 1165.165649 1163.792236 -999.000000 -999.000000 -999.000000
 1196.360840 1196.154419 1195.844727 1195.328857 1194.813110 1194.297607 1193.782227 1193.267090 1192.752197 1192.258057 1192.237549 1191.843140 1191.448975 1191.055054 1190.661377 1190.267944 1189.890503 1189.874878 1189.574707 1189.278320 1188.985718 -999.000000 -999.000000 -999.000000 -999.000000
#
# dtdd (rows - delta, columns - depth)
#
 -999.000000 -999.000000 -999.000000 -999.000000 -999.000000 -999.000000 -999.000000   24.739153   24.739153   24.739151   24.739151   24.739149   24.739145   24.739140   24.739132   24.739124   24.739117   24.739113 -999.000000 -999.000000 -999.000000 -999.000000 -999.000000 -999.000000 -999.000000
   24.739086   24.739082   24.739077   24.739067   24.739056   24.739044   24.739031   24.739017   24.739004   24.738989   24.738989   24.738968   24.738947   24.738922   24.738897   24.738871   24.738846   24.738842 -999.000000 -999.000000 -999.000000 -999.000000 -999.000000 -999.000000 -999.000000
   24.738768   24.738760   24.738745   24.738722   24.738697   24.738672   24.738646   24.738619   24.738592   24.738564   24.738564   24.738523   24.738483   24.738441   24.738400   24.738354   24.738310   24.738308 -999.000000 -999.000000 -999.000000 -999.000000 -999.000000 -999.000000 -999.000000
   24.738186   24.738171   24.738150   24.738111   24.738073   24.738035   24.737995   24.737955   24.737915   24.737875   24.737873   24.737816   24.737757   24.737698   24.737635   24.737572   24.737511   24.737511 -999.000000 -999.000000 -999.000000 -999.000000 -999.000000 -999.000000 -999.000000
   24.737339   24.737318   24.737289   24.737238   24.737186   24.737135   24.737082   24.737028   24.736973   24.736921   24.736917   24.736843   24.736765   24.736687   24.736607   24.736526   24.736446   24.736446 -999.000000 -999.000000 -999.000000 -999.000000 -999.000000 -999.000000 -999.000000
   24.736227   24.736202   24.736164   24.736099   24.736034   24.735968   24.735903   24.735834   24.735767   24.735701   24.735699   24.735603   24.735508   24.735413   24.735313   24.735214   24.735117   24.735115 -999.000000 -999.000000 -999.000000 -999.000000 -999.000000 -999.000000 -999.000000
   24.734848   24.734818   24.734772   24.734694   24.734615   24.734537   24.734457   24.734377   24.734295   24.734215   24.734213   24.734100   24.733986   24.733871   24.733755   24.733637   24.733521   24.733519 -999.000000 -999.000000 -999.000000 -999.000000 -999.000000 -999.000000 -999.000000
   24.733206   24.733170   24.733114   24.733023   24.732931   24.732840   24.732746   24.732651   24.732555   24.732464   24.732460   24.732330   24.732197   24.732063   24.731928   24.731792   24.731659   24.731653 -999.000000 -999.000000 -999.000000 -999.000000 -999.000000 -999.000000 -999.000000
   24.731295   24.731253   24.731192   24.731087   24.730982   24.730875   24.730768   24.730659   24.730551   24.730446   24.730442   24.730293   24.730143   24.729990   24.729837   24.729681   24.729532   24.729525 -999.000000 -999.000000 -999.000000 -999.000000 -999.000000 -999.000000 -999.000000
   24.729118   24.729073   24.729002   24.728884   24.728765   24.728645   24.728525   24.728403   24.728281   24.728163   24.728157   24.727991   24.727821   24.727652   24.727480   24.727306   24.727139   24.727131 -999.000000 -999.000000 -999.000000 -999.000000 -999.000000 -999.000000 -999.000000
   24.726677   24.726625   24.726545   24.726416   24.726282   24.726149   24.726015   24.725882   24.725744   24.725615   24.725609   24.725424   24.725237   24.725048   24.724857   24.724665   24.724480   24.724472 -999.000000 -999.000000 -999.000000 -999.000000 -999.000000 -999.000000 -999.000000
   24.723970   24.723911   24.723825   24.723680   24.723536   24.723389   24.723242   24.723093   24.722944   24.722799   24.722794   24.722589   24.722385   24.722178   24.721970   24.721760   24.721556   24.721548   24.709719 -999.000000 -999.000000 -999.000000 -999.000000 -999.000000 -999.000000
   24.720997   24.720934   24.720839   24.720680   24.720522   24.720362   24.720201   24.720039   24.719877   24.719719   24.719713   24.719492   24.719269   24.719042   24.718817   24.718588   24.718367   24.718357   24.708117 -999.000000 -999.000000 -999.000000 -999.000000 -999.000000 -999.000000
   24.717758   24.717690   24.717588   24.717417   24.717243   24.717070   24.716896   24.716721   24.716545   24.716375   24.716368   24.716127   24.715885   24.715643   24.715397   24.715151   24.714912   24.714903   24.705456 -999.000000 -999.000000 -999.000000 -999.000000 -999.000000 -999.000000
   24.714254   24.714182   24.714071   24.713886   24.713699   24.713512   24.713326   24.713137   24.712946   24.712765   24.712757   24.712498   24.712238   24.711977   24.711714   24.711449   24.711193   24.711182   24.702116 -999.000000 -999.000000 -999.000000 -999.000000 -999.000000 -999.000000
   24.710485   24.710405   24.710287   24.710089   24.709890   24.709690   24.709488   24.709288   24.709084   24.708887   24.708879   24.708603   24.708326   24.708046   24.707764   24.707481   24.707209   24.707197   24.698298 -999.000000 -999.000000 -999.000000 -999.000000 -999.000000 -999.000000
   24.702150   24.702061   24.701927   24.701702   24.701475   24.701248   24.701021   24.700792   24.700563   24.700340   24.700333   24.700020   24.699705   24.699389   24.699072   24.698751   24.698444   24.698431   24.689638   24.677097 -999.000000 -999.000000 -999.000000 -999.000000 -999.000000
   24.692757   24.692656   24.692505   24.692255   24.692001   24.691748   24.691494   24.691238   24.690981   24.690735   24.690723   24.690376   24.690025   24.689674   24.689320   24.688965   24.688622   24.688608   24.680019   24.669550   24.651308 -999.000000 -999.000000 -999.000000 -999.000000
   24.682302   24.682192   24.682026   24.681747   24.681469   24.681189   24.680908   24.680626   24.680342   24.680069   24.680058   24.679674   24.679289   24.678900   24.678511   24.678120   24.677742   24.677727   24.669573   24.659695   24.645836 -999.000000 -999.000000 -999.000000 -999.000000
   24.670790   24.670670   24.670486   24.670183   24.669878   24.669571   24.669264   24.668955   24.668646   24.668348   24.668335   24.667915   24.667494   24.667070   24.666647   24.666220   24.665808   24.665791   24.657911   24.648279   24.636452 -999.000000 -999.000000 -999.000000 -999.000000
   24.658226   24.658094   24.657896   24.657566   24.657234   24.656902   24.656569   24.656235   24.655899   24.655575   24.655561   24.655107   24.654652   24.654192   24.653732   24.653269   24.652824   24.652805   24.645069   24.635721   24.625202 -999.000000 -999.000000 -999.000000 -999.000000
   24.644613   24.644470   24.644257   24.643902   24.643543   24.643185   24.642826   24.642466   24.642103   24.641754   24.641741   24.641251   24.640759   24.640266   24.639771   24.639273   24.638794   24.638775   24.631117   24.622238   24.612328 -999.000000 -999.000000 -999.000000 -999.000000
   24.629951   24.629799   24.629570   24.629189   24.628805   24.628422   24.628035   24.627649   24.627262   24.626888   24.626873   24.626348   24.625822   24.625294   24.624763   24.624233   24.623720   24.623697   24.616091   24.607559   24.597939 -999.000000 -999.000000 -999.000000 -999.000000
   24.614239   24.614077   24.613832   24.613424   24.613014   24.612604   24.612192   24.611780   24.611366   24.610968   24.610950   24.610392   24.609831   24.609268   24.608704   24.608135   24.607590   24.607567   24.599964   24.591660   24.582291   24.505600 -999.000000 -999.000000 -999.000000
   24.597464   24.597290   24.597031   24.596596   24.596161   24.595724   24.595287   24.594847   24.594408   24.593985   24.593966   24.593372   24.592777   24.592178   24.591579   24.590977   24.590397   24.590372   24.582775   24.574627   24.565573   24.499908 -999.000000 -999.000000 -999.000000
   24.579622   24.579437   24.579163   24.578703   24.578241   24.577778   24.577314   24.576851   24.576384   24.575935   24.575916   24.575289   24.574657   24.574026   24.573391   24.572754   24.572140   24.572115   24.564558   24.556532   24.547798   24.488522 -999.000000 -999.000000 -999.000000
   24.560715   24.560520   24.560230   24.559744   24.559258   24.558769   24.558281   24.557791   24.557299   24.556826   24.556807   24.556145   24.555481   24.554815   24.554148   24.553478   24.552834   24.552807   24.545330   24.537388   24.528889   24.474035 -999.000000 -999.000000 -999.000000
   24.540796   24.540592   24.540289   24.539780   24.539268   24.538757   24.538246   24.537731   24.537216   24.536720   24.536701   24.536009   24.535313   24.534616   24.533918   24.533216   24.532541   24.532515   24.525099   24.517233   24.508924   24.456907 -999.000000 -999.000000 -999.000000
   24.519905   24.519693   24.519375   24.518843   24.518311   24.517775   24.517241   24.516703   24.516165   24.515648   24.515625   24.514902   24.514177   24.513451   24.512722   24.511990   24.511286   24.511257   24.503893   24.496120   24.487982   24.437704   24.357199 -999.000000 -999.000000
   24.498055   24.497833   24.497501   24.496946   24.496391   24.495834   24.495275   24.494715   24.494154   24.493616   24.493593   24.492840   24.492086   24.491329   24.490570   24.489809   24.489077   24.489046   24.481726   24.474020   24.465916   24.416821   24.345800 -999.000000 -999.000000
   24.475206   24.474976   24.474627   24.474045   24.473463   24.472878   24.472292   24.471704   24.471115   24.470549   24.470524   24.469734   24.468941   24.468145   24.467348   24.466547   24.465776   24.465744   24.458361   24.450624   24.442495   24.394550   24.330395 -999.000000 -999.000000
   24.451092   24.450848   24.450481   24.449867   24.449253   24.448637   24.448019   24.447399   24.446777   24.446180   24.446156   24.445324   24.444489   24.443651   24.442810   24.441967   24.441156   24.441122   24.433661   24.425880   24.417730   24.371447   24.312626 -999.000000 -999.000000
   24.425625   24.425367   24.424980   24.424334   24.423687   24.423038   24.422388   24.421736   24.421082   24.420452   24.420425   24.419550   24.418673   24.417791   24.416908   24.416021   24.415167   24.415133   24.407595   24.399771   24.391687   24.347792   24.293289 -999.000000 -999.000000
   24.398756   24.398485   24.398081   24.397404   24.396727   24.396049   24.395370   24.394691   24.394012   24.393360   24.393332   24.392426   24.391520   24.390610   24.389702   24.388790   24.387915   24.387878   24.380520   24.373007   24.365322   24.323675   24.274094 -999.000000 -999.000000
   24.371307   24.371040   24.370638   24.369967   24.369295   24.368622   24.367949   24.367275   24.366602   24.365953   24.365927   24.365028   24.364128   24.363228   24.362326   24.361423   24.360556   24.360519   24.353479   24.346294   24.338949   24.299164   24.255484 -999.000000 -999.000000
   24.343996   24.343731   24.343330   24.342665   24.341997   24.341330   24.340662   24.339993   24.339323   24.338680   24.338654   24.337761   24.336870   24.335976   24.335081   24.334187   24.333324   24.333290   24.326529   24.319624   24.312571   24.275505   24.237274 -999.000000 -999.000000
   24.316807   24.316542   24.316145   24.315483   24.314821   24.314157   24.313494   24.312828   24.312162   24.311523   24.311497   24.310614   24.309727   24.308840   24.307953   24.307064   24.306210   24.306173   24.299652   24.293036   24.286463   24.253769   24.219362   24.095215 -999.000000
   24.289850   24.289597   24.289217   24.288584   24.287951   24.287319   24.286690   24.286060   24.285433   24.284832   24.284807   24.283978   24.283150   24.282326   24.281502   24.280680   24.279894   24.279861   24.274088   24.268330   24.262575   24.233381   24.201374   24.087807 -999.000000
   24.265097   24.264868   24.264526   24.263956   24.263386   24.262817   24.262249   24.261683   24.261114   24.260571   24.260548   24.259800   24.259050   24.258305   24.257559   24.256813   24.256098   24.256069   24.250935   24.245789   24.240616   24.214001   24.182344   24.075626 -999.000000
   24.242508   24.242298   24.241982   24.241457   24.240932   24.240408   24.239883   24.239359   24.238836   24.238333   24.238312   24.237619   24.236929   24.236238   24.235548   24.234858   24.234196   24.234169   24.229504   24.224808   24.220072   24.194513   24.162203   24.060358 -999.000000
   24.221497   24.221300   24.221004   24.220512   24.220022   24.219530   24.219040   24.218550   24.218058   24.217587   24.217567   24.216919   24.216270   24.215624   24.214975   24.214329   24.213707   24.213682   24.209320   24.204809   24.200138   24.173862   24.140944   24.042877 -999.000000
   24.201283   24.201082   24.200785   24.200285   24.199785   24.199284   24.198780   24.198277   24.197771   24.197283   24.197264   24.196592   24.195919   24.195242   24.194565   24.193884   24.193228   24.193201   24.188669   24.183983   24.179131   24.151949   24.118561   24.023661 -999.000000
   24.180035   24.179823   24.179506   24.178978   24.178448   24.177916   24.177382   24.176847   24.176311   24.175797   24.175776   24.175064   24.174349   24.173634   24.172915   24.172194   24.171499   24.171469   24.166744   24.161860   24.156809   24.128674   24.095060   24.002787   23.848812
   24.157433   24.157209   24.156872   24.156309   24.155745   24.155180   24.154612   24.154043   24.153473   24.152924   24.152901   24.152143   24.151384   24.150621   24.149857   24.149090   24.148350   24.148319   24.143377   24.138273   24.133003   24.104223   24.070436   23.980461   23.841297
   24.133287   24.133047   24.132689   24.132088   24.131485   24.130882   24.130278   24.129671   24.129065   24.128481   24.128456   24.127653   24.126846   24.126040   24.125229   24.124416   24.123634   24.123602   24.118494   24.113258   24.107885   24.078691   24.044687   23.956877   23.828253
   24.107773   24.107525   24.107149   24.106525   24.105898   24.105272   24.104643   24.104012   24.103380   24.102774   24.102749   24.101913   24.101076   24.100237   24.099394   24.098551   24.097738   24.097704   24.092493   24.087156   24.081682   24.052038   24.017862   23.932182   23.811493
   24.081163   24.080904   24.080515   24.079865   24.079212   24.078558   24.077904   24.077248   24.076591   24.075958   24.075932   24.075064   24.074192   24.073318   24.072443   24.071566   24.070719   24.070684   24.065363   24.059916   24.054335   24.024244   23.990200   23.906448 -999.000000
   24.053383   24.053112   24.052706   24.052029   24.051350   24.050669   24.049986   24.049303   24.048618   24.047958   24.047932   24.047028   24.046120   24.045210   24.044298   24.043385   24.042503   24.042467   24.037027   24.031466   24.025791   23.995590   23.961744   23.879578 -999.000000
   24.024380   24.024099   24.023678   24.022976   24.022274   24.021568   24.020863   24.020157   24.019449   24.018768   24.018740   24.017807   24.016872   24.015936   24.014996   24.014055   24.013151   24.013113   24.007633   24.002050   23.996363   23.966160   23.932520   23.851635 -999.000000
   23.994493   23.994207   23.993776   23.993057   23.992338   23.991617   23.990896   23.990171   23.989447   23.988750   23.988722   23.987768   23.986813   23.985855   23.984896   23.983934   23.983009   23.982971   23.977468   23.971867   23.966164   23.935963   23.902508   23.822695 -999.000000
   23.963831   23.963539   23.963099   23.962362   23.961626   23.960890   23.960152   23.959412   23.958670   23.957956   23.957928   23.956953   23.955976   23.954998   23.954018   23.953035   23.952089   23.952051   23.946526   23.940905   23.935186   23.904980   23.871595 -999.000000 -999.000000
   23.932383   23.932081   23.931631   23.930880   23.930126   23.929373   23.928617   23.927860   23.927103   23.926374   23.926344   23.925348   23.924351   23.923351   23.922350   23.921345   23.920380   23.920340   23.914791   23.909149   23.903408   23.873121   23.839787 -999.000000 -999.000000
   23.900114   23.899807   23.899345   23.898575   23.897804   23.897032   23.896257   23.895483   23.894707   23.893961   23.893929   23.892910   23.891890   23.890867   23.889841   23.888815   23.887825   23.887785   23.882200   23.876526   23.870756   23.840374   23.807091 -999.000000 -999.000000
   23.866961   23.866646   23.866173   23.865385   23.864594   23.863804   23.863010   23.862217   23.861422   23.860657   23.860624   23.859581   23.858538   23.857491   23.856441   23.855391   23.854380   23.854338   23.848717   23.843008   23.837208   23.806732 -999.000000 -999.000000 -999.000000
   23.832897   23.832575   23.832092   23.831284   23.830475   23.829664   23.828852   23.828039   23.827225   23.826441   23.826408   23.825342   23.824274   23.823202   23.822130   23.821054   23.820019   23.819977   23.814320   23.808577   23.802746 -999.000000 -999.000000 -999.000000 -999.000000
#
# dtdh (rows - delta, columns - depth)
#
 -999.000000 -999.000000 -999.000000 -999.000000 -999.000000 -999.000000 -999.000000   -0.197088   -0.196989   -0.196893   -0.145943   -0.145809   -0.145674   -0.145539   -0.145404   -0.145268   -0.145138   -0.000387 -999.000000 -999.000000 -999.000000 -999.000000 -999.000000 -999.000000 -999.000000
   -0.197682   -0.197642   -0.197583   -0.197485   -0.197386   -0.197288   -0.197189   -0.197090   -0.196991   -0.196895   -0.145946   -0.145811   -0.145677   -0.145542   -0.145407   -0.145272   -0.145142   -0.001116 -999.000000 -999.000000 -999.000000 -999.000000 -999.000000 -999.000000 -999.000000
   -0.197685   -0.197646   -0.197587   -0.197488   -0.197390   -0.197291   -0.197193   -0.197094   -0.196995   -0.196900   -0.145952   -0.145818   -0.145683   -0.145549   -0.145414   -0.145279   -0.145149   -0.001846 -999.000000 -999.000000 -999.000000 -999.000000 -999.000000 -999.000000 -999.000000
   -0.197691   -0.197652   -0.197593   -0.197495   -0.197396   -0.197298   -0.197199   -0.197101   -0.197002   -0.196907   -0.145961   -0.145827   -0.145693   -0.145559   -0.145425   -0.145290   -0.145161   -0.002577 -999.000000 -999.000000 -999.000000 -999.000000 -999.000000 -999.000000 -999.000000
   -0.197699   -0.197660   -0.197601   -0.197503   -0.197405   -0.197307   -0.197209   -0.197110   -0.197011   -0.196916   -0.145974   -0.145841   -0.145707   -0.145573   -0.145439   -0.145305   -0.145175   -0.003308 -999.000000 -999.000000 -999.000000 -999.000000 -999.000000 -999.000000 -999.000000
   -0.197710   -0.197671   -0.197613   -0.197515   -0.197417   -0.197319   -0.197221   -0.197122   -0.197024   -0.196929   -0.145991   -0.145858   -0.145725   -0.145591   -0.145457   -0.145323   -0.145194   -0.004040 -999.000000 -999.000000 -999.000000 -999.000000 -999.000000 -999.000000 -999.000000
   -0.197724   -0.197685   -0.197627   -0.197529   -0.197431   -0.197333   -0.197235   -0.197137   -0.197039   -0.196944   -0.146012   -0.145879   -0.145746   -0.145612   -0.145479   -0.145345   -0.145216   -0.004774 -999.000000 -999.000000 -999.000000 -999.000000 -999.000000 -999.000000 -999.000000
   -0.197741   -0.197702   -0.197644   -0.197546   -0.197449   -0.197351   -0.197253   -0.197155   -0.197056   -0.196962   -0.146036   -0.145903   -0.145770   -0.145637   -0.145504   -0.145370   -0.145242   -0.005507 -999.000000 -999.000000 -999.000000 -999.000000 -999.000000 -999.000000 -999.000000
   -0.197760   -0.197722   -0.197663   -0.197566   -0.197468   -0.197371   -0.197273   -0.197175   -0.197077   -0.196982   -0.146064   -0.145931   -0.145799   -0.145666   -0.145533   -0.145400   -0.145272   -0.006240 -999.000000 -999.000000 -999.000000 -999.000000 -999.000000 -999.000000 -999.000000
   -0.197782   -0.197744   -0.197685   -0.197588   -0.197491   -0.197393   -0.197296   -0.197198   -0.197100   -0.197006   -0.146095   -0.145963   -0.145831   -0.145698   -0.145566   -0.145433   -0.145305   -0.006973 -999.000000 -999.000000 -999.000000 -999.000000 -999.000000 -999.000000 -999.000000
   -0.197807   -0.197768   -0.197710   -0.197613   -0.197516   -0.197419   -0.197321   -0.197224   -0.197126   -0.197032   -0.146130   -0.145998   -0.145867   -0.145735   -0.145602   -0.145470   -0.145342   -0.007705 -999.000000 -999.000000 -999.000000 -999.000000 -999.000000 -999.000000 -999.000000
   -0.197834   -0.197796   -0.197738   -0.197641   -0.197544   -0.197447   -0.197349   -0.197252   -0.197154   -0.197061   -0.146169   -0.146038   -0.145906   -0.145774   -0.145642   -0.145510   -0.145383   -0.008438   -0.000834 -999.000000 -999.000000 -999.000000 -999.000000 -999.000000 -999.000000
   -0.197864   -0.197826   -0.197768   -0.197671   -0.197574   -0.197478   -0.197380   -0.197283   -0.197186   -0.197092   -0.146211   -0.146080   -0.145949   -0.145818   -0.145686   -0.145554   -0.145427   -0.009170   -0.002680 -999.000000 -999.000000 -999.000000 -999.000000 -999.000000 -999.000000
   -0.197897   -0.197859   -0.197801   -0.197704   -0.197608   -0.197511   -0.197414   -0.197317   -0.197220   -0.197126   -0.146257   -0.146127   -0.145996   -0.145865   -0.145733   -0.145602   -0.145475   -0.009903   -0.004237 -999.000000 -999.000000 -999.000000 -999.000000 -999.000000 -999.000000
   -0.197933   -0.197894   -0.197836   -0.197740   -0.197644   -0.197547   -0.197450   -0.197353   -0.197256   -0.197163   -0.146307   -0.146177   -0.146046   -0.145915   -0.145784   -0.145653   -0.145527   -0.010635   -0.005609 -999.000000 -999.000000 -999.000000 -999.000000 -999.000000 -999.000000
   -0.197971   -0.197932   -0.197875   -0.197779   -0.197682   -0.197586   -0.197489   -0.197393   -0.197296   -0.197203   -0.146360   -0.146230   -0.146100   -0.145970   -0.145839   -0.145708   -0.145582   -0.011367   -0.006849 -999.000000 -999.000000 -999.000000 -999.000000 -999.000000 -999.000000
   -0.198055   -0.198017   -0.197959   -0.197863   -0.197768   -0.197671   -0.197575   -0.197479   -0.197382   -0.197290   -0.146478   -0.146348   -0.146219   -0.146089   -0.145959   -0.145829   -0.145703   -0.012830   -0.009052   -0.003783 -999.000000 -999.000000 -999.000000 -999.000000 -999.000000
   -0.198149   -0.198111   -0.198054   -0.197959   -0.197863   -0.197768   -0.197672   -0.197576   -0.197480   -0.197388   -0.146609   -0.146481   -0.146352   -0.146223   -0.146094   -0.145964   -0.145840   -0.014293   -0.010992   -0.006698   -0.000629 -999.000000 -999.000000 -999.000000 -999.000000
   -0.198255   -0.198217   -0.198160   -0.198065   -0.197970   -0.197875   -0.197779   -0.197684   -0.197588   -0.197496   -0.146756   -0.146628   -0.146500   -0.146371   -0.146243   -0.146114   -0.145990   -0.015755   -0.012769   -0.009206   -0.004750 -999.000000 -999.000000 -999.000000 -999.000000
   -0.198371   -0.198333   -0.198276   -0.198182   -0.198087   -0.197992   -0.197897   -0.197802   -0.197707   -0.197615   -0.146916   -0.146789   -0.146661   -0.146534   -0.146406   -0.146278   -0.146155   -0.017216   -0.014497   -0.011442   -0.007782 -999.000000 -999.000000 -999.000000 -999.000000
   -0.198497   -0.198459   -0.198403   -0.198309   -0.198215   -0.198120   -0.198026   -0.197931   -0.197836   -0.197745   -0.147090   -0.146964   -0.146837   -0.146711   -0.146583   -0.146456   -0.146334   -0.018675   -0.016187   -0.013479   -0.010300 -999.000000 -999.000000 -999.000000 -999.000000
   -0.198634   -0.198596   -0.198540   -0.198446   -0.198353   -0.198259   -0.198164   -0.198070   -0.197976   -0.197885   -0.147279   -0.147153   -0.147027   -0.146901   -0.146775   -0.146649   -0.146527   -0.020132   -0.017842   -0.015368   -0.012577 -999.000000 -999.000000 -999.000000 -999.000000
   -0.198781   -0.198743   -0.198688   -0.198594   -0.198501   -0.198407   -0.198314   -0.198220   -0.198126   -0.198036   -0.147481   -0.147356   -0.147231   -0.147106   -0.146980   -0.146855   -0.146734   -0.021588   -0.019467   -0.017189   -0.014709 -999.000000 -999.000000 -999.000000 -999.000000
   -0.198938   -0.198901   -0.198845   -0.198753   -0.198660   -0.198567   -0.198473   -0.198380   -0.198286   -0.198197   -0.147697   -0.147573   -0.147449   -0.147325   -0.147200   -0.147075   -0.146955   -0.023043   -0.021070   -0.018964   -0.016721   -0.000052 -999.000000 -999.000000 -999.000000
   -0.199106   -0.199069   -0.199014   -0.198921   -0.198829   -0.198736   -0.198643   -0.198551   -0.198458   -0.198368   -0.147927   -0.147804   -0.147681   -0.147557   -0.147433   -0.147309   -0.147190   -0.024498   -0.022654   -0.020696   -0.018630   -0.004806 -999.000000 -999.000000 -999.000000
   -0.199284   -0.199247   -0.199192   -0.199100   -0.199008   -0.198916   -0.198824   -0.198732   -0.198639   -0.198550   -0.148171   -0.148049   -0.147926   -0.147804   -0.147681   -0.147558   -0.147439   -0.025953   -0.024218   -0.022389   -0.020465   -0.008324 -999.000000 -999.000000 -999.000000
   -0.199472   -0.199436   -0.199381   -0.199290   -0.199198   -0.199107   -0.199015   -0.198923   -0.198831   -0.198742   -0.148429   -0.148307   -0.148186   -0.148064   -0.147942   -0.147820   -0.147702   -0.027407   -0.025766   -0.024049   -0.022250   -0.011315 -999.000000 -999.000000 -999.000000
   -0.199670   -0.199634   -0.199580   -0.199489   -0.199398   -0.199307   -0.199215   -0.199124   -0.199032   -0.198944   -0.148699   -0.148579   -0.148458   -0.148337   -0.148216   -0.148094   -0.147978   -0.028854   -0.027298   -0.025680   -0.023990   -0.014052 -999.000000 -999.000000 -999.000000
   -0.199878   -0.199842   -0.199788   -0.199697   -0.199607   -0.199516   -0.199425   -0.199334   -0.199243   -0.199156   -0.148982   -0.148862   -0.148742   -0.148622   -0.148502   -0.148381   -0.148265   -0.030296   -0.028815   -0.027283   -0.025687   -0.016589   -0.003596 -999.000000 -999.000000
   -0.200095   -0.200059   -0.200005   -0.199915   -0.199825   -0.199735   -0.199644   -0.199554   -0.199463   -0.199376   -0.149276   -0.149158   -0.149039   -0.148919   -0.148800   -0.148680   -0.148565   -0.031730   -0.030319   -0.028864   -0.027360   -0.018966   -0.007699 -999.000000 -999.000000
   -0.200321   -0.200285   -0.200231   -0.200142   -0.200052   -0.199963   -0.199873   -0.199783   -0.199693   -0.199607   -0.149584   -0.149466   -0.149348   -0.149230   -0.149111   -0.148993   -0.148879   -0.033168   -0.031826   -0.030447   -0.029029   -0.021207   -0.011039 -999.000000 -999.000000
   -0.200559   -0.200523   -0.200470   -0.200381   -0.200292   -0.200203   -0.200114   -0.200025   -0.199935   -0.199849   -0.149908   -0.149791   -0.149674   -0.149557   -0.149440   -0.149322   -0.149209   -0.034620   -0.033344   -0.032035   -0.030694   -0.023303   -0.013929 -999.000000 -999.000000
   -0.200809   -0.200774   -0.200721   -0.200633   -0.200545   -0.200457   -0.200368   -0.200279   -0.200191   -0.200105   -0.150249   -0.150133   -0.150017   -0.149901   -0.149785   -0.149669   -0.149557   -0.036089   -0.034873   -0.033627   -0.032350   -0.025268   -0.016507 -999.000000 -999.000000
   -0.201073   -0.201038   -0.200986   -0.200899   -0.200811   -0.200723   -0.200635   -0.200547   -0.200459   -0.200374   -0.150607   -0.150492   -0.150377   -0.150262   -0.150146   -0.150031   -0.149920   -0.037566   -0.036391   -0.035184   -0.033943   -0.027124   -0.018717 -999.000000 -999.000000
   -0.201342   -0.201308   -0.201255   -0.201168   -0.201081   -0.200993   -0.200905   -0.200818   -0.200730   -0.200645   -0.150967   -0.150853   -0.150738   -0.150624   -0.150509   -0.150394   -0.150283   -0.038990   -0.037845   -0.036669   -0.035464   -0.028886   -0.020633 -999.000000 -999.000000
   -0.201609   -0.201575   -0.201523   -0.201436   -0.201349   -0.201261   -0.201174   -0.201086   -0.200999   -0.200914   -0.151325   -0.151211   -0.151097   -0.150983   -0.150868   -0.150754   -0.150643   -0.040357   -0.039239   -0.038094   -0.036921   -0.030489   -0.022348 -999.000000 -999.000000
   -0.201875   -0.201840   -0.201788   -0.201701   -0.201615   -0.201528   -0.201440   -0.201353   -0.201266   -0.201182   -0.151680   -0.151566   -0.151453   -0.151339   -0.151225   -0.151111   -0.151001   -0.041671   -0.040580   -0.039461   -0.038306   -0.031889   -0.023914   -0.001897 -999.000000
   -0.202137   -0.202102   -0.202051   -0.201964   -0.201877   -0.201790   -0.201703   -0.201616   -0.201528   -0.201444   -0.152027   -0.151914   -0.151800   -0.151686   -0.151571   -0.151457   -0.151347   -0.042907   -0.041814   -0.040689   -0.039531   -0.033148   -0.025389   -0.005821 -999.000000
   -0.202377   -0.202343   -0.202290   -0.202203   -0.202116   -0.202029   -0.201942   -0.201854   -0.201766   -0.201682   -0.152342   -0.152228   -0.152114   -0.151999   -0.151884   -0.151769   -0.151658   -0.043994   -0.042900   -0.041777   -0.040622   -0.034301   -0.026860   -0.009146 -999.000000
   -0.202596   -0.202561   -0.202509   -0.202422   -0.202335   -0.202247   -0.202159   -0.202072   -0.201984   -0.201899   -0.152630   -0.152516   -0.152401   -0.152286   -0.152171   -0.152055   -0.151944   -0.044970   -0.043881   -0.042763   -0.041617   -0.035421   -0.028332   -0.012083 -999.000000
   -0.202799   -0.202764   -0.202712   -0.202625   -0.202538   -0.202450   -0.202362   -0.202274   -0.202186   -0.202102   -0.152898   -0.152783   -0.152668   -0.152553   -0.152438   -0.152322   -0.152211   -0.045864   -0.044784   -0.043682   -0.042559   -0.036570   -0.029807   -0.014742 -999.000000
   -0.202994   -0.202960   -0.202908   -0.202821   -0.202734   -0.202646   -0.202559   -0.202471   -0.202384   -0.202300   -0.153159   -0.153045   -0.152931   -0.152817   -0.152702   -0.152588   -0.152477   -0.046739   -0.045689   -0.044619   -0.043529   -0.037750   -0.031283   -0.017195 -999.000000
   -0.203199   -0.203165   -0.203113   -0.203026   -0.202940   -0.202853   -0.202766   -0.202679   -0.202592   -0.202509   -0.153435   -0.153322   -0.153209   -0.153096   -0.152982   -0.152868   -0.152759   -0.047650   -0.046629   -0.045591   -0.044536   -0.038964   -0.032760   -0.019512   -0.001703
   -0.203416   -0.203382   -0.203331   -0.203245   -0.203159   -0.203073   -0.202987   -0.202900   -0.202814   -0.202731   -0.153728   -0.153616   -0.153504   -0.153392   -0.153279   -0.153166   -0.153058   -0.048600   -0.047610   -0.046605   -0.045584   -0.040197   -0.034237   -0.021716   -0.005813
   -0.203648   -0.203614   -0.203563   -0.203478   -0.203392   -0.203307   -0.203221   -0.203136   -0.203050   -0.202967   -0.154040   -0.153929   -0.153818   -0.153707   -0.153595   -0.153484   -0.153376   -0.049594   -0.048632   -0.047655   -0.046663   -0.041445   -0.035716   -0.023822   -0.009349
   -0.203892   -0.203859   -0.203808   -0.203723   -0.203638   -0.203553   -0.203468   -0.203383   -0.203298   -0.203216   -0.154367   -0.154257   -0.154147   -0.154037   -0.153926   -0.153815   -0.153709   -0.050613   -0.049677   -0.048726   -0.047762   -0.042708   -0.037192   -0.025842   -0.012499
   -0.204146   -0.204113   -0.204062   -0.203978   -0.203894   -0.203810   -0.203725   -0.203641   -0.203556   -0.203474   -0.154708   -0.154598   -0.154489   -0.154380   -0.154270   -0.154160   -0.154055   -0.051654   -0.050742   -0.049818   -0.048881   -0.043984   -0.038654   -0.027789 -999.000000
   -0.204411   -0.204378   -0.204328   -0.204244   -0.204160   -0.204077   -0.203993   -0.203909   -0.203825   -0.203744   -0.155062   -0.154953   -0.154845   -0.154737   -0.154628   -0.154519   -0.154414   -0.052717   -0.051831   -0.050932   -0.050021   -0.045261   -0.040100   -0.029684 -999.000000
   -0.204687   -0.204654   -0.204604   -0.204521   -0.204438   -0.204355   -0.204271   -0.204188   -0.204104   -0.204024   -0.155429   -0.155322   -0.155215   -0.155107   -0.154999   -0.154891   -0.154788   -0.053800   -0.052935   -0.052057   -0.051169   -0.046534   -0.041531   -0.031532 -999.000000
   -0.204970   -0.204937   -0.204888   -0.204805   -0.204723   -0.204640   -0.204557   -0.204474   -0.204391   -0.204311   -0.155806   -0.155700   -0.155593   -0.155486   -0.155379   -0.155272   -0.155169   -0.054889   -0.054043   -0.053186   -0.052319   -0.047804   -0.042950   -0.033336 -999.000000
   -0.205260   -0.205227   -0.205178   -0.205096   -0.205014   -0.204932   -0.204849   -0.204767   -0.204684   -0.204605   -0.156191   -0.156086   -0.155980   -0.155874   -0.155768   -0.155661   -0.155559   -0.055982   -0.055155   -0.054318   -0.053471   -0.049071   -0.044362 -999.000000 -999.000000
   -0.205557   -0.205524   -0.205475   -0.205394   -0.205312   -0.205230   -0.205148   -0.205066   -0.204984   -0.204905   -0.156585   -0.156480   -0.156375   -0.156270   -0.156165   -0.156059   -0.155958   -0.057080   -0.056272   -0.055454   -0.054626   -0.050339   -0.045768 -999.000000 -999.000000
   -0.205860   -0.205828   -0.205779   -0.205698   -0.205617   -0.205536   -0.205454   -0.205373   -0.205291   -0.205213   -0.156987   -0.156883   -0.156779   -0.156675   -0.156570   -0.156466   -0.156365   -0.058184   -0.057394   -0.056595   -0.055787   -0.051609   -0.047167 -999.000000 -999.000000
   -0.206171   -0.206139   -0.206091   -0.206010   -0.205929   -0.205849   -0.205768   -0.205687   -0.205606   -0.205528   -0.157399   -0.157296   -0.157193   -0.157089   -0.156986   -0.156882   -0.156782   -0.059296   -0.058523   -0.057742   -0.056954   -0.052879 -999.000000 -999.000000 -999.000000
   -0.206489   -0.206457   -0.206410   -0.206330   -0.206250   -0.206169   -0.206089   -0.206009   -0.205928   -0.205851   -0.157820   -0.157718   -0.157616   -0.157513   -0.157410   -0.157308   -0.157209   -0.060415   -0.059659   -0.058896   -0.058126 -999.000000 -999.000000 -999.000000 -999.000000
#
# iasp91 travel-time table for SnSn
#
