#
# iasp91 travel-time table for PKSdf
#
# number of distance and depth samples
73 37
# delta samples
108.000 109.000 110.000 111.000 112.000 113.000 114.000 115.000 116.000 117.000 118.000 119.000 120.000 121.000 122.000 123.000 124.000 125.000 126.000 127.000 128.000 129.000 130.000 131.000 132.000 
133.000 134.000 135.000 136.000 137.000 138.000 139.000 140.000 141.000 142.000 143.000 144.000 145.000 146.000 147.000 148.000 149.000 150.000 151.000 152.000 153.000 154.000 155.000 156.000 157.000 
158.000 159.000 160.000 161.000 162.000 163.000 164.000 165.000 166.000 167.000 168.000 169.000 170.000 171.000 172.000 173.000 174.000 175.000 176.000 177.000 178.000 179.000 180.000 
# depth samples
    0.000000    1.000000    2.500000    5.000000    7.500000   10.000000   12.500000   15.000000   17.500000   19.900000   20.000000   22.500000   25.000000   27.500000   30.000000   32.500000   34.900000   35.000000   40.000000   45.000000   50.000000   75.000000  100.000000  150.000000  200.000000  250.000000  300.000000  350.000000  400.000000  450.000000  500.000000  550.000000  600.000000  650.000000  700.000000  750.000000  800.000000
#
# travel times (rows - delta, columns - depth)
#
 -999.000000 -999.000000 -999.000000 -999.000000 -999.000000 -999.000000 -999.000000 -999.000000 -999.000000 -999.000000 -999.000000 -999.000000 -999.000000 -999.000000 -999.000000 -999.000000 -999.000000 -999.000000 -999.000000 -999.000000 -999.000000 -999.000000 -999.000000 -999.000000 -999.000000 -999.000000 -999.000000 -999.000000 -999.000000 -999.000000 1266.885620 1261.841675 1256.887695 1252.020630 1247.450073 1242.993774 1238.589600
 1328.005127 1327.833618 1327.576294 1327.147339 1326.718506 1326.289673 1325.860718 1325.431885 1325.003052 1324.591309 1324.574219 1324.192017 1323.809814 1323.427612 1323.045410 1322.663208 1322.296387 1322.281128 1321.665283 1321.049561 1320.433838 1317.356201 1314.280029 1308.150635 1302.119507 1296.202026 1290.414551 1284.752319 1279.210327 1273.937622 1268.800781 1263.756836 1258.802856 1253.935791 1249.365234 1244.908936 1240.504761
 1329.920288 1329.748779 1329.491333 1329.062500 1328.633667 1328.204712 1327.775879 1327.347046 1326.918213 1326.506470 1326.489380 1326.107178 1325.724976 1325.342773 1324.960571 1324.578369 1324.211548 1324.196289 1323.580444 1322.964722 1322.348999 1319.271362 1316.195068 1310.065796 1304.034546 1298.117188 1292.329590 1286.667358 1281.125366 1275.852661 1270.715820 1265.671875 1260.717773 1255.850708 1251.280151 1246.823730 1242.419556
 1331.835205 1331.663696 1331.406372 1330.977417 1330.548584 1330.119751 1329.690796 1329.261963 1328.833130 1328.421387 1328.404297 1328.022095 1327.639893 1327.257690 1326.875488 1326.493286 1326.126465 1326.111206 1325.495361 1324.879639 1324.263916 1321.186279 1318.109985 1311.980713 1305.949463 1300.031982 1294.244385 1288.582153 1283.040161 1277.767334 1272.630493 1267.586548 1262.632324 1257.765259 1253.194580 1248.738159 1244.333862
 1333.749756 1333.578247 1333.320801 1332.891968 1332.463135 1332.034180 1331.605347 1331.176514 1330.747559 1330.335938 1330.318726 1329.936523 1329.554443 1329.172241 1328.790039 1328.407837 1328.041016 1328.025757 1327.409912 1326.794189 1326.178467 1323.100708 1320.024536 1313.895142 1307.863892 1301.946411 1296.158813 1290.496460 1284.954346 1279.681519 1274.544678 1269.500610 1264.546387 1259.679199 1255.108521 1250.651978 1246.247681
 1335.663696 1335.492188 1335.234863 1334.805908 1334.377075 1333.948242 1333.519287 1333.090454 1332.661621 1332.249878 1332.232788 1331.850464 1331.468384 1331.086182 1330.703979 1330.321777 1329.954956 1329.939697 1329.323853 1328.708008 1328.092407 1325.014648 1321.938354 1315.808960 1309.777710 1303.860107 1298.072388 1292.410034 1286.867920 1281.595093 1276.458130 1271.413940 1266.459595 1261.592407 1257.021606 1252.565063 1248.160522
 1337.576904 1337.405396 1337.148071 1336.719116 1336.290283 1335.861328 1335.432495 1335.003662 1334.574707 1334.163086 1334.145874 1333.763672 1333.381470 1332.999390 1332.617188 1332.234985 1331.868042 1331.852905 1331.236938 1330.621216 1330.005493 1326.927734 1323.851440 1317.722046 1311.690674 1305.772949 1299.985229 1294.322754 1288.780640 1283.507690 1278.370605 1273.326416 1268.371948 1263.504639 1258.933716 1254.477051 1250.072388
 1339.489136 1339.317505 1339.060181 1338.631348 1338.202515 1337.773560 1337.344727 1336.915771 1336.486938 1336.075195 1336.058105 1335.675903 1335.293701 1334.911499 1334.529297 1334.147095 1333.780273 1333.765015 1333.149170 1332.533325 1331.917603 1328.839966 1325.763550 1319.634033 1313.602539 1307.684814 1301.897095 1296.234497 1290.692261 1285.419189 1280.281982 1275.237549 1270.283081 1265.415649 1260.844482 1256.387695 1251.982910
 1341.400146 1341.228516 1340.971191 1340.542358 1340.113403 1339.684570 1339.255737 1338.826782 1338.397949 1337.986206 1337.969116 1337.586914 1337.204712 1336.822510 1336.440308 1336.058105 1335.691162 1335.676025 1335.060059 1334.444336 1333.828613 1330.750854 1327.674438 1321.544800 1315.513184 1309.595459 1303.807495 1298.144775 1292.602417 1287.329224 1282.191895 1277.147461 1272.192749 1267.325195 1262.753906 1258.296875 1253.891968
 1343.309692 1343.138062 1342.880737 1342.451904 1342.022949 1341.594116 1341.165283 1340.736328 1340.307495 1339.895752 1339.878662 1339.496338 1339.114136 1338.732056 1338.349854 1337.967651 1337.600708 1337.585449 1336.969604 1336.353760 1335.738037 1332.660278 1329.583740 1323.453979 1317.422363 1311.504395 1305.716431 1300.053589 1294.511108 1289.237793 1284.100342 1279.055664 1274.100830 1269.233032 1264.661499 1260.204346 1255.799194
 1345.217529 1345.045898 1344.788574 1344.359741 1343.930786 1343.501953 1343.072998 1342.644165 1342.215332 1341.803589 1341.786377 1341.404175 1341.021973 1340.639771 1340.257568 1339.875366 1339.508545 1339.493286 1338.877319 1338.261597 1337.645874 1334.567871 1331.491455 1325.361572 1319.329712 1313.411743 1307.623535 1301.960571 1296.417847 1291.144409 1286.006714 1280.961914 1276.006836 1271.138916 1266.567139 1262.109741 1257.704224
 1347.123413 1346.951782 1346.694458 1346.265503 1345.836670 1345.407715 1344.978882 1344.549927 1344.121094 1343.709351 1343.692261 1343.309937 1342.927734 1342.545532 1342.163330 1341.781128 1341.414307 1341.399048 1340.783081 1340.167358 1339.551514 1336.473633 1333.396973 1327.266968 1321.234985 1315.316772 1309.528442 1303.865356 1298.322510 1293.048828 1287.911011 1282.865967 1277.910645 1273.042480 1268.470459 1264.012695 1259.606934
 1349.026855 1348.855347 1348.598022 1348.169067 1347.740234 1347.311279 1346.882446 1346.453491 1346.024536 1345.612915 1345.595703 1345.213501 1344.831299 1344.449097 1344.066895 1343.684692 1343.317749 1343.302490 1342.686523 1342.070679 1341.454956 1338.376953 1335.300293 1329.170044 1323.137939 1317.219604 1311.431030 1305.767700 1300.224609 1294.950806 1289.812622 1284.767334 1279.811890 1274.943359 1270.371094 1265.913086 1261.506958
 1350.927856 1350.756226 1350.498901 1350.069946 1349.641113 1349.212158 1348.783325 1348.354370 1347.925415 1347.513672 1347.496582 1347.114380 1346.732178 1346.349854 1345.967651 1345.585449 1345.218506 1345.203369 1344.587402 1343.971558 1343.355713 1340.277588 1337.200806 1331.070435 1325.038208 1319.119629 1313.330811 1307.667236 1302.124023 1296.849854 1291.711426 1286.665894 1281.710083 1276.841309 1272.268677 1267.810303 1263.403809
 1352.825684 1352.654175 1352.396851 1351.967896 1351.538940 1351.110107 1350.681152 1350.252197 1349.823364 1349.411621 1349.394409 1349.012207 1348.630005 1348.247681 1347.865479 1347.483276 1347.116333 1347.101074 1346.485107 1345.869263 1345.253418 1342.175293 1339.098389 1332.967773 1326.935303 1321.016479 1315.227417 1309.563721 1304.020142 1298.745728 1293.607056 1288.561157 1283.604980 1278.735840 1274.162842 1269.704102 1265.297241
 1354.720215 1354.548706 1354.291382 1353.862427 1353.433472 1353.004517 1352.575684 1352.146729 1351.717773 1351.306030 1351.288940 1350.906616 1350.524414 1350.142212 1349.759888 1349.377686 1349.010742 1348.995483 1348.379517 1347.763672 1347.147827 1344.069458 1340.992432 1334.861694 1328.828857 1322.909790 1317.120605 1311.456543 1305.912598 1300.637817 1295.498901 1290.452637 1285.496094 1280.626587 1276.053223 1271.593872 1267.186646
 1356.610962 1356.439453 1356.182007 1355.753052 1355.324219 1354.895264 1354.466309 1354.037354 1353.608398 1353.196655 1353.179565 1352.797241 1352.415039 1352.032837 1351.650513 1351.268311 1350.901367 1350.886108 1350.270142 1349.654175 1349.038330 1345.959839 1342.882690 1336.751587 1330.718628 1324.799194 1319.009644 1313.345337 1307.801147 1302.526001 1297.386597 1292.339966 1287.383057 1282.513062 1277.939209 1273.479370 1269.071533
 1358.497437 1358.325806 1358.068481 1357.639526 1357.210571 1356.781616 1356.352661 1355.923706 1355.494751 1355.083008 1355.065918 1354.683594 1354.301392 1353.919067 1353.536865 1353.154541 1352.787598 1352.772339 1352.156372 1351.540405 1350.924561 1347.845825 1344.768677 1338.637207 1332.603882 1326.684204 1320.894287 1315.229614 1309.684937 1304.409424 1299.269653 1294.222534 1289.265137 1284.394775 1279.820312 1275.359985 1270.951660
 1360.379028 1360.207397 1359.950073 1359.521118 1359.092163 1358.663208 1358.234253 1357.805298 1357.376343 1356.964600 1356.947388 1356.565186 1356.182861 1355.800537 1355.418335 1355.036011 1354.669067 1354.653809 1354.037720 1353.421753 1352.805908 1349.727051 1346.649658 1340.517944 1334.484253 1328.564209 1322.773926 1317.108765 1311.563843 1306.287842 1301.147583 1296.099976 1291.142090 1286.271118 1281.696167 1277.235229 1272.826172
 1362.255249 1362.083740 1361.826294 1361.397339 1360.968384 1360.539429 1360.110474 1359.681519 1359.252563 1358.840698 1358.823608 1358.441284 1358.058960 1357.676758 1357.294434 1356.912109 1356.545166 1356.529907 1355.913818 1355.297852 1354.681885 1351.602905 1348.525269 1342.393188 1336.359131 1330.438721 1324.647949 1318.982422 1313.437012 1308.160522 1303.019775 1297.971558 1293.013184 1288.141602 1283.565918 1279.104248 1274.694458
 1364.125610 1363.953979 1363.696655 1363.267700 1362.838623 1362.409668 1361.980713 1361.551758 1361.122803 1360.710938 1360.693848 1360.311523 1359.929199 1359.546875 1359.164551 1358.782349 1358.415283 1358.400024 1357.783936 1357.167847 1356.551880 1353.472656 1350.394897 1344.262451 1338.227905 1332.307007 1326.515869 1320.849731 1315.303833 1310.026855 1304.885498 1299.836670 1294.877686 1290.005371 1285.429077 1280.966675 1276.556152
 1365.989258 1365.817749 1365.560303 1365.131348 1364.702271 1364.273315 1363.844360 1363.415283 1362.986328 1362.574463 1362.557373 1362.175049 1361.792725 1361.410400 1361.028076 1360.645752 1360.278809 1360.263550 1359.647339 1359.031250 1358.415161 1355.335815 1352.257812 1346.124878 1340.089844 1334.168457 1328.376831 1322.710205 1317.163696 1311.886108 1306.744019 1301.694702 1296.734863 1291.861938 1287.284790 1282.821533 1278.410156
 1367.845581 1367.674072 1367.416626 1366.987549 1366.558594 1366.129517 1365.700562 1365.271606 1364.842529 1364.430664 1364.413574 1364.031250 1363.648804 1363.266479 1362.884155 1362.501831 1362.134766 1362.119629 1361.503296 1360.887207 1360.271118 1357.191528 1354.113159 1347.979736 1341.944214 1336.022339 1330.230103 1324.562866 1319.015747 1313.737549 1308.594849 1303.544678 1298.584106 1293.710327 1289.132324 1284.668213 1280.255859
 1369.693848 1369.522217 1369.264771 1368.835693 1368.406738 1367.977661 1367.548584 1367.119629 1366.690552 1366.278687 1366.261597 1365.879150 1365.496826 1365.114502 1364.732178 1364.349731 1363.982666 1363.967529 1363.351196 1362.734985 1362.118774 1359.038940 1355.960449 1349.826416 1343.790283 1337.867798 1332.074951 1326.407104 1320.859253 1315.580322 1310.436768 1305.385864 1300.424438 1295.549805 1290.970825 1286.505737 1282.092285
 1371.532959 1371.361328 1371.103882 1370.674805 1370.245728 1369.816772 1369.387695 1368.958618 1368.529541 1368.117676 1368.100586 1367.718140 1367.335815 1366.953369 1366.571045 1366.188599 1365.821533 1365.806274 1365.189941 1364.573730 1363.957520 1360.877319 1357.798462 1351.663940 1345.627197 1339.703979 1333.910522 1328.241943 1322.693359 1317.413574 1312.269287 1307.217407 1302.255127 1297.379517 1292.799561 1288.333252 1283.918701
 1373.362183 1373.190552 1372.933105 1372.504028 1372.074951 1371.645874 1371.216797 1370.787720 1370.358643 1369.946777 1369.929688 1369.547241 1369.164795 1368.782349 1368.400024 1368.017578 1367.650513 1367.635254 1367.018799 1366.402466 1365.786255 1362.705688 1359.626587 1353.491333 1347.453979 1341.530029 1335.735718 1330.066406 1324.517090 1319.236328 1314.091064 1309.038330 1304.075073 1299.198364 1294.617188 1290.149780 1285.733887
 1375.180542 1375.008911 1374.751465 1374.322266 1373.893188 1373.464111 1373.035034 1372.605957 1372.176880 1371.764893 1371.747803 1371.365356 1370.982910 1370.600464 1370.218018 1369.835571 1369.468384 1369.453247 1368.836670 1368.220337 1367.604004 1364.523071 1361.443604 1355.307617 1349.269531 1343.344849 1337.549683 1331.879517 1326.329224 1321.047607 1315.901367 1310.847534 1305.883179 1301.005371 1296.422974 1291.954224 1287.536987
 1376.986816 1376.815186 1376.557617 1376.128540 1375.699463 1375.270264 1374.841187 1374.412109 1373.982910 1373.570923 1373.553833 1373.171387 1372.788940 1372.406372 1372.023926 1371.641479 1371.274292 1371.259155 1370.642578 1370.026123 1369.409668 1366.328369 1363.248535 1357.111694 1351.072754 1345.147217 1339.351318 1333.680176 1328.128906 1322.846191 1317.698853 1312.643921 1307.678345 1302.799194 1298.215454 1293.745239 1289.326538
 1378.779907 1378.608154 1378.350708 1377.921509 1377.492432 1377.063232 1376.634033 1376.204956 1375.775757 1375.363770 1375.346680 1374.964111 1374.581665 1374.199097 1373.816650 1373.434204 1373.067017 1373.051758 1372.435059 1371.818481 1371.202026 1368.120361 1365.040039 1358.902466 1352.862549 1346.936157 1341.139160 1335.467041 1329.914673 1324.630859 1319.482300 1314.426147 1309.459229 1304.578857 1299.993530 1295.521851 1291.101562
 1380.558350 1380.386719 1380.129150 1379.700073 1379.270874 1378.841675 1378.412476 1377.983276 1377.554077 1377.142090 1377.124878 1376.742432 1376.359863 1375.977295 1375.594727 1375.212280 1374.844971 1374.829834 1374.213013 1373.596436 1372.979858 1369.897705 1366.816895 1360.678345 1354.637573 1348.710083 1342.912109 1337.238770 1331.685425 1326.400269 1321.250488 1316.192871 1311.224609 1306.342773 1301.755859 1297.282471 1292.860474
 1382.321045 1382.149414 1381.891846 1381.462646 1381.033447 1380.604126 1380.174927 1379.745728 1379.316528 1378.904419 1378.887329 1378.504761 1378.122192 1377.739624 1377.357056 1376.974487 1376.607178 1376.591919 1375.975098 1375.358398 1374.741699 1371.659058 1368.577759 1362.438232 1356.396362 1350.467773 1344.668701 1338.994263 1333.439575 1328.153198 1323.001953 1317.942993 1312.973145 1308.089722 1303.501221 1299.026001 1294.602173
 1384.066528 1383.894897 1383.637329 1383.208008 1382.778809 1382.349487 1381.920288 1381.490967 1381.061768 1380.649658 1380.632568 1380.249878 1379.867310 1379.484619 1379.102051 1378.719360 1378.352173 1378.336914 1377.719971 1377.103149 1376.486328 1373.403198 1370.321411 1364.180664 1358.137695 1352.208008 1346.407715 1340.731934 1335.176025 1329.888184 1324.735474 1319.674927 1314.703491 1309.818359 1305.228027 1300.750854 1296.325073
 1385.793335 1385.621582 1385.364014 1384.934692 1384.505371 1384.076172 1383.646851 1383.217529 1382.788208 1382.376099 1382.359009 1381.976318 1381.593628 1381.210938 1380.828369 1380.445679 1380.078369 1380.063110 1379.446045 1378.829102 1378.212158 1375.128418 1372.046143 1365.904297 1359.860107 1353.929077 1348.127441 1342.450439 1336.892944 1331.603638 1326.449341 1321.387085 1316.413940 1311.527100 1306.934692 1302.455566 1298.027588
 1387.499756 1387.328003 1387.070435 1386.641113 1386.211792 1385.782471 1385.353027 1384.923706 1384.494385 1384.082275 1384.065063 1383.682373 1383.299683 1382.916992 1382.534302 1382.151489 1381.784180 1381.768921 1381.151733 1380.534668 1379.917603 1376.833374 1373.750366 1367.607300 1361.561768 1355.629517 1349.826416 1344.147949 1338.588989 1333.298096 1328.142090 1323.078125 1318.103149 1313.214355 1308.619873 1304.138672 1299.708374
 1389.184326 1389.012573 1388.755005 1388.325562 1387.896240 1387.466797 1387.037476 1386.608032 1386.178711 1385.766479 1385.749390 1385.366577 1384.983765 1384.601074 1384.218262 1383.835571 1383.468018 1383.452881 1382.835571 1382.218384 1381.601196 1378.516235 1375.432617 1369.288208 1363.241455 1357.307739 1351.503174 1345.823120 1340.262573 1334.969971 1329.812134 1324.746338 1319.769409 1314.878662 1310.281982 1305.798462 1301.365845
 1390.845581 1390.673706 1390.416138 1389.986694 1389.557251 1389.127808 1388.698364 1388.268921 1387.839478 1387.427246 1387.410034 1387.027222 1386.644409 1386.261597 1385.878784 1385.495972 1385.128540 1385.113281 1384.495850 1383.878540 1383.261230 1380.175659 1377.091309 1370.945557 1364.897217 1358.962036 1353.156006 1347.474365 1341.912109 1336.617676 1331.458008 1326.390137 1321.411255 1316.518311 1311.919434 1307.433350 1302.998291
 1392.481445 1392.309692 1392.052002 1391.622559 1391.192993 1390.763550 1390.334106 1389.904541 1389.475098 1389.062744 1389.045654 1388.662720 1388.279907 1387.896973 1387.514160 1387.131226 1386.763794 1386.748535 1386.130859 1385.513428 1384.895996 1381.809692 1378.724609 1372.577393 1366.527710 1360.590820 1354.783203 1349.099854 1343.535767 1338.239502 1333.077759 1328.007935 1323.026855 1318.131714 1313.530396 1309.041992 1304.604248
 1394.090576 1393.918823 1393.661011 1393.231567 1392.802002 1392.372437 1391.942871 1391.513428 1391.083862 1390.671509 1390.654297 1390.271362 1389.888428 1389.505493 1389.122559 1388.739746 1388.372070 1388.356812 1387.739136 1387.121460 1386.503906 1383.416870 1380.331055 1374.182373 1368.130981 1362.192505 1356.383179 1350.697998 1345.132202 1339.833862 1334.670166 1329.598145 1324.614868 1319.717407 1315.113647 1310.622559 1306.182129
 1395.671265 1395.499512 1395.241699 1394.812134 1394.382568 1393.952881 1393.523315 1393.093750 1392.664185 1392.251709 1392.234619 1391.851562 1391.468628 1391.085571 1390.702637 1390.319580 1389.951904 1389.936646 1389.318848 1388.701050 1388.083374 1384.995483 1381.908936 1375.758545 1369.705566 1363.765503 1357.954346 1352.267334 1346.699585 1341.399170 1336.233398 1331.159180 1326.173584 1321.273804 1316.667358 1312.173584 1307.730469
 1397.221802 1397.049927 1396.792236 1396.362549 1395.932861 1395.503296 1395.073608 1394.643921 1394.214355 1393.801880 1393.784668 1393.401611 1393.018555 1392.635498 1392.252441 1391.869385 1391.501709 1391.486450 1390.868408 1390.250488 1389.632568 1386.543945 1383.456543 1377.304565 1371.249878 1365.307983 1359.494995 1353.806152 1348.236328 1342.933838 1337.765747 1332.689331 1327.701294 1322.799072 1318.190063 1313.693481 1309.247559
 1398.740601 1398.568726 1398.310913 1397.881104 1397.451416 1397.021729 1396.592041 1396.162354 1395.732666 1395.320068 1395.302979 1394.919800 1394.536743 1394.153564 1393.770508 1393.387329 1393.019531 1393.004272 1392.386108 1391.767944 1391.149902 1388.060425 1384.972290 1378.818604 1372.762085 1366.818481 1361.003540 1355.312744 1349.740967 1344.436279 1339.265991 1334.187134 1329.196777 1324.291992 1319.680176 1315.180786 1310.731934
 1400.225952 1400.053955 1399.796143 1399.366333 1398.936646 1398.506836 1398.077148 1397.647339 1397.217529 1396.804932 1396.787842 1396.404663 1396.021484 1395.638184 1395.255005 1394.871826 1394.504028 1394.488770 1393.870361 1393.252075 1392.633911 1389.543579 1386.454590 1380.299072 1374.240845 1368.295288 1362.478516 1356.785645 1351.211914 1345.905029 1340.732300 1335.651123 1330.658203 1325.750977 1321.136475 1316.634155 1312.182251
 1401.676392 1401.504517 1401.246582 1400.816772 1400.386963 1399.957153 1399.527344 1399.097412 1398.667603 1398.255005 1398.237793 1397.854614 1397.471313 1397.088013 1396.704834 1396.321533 1395.953613 1395.938354 1395.319824 1394.701416 1394.083008 1390.991821 1387.901855 1381.744751 1375.684692 1369.737305 1363.918457 1358.223633 1352.647705 1347.338501 1342.163574 1337.079956 1332.084595 1327.174683 1322.557373 1318.052124 1313.597290
 1403.090698 1402.918701 1402.660767 1402.230835 1401.801025 1401.371094 1400.941162 1400.511353 1400.081421 1399.668701 1399.651611 1399.268188 1398.884888 1398.501587 1398.118286 1397.734985 1397.366943 1397.351685 1396.732910 1396.114380 1395.495850 1392.403687 1389.312988 1383.153931 1377.092041 1371.142822 1365.322021 1359.625122 1354.046997 1348.735596 1343.558350 1338.472168 1333.474365 1328.561768 1323.941650 1319.433472 1314.975586
 1404.467163 1404.295166 1404.037231 1403.607300 1403.177368 1402.747437 1402.317383 1401.887451 1401.457520 1401.044800 1401.027588 1400.644165 1400.260864 1399.877441 1399.494019 1399.110596 1398.742554 1398.727295 1398.108398 1397.489624 1396.870850 1393.777954 1390.686279 1384.525513 1378.461792 1372.510498 1366.687744 1360.988770 1355.408569 1350.094849 1344.915161 1339.826660 1334.826172 1329.911011 1325.287964 1320.776855 1316.315918
 1405.804688 1405.632690 1405.374634 1404.944702 1404.514648 1404.084595 1403.654663 1403.224609 1402.794556 1402.381836 1402.364624 1401.981079 1401.597656 1401.214233 1400.830688 1400.447266 1400.079102 1400.063843 1399.444824 1398.825806 1398.206909 1395.113159 1392.020508 1385.858032 1379.792358 1373.839233 1368.014404 1362.313477 1356.731079 1351.415039 1346.232910 1341.141968 1336.138916 1331.221191 1326.595337 1322.081299 1317.617310
 1407.101929 1406.929932 1406.671875 1406.241821 1405.811768 1405.381592 1404.951538 1404.521484 1404.091431 1403.678589 1403.661377 1403.277832 1402.894287 1402.510742 1402.127197 1401.743652 1401.375488 1401.360229 1400.740967 1400.121826 1399.502686 1396.408081 1393.314575 1387.150269 1381.082764 1375.127686 1369.300903 1363.597778 1358.013306 1352.695068 1347.510620 1342.417114 1337.411621 1332.491211 1327.862549 1323.345581 1318.878540
 1408.357788 1408.185791 1407.927734 1407.497559 1407.067383 1406.637329 1406.207153 1405.776978 1405.346924 1404.933960 1404.916748 1404.533081 1404.149536 1403.765869 1403.382324 1402.998657 1402.630493 1402.615112 1401.995728 1401.376465 1400.757202 1397.661621 1394.567261 1388.401123 1382.331787 1376.374878 1370.546143 1364.840942 1359.254395 1353.933838 1348.746948 1343.651123 1338.643066 1333.720093 1329.088623 1324.568726 1320.098755
 1409.571289 1409.399170 1409.141113 1408.710938 1408.280640 1407.850464 1407.420288 1406.990112 1406.559937 1406.146973 1406.129761 1405.745972 1405.362305 1404.978638 1404.594971 1404.211304 1403.843018 1403.827759 1403.208130 1402.588623 1401.969238 1398.872803 1395.777588 1389.609619 1383.538574 1377.579590 1371.749023 1366.041748 1360.453125 1355.130371 1349.941162 1344.842896 1339.832397 1334.906860 1330.272583 1325.749878 1321.276978
 1410.741211 1410.569092 1410.311035 1409.880737 1409.450439 1409.020142 1408.589966 1408.159668 1407.729370 1407.316406 1407.299194 1406.915405 1406.531738 1406.147949 1405.764160 1405.380493 1405.012085 1404.996826 1404.377075 1403.757324 1403.137817 1400.040527 1396.944458 1390.774780 1384.701782 1378.741089 1372.908447 1367.199341 1361.608521 1356.283569 1351.092163 1345.991455 1340.978516 1336.050415 1331.413574 1326.887939 1322.412231
 1411.866821 1411.694702 1411.436523 1411.006104 1410.575806 1410.145508 1409.715210 1409.284912 1408.854614 1408.441406 1408.424316 1408.040405 1407.656616 1407.272827 1406.889038 1406.505249 1406.136719 1406.121460 1405.501587 1404.881714 1404.261963 1401.163818 1398.066895 1391.895508 1385.820801 1379.858276 1374.023804 1368.312622 1362.719849 1357.392822 1352.199097 1347.096191 1342.080811 1337.150269 1332.510742 1327.982422 1323.503784
 1412.947266 1412.775024 1412.516846 1412.086426 1411.656128 1411.225708 1410.795288 1410.364990 1409.934570 1409.521362 1409.504272 1409.120361 1408.736450 1408.352539 1407.968750 1407.584839 1407.216309 1407.201050 1406.580933 1405.960938 1405.341064 1402.242065 1399.144409 1392.971313 1386.894897 1380.930542 1375.094238 1369.381226 1363.786499 1358.457275 1353.261353 1348.156128 1343.138550 1338.205688 1333.563477 1329.032471 1324.551147
 1413.981689 1413.809570 1413.551270 1413.120850 1412.690430 1412.260010 1411.829468 1411.399048 1410.968628 1410.555420 1410.538208 1410.154297 1409.770386 1409.386475 1409.002441 1408.618530 1408.250000 1408.234619 1407.614380 1406.994263 1406.374146 1403.274414 1400.175903 1394.001221 1387.923218 1381.957153 1376.119019 1370.404175 1364.807495 1359.476196 1354.278198 1349.170776 1344.150879 1339.215698 1334.571045 1330.037476 1325.553467
 1414.969482 1414.797363 1414.539062 1414.108521 1413.678101 1413.247559 1412.817017 1412.386597 1411.956055 1411.542847 1411.525635 1411.141602 1410.757568 1410.373657 1409.989624 1409.605591 1409.236938 1409.221680 1408.601318 1407.980957 1407.360718 1404.260254 1401.160889 1394.984741 1388.905029 1382.937256 1377.097412 1371.380737 1365.782227 1360.448975 1355.249023 1350.139526 1345.117432 1340.179932 1335.532837 1330.996704 1326.510254
 1415.910034 1415.737793 1415.479492 1415.048950 1414.618408 1414.187866 1413.757324 1413.326782 1412.896240 1412.482910 1412.465698 1412.081665 1411.697632 1411.313599 1410.929443 1410.545410 1410.176758 1410.161377 1409.540894 1408.920410 1408.300049 1405.198853 1402.098755 1395.921021 1389.839722 1383.870361 1378.028931 1372.310547 1366.710205 1361.375122 1356.173096 1351.061523 1346.037354 1341.097656 1336.448364 1331.909790 1327.420776
 1416.802612 1416.630371 1416.372070 1415.941406 1415.510864 1415.080322 1414.649658 1414.219116 1413.788452 1413.375122 1413.357910 1412.973755 1412.589722 1412.205566 1411.821411 1411.437378 1411.068604 1411.053223 1410.432617 1409.812012 1409.191528 1406.089478 1402.988770 1396.809570 1390.726807 1384.755859 1378.912842 1373.192749 1367.590698 1362.253784 1357.049805 1351.936401 1346.910156 1341.968506 1337.316772 1332.776001 1328.284546
 1417.646729 1417.474487 1417.216064 1416.785400 1416.354736 1415.924194 1415.493530 1415.062866 1414.632202 1414.218872 1414.201660 1413.817383 1413.433228 1413.049072 1412.664917 1412.280762 1411.911987 1411.896606 1411.275879 1410.655151 1410.034424 1406.931763 1403.830322 1397.649658 1391.565552 1385.593140 1379.748535 1374.026855 1368.423218 1363.084595 1357.878784 1352.763428 1347.735352 1342.791626 1338.137939 1333.594849 1329.101196
 1418.441772 1418.269531 1418.011108 1417.580444 1417.149780 1416.718994 1416.288330 1415.857666 1415.427002 1415.013550 1414.996338 1414.612061 1414.227905 1413.843628 1413.459473 1413.075195 1412.706299 1412.691040 1412.070068 1411.449219 1410.828491 1407.725098 1404.623047 1398.441040 1392.355591 1386.381836 1380.535645 1374.812500 1369.207397 1363.866943 1358.659546 1353.542480 1348.512451 1343.566895 1338.911133 1334.365967 1329.870117
 1419.187378 1419.015137 1418.756714 1418.325928 1417.895264 1417.464478 1417.033813 1416.603027 1416.172363 1415.758789 1415.741577 1415.357300 1414.973022 1414.588745 1414.204468 1413.820190 1413.451294 1413.436035 1412.814941 1412.193970 1411.573120 1408.469238 1405.366455 1399.183228 1393.096436 1387.121338 1381.273926 1375.549316 1369.942627 1364.600708 1359.391602 1354.272827 1349.241211 1344.293823 1339.636108 1335.088989 1330.591187
 1419.883301 1419.710938 1419.452515 1419.021729 1418.590942 1418.160156 1417.729370 1417.298584 1416.867920 1416.454346 1416.437134 1416.052734 1415.668457 1415.284180 1414.899780 1414.515503 1414.146606 1414.131226 1413.510132 1412.889038 1412.267944 1409.163452 1406.060181 1399.875854 1393.787720 1387.811401 1381.962646 1376.236816 1370.628662 1365.285278 1360.074707 1354.954346 1349.921021 1344.972046 1340.312500 1335.763550 1331.263794
 1420.528809 1420.356567 1420.098022 1419.667236 1419.236450 1418.805664 1418.374878 1417.943970 1417.513184 1417.099609 1417.082397 1416.697998 1416.313721 1415.929321 1415.544922 1415.160645 1414.791626 1414.776245 1414.155029 1413.533813 1412.912720 1409.807617 1406.703857 1400.518311 1394.429199 1388.451660 1382.601685 1376.874512 1371.265259 1365.920410 1360.708496 1355.586548 1350.551758 1345.601196 1340.940063 1336.389282 1331.887695
 1421.123901 1420.951538 1420.693115 1420.262207 1419.831421 1419.400513 1418.969727 1418.538818 1418.108032 1417.694458 1417.677246 1417.292725 1416.908325 1416.523926 1416.139526 1415.755127 1415.386108 1415.370850 1414.749512 1414.128174 1413.506958 1410.401367 1407.296997 1401.110596 1395.020386 1389.041748 1383.190674 1377.462402 1371.851807 1366.505737 1361.292480 1356.169189 1351.133057 1346.181030 1341.518311 1336.965942 1332.462769
 1421.668091 1421.495728 1421.237305 1420.806396 1420.375488 1419.944580 1419.513794 1419.082886 1418.651978 1418.238403 1418.221191 1417.836670 1417.452271 1417.067749 1416.683350 1416.298950 1415.929932 1415.914551 1415.293091 1414.671753 1414.050415 1410.944336 1407.839600 1401.652100 1395.560913 1389.581421 1383.729248 1377.999878 1372.388306 1367.041016 1361.826538 1356.702026 1351.664551 1346.711182 1342.047119 1337.493164 1332.988525
 1422.161255 1421.988892 1421.730347 1421.299438 1420.868530 1420.437622 1420.006714 1419.575806 1419.144897 1418.731201 1418.713989 1418.329468 1417.945068 1417.560547 1417.176025 1416.791626 1416.422485 1416.407227 1415.785645 1415.164185 1414.542725 1411.436401 1408.331055 1402.142822 1396.050781 1390.070312 1384.217285 1378.486938 1372.874268 1367.526001 1362.310303 1357.184692 1352.146118 1347.191528 1342.526123 1337.970947 1333.464844
 1422.602905 1422.430542 1422.171997 1421.741089 1421.310181 1420.879150 1420.448242 1420.017334 1419.586426 1419.172729 1419.155518 1418.770996 1418.386475 1418.001953 1417.617432 1417.232910 1416.863892 1416.848511 1416.226929 1415.605347 1414.983887 1411.877075 1408.771484 1402.582397 1396.489624 1390.508301 1384.654419 1378.923218 1373.309692 1367.960449 1362.743774 1357.617188 1352.577515 1347.621826 1342.955200 1338.398804 1333.891479
 1422.993164 1422.820801 1422.562256 1422.131226 1421.700317 1421.269287 1420.838379 1420.407471 1419.976440 1419.562744 1419.545532 1419.161011 1418.776489 1418.391968 1418.007446 1417.622925 1417.253784 1417.238403 1416.616699 1415.995117 1415.373535 1412.266479 1409.160522 1402.970825 1396.877197 1390.895264 1385.040527 1379.308594 1373.694214 1368.344238 1363.126709 1357.999146 1352.958496 1348.001831 1343.334229 1338.776733 1334.268311
 1423.331787 1423.159302 1422.900757 1422.469727 1422.038818 1421.607788 1421.176880 1420.745850 1420.314941 1419.901123 1419.883911 1419.499390 1419.114868 1418.730225 1418.345703 1417.961182 1417.592041 1417.576660 1416.954956 1416.333252 1415.711670 1412.604248 1409.498047 1403.307739 1397.213501 1391.230957 1385.375610 1379.642944 1374.027954 1368.677124 1363.458862 1358.330566 1353.289062 1348.331665 1343.663086 1339.104736 1334.595337
 1423.618530 1423.446045 1423.187500 1422.756470 1422.325439 1421.894531 1421.463501 1421.032471 1420.601562 1420.187744 1420.170532 1419.786011 1419.401367 1419.016846 1418.632202 1418.247681 1417.878540 1417.863159 1417.241333 1416.619629 1415.997925 1412.890381 1409.783813 1403.593018 1397.498413 1391.515137 1385.659302 1379.926147 1374.310547 1368.959106 1363.740112 1358.611206 1353.568970 1348.610840 1343.941528 1339.382324 1334.872192
 1423.853271 1423.680786 1423.422241 1422.991211 1422.560181 1422.129150 1421.698242 1421.267212 1420.836182 1420.422363 1420.405151 1420.020630 1419.635986 1419.251465 1418.866821 1418.482300 1418.113037 1418.097778 1417.475830 1416.854126 1416.232422 1413.124634 1410.017822 1403.826660 1397.731567 1391.747925 1385.891724 1380.157959 1374.541870 1369.189941 1363.970459 1358.840942 1353.798218 1348.839478 1344.169556 1339.609741 1335.098877
 1424.035889 1423.863525 1423.604858 1423.173950 1422.742920 1422.311890 1421.880859 1421.449829 1421.018799 1420.604980 1420.587769 1420.203125 1419.818604 1419.433960 1419.049438 1418.664795 1418.295532 1418.280273 1417.658325 1417.036621 1416.414795 1413.306885 1410.199951 1404.008423 1397.913086 1391.929077 1386.072388 1380.338379 1374.721924 1369.369507 1364.149658 1359.019653 1353.976562 1349.017334 1344.346924 1339.786621 1335.275269
 1424.166504 1423.994019 1423.735474 1423.304443 1422.873413 1422.442383 1422.011353 1421.580322 1421.149292 1420.735474 1420.718262 1420.333618 1419.948975 1419.564453 1419.179810 1418.795166 1418.426025 1418.410645 1417.788818 1417.166992 1416.545166 1413.437134 1410.330078 1404.138306 1398.042725 1392.058472 1386.201660 1380.467285 1374.850464 1369.497925 1364.277710 1359.147461 1354.104004 1349.144409 1344.473633 1339.912964 1335.401245
 1424.244873 1424.072388 1423.813843 1423.382812 1422.951782 1422.520752 1422.089722 1421.658691 1421.227661 1420.813843 1420.796631 1420.411987 1420.027344 1419.642700 1419.258179 1418.873535 1418.504272 1418.489014 1417.867065 1417.245239 1416.623413 1413.515259 1410.408203 1404.216309 1398.120483 1392.136230 1386.279175 1380.544678 1374.927734 1369.574951 1364.354614 1359.224121 1354.180542 1349.220825 1344.549805 1339.988892 1335.476929
 1424.270996 1424.098633 1423.839966 1423.408936 1422.977905 1422.546875 1422.115845 1421.684814 1421.253784 1420.839966 1420.822754 1420.438110 1420.053467 1419.668823 1419.284302 1418.899658 1418.530396 1418.515137 1417.893188 1417.271362 1416.649536 1413.541382 1410.434326 1404.242310 1398.146484 1392.162109 1386.305054 1380.570557 1374.953491 1369.600708 1364.380249 1359.249756 1354.206055 1349.246216 1344.575195 1340.014160 1335.502197
#
# dtdd (rows - delta, columns - depth)
#
 -999.000000 -999.000000 -999.000000 -999.000000 -999.000000 -999.000000 -999.000000 -999.000000 -999.000000 -999.000000 -999.000000 -999.000000 -999.000000 -999.000000 -999.000000 -999.000000 -999.000000 -999.000000 -999.000000 -999.000000 -999.000000 -999.000000 -999.000000 -999.000000 -999.000000 -999.000000 -999.000000 -999.000000 -999.000000 -999.000000    1.915213    1.915212    1.915208    1.915204    1.915197    1.915187    1.915176
    1.915204    1.915204    1.915204    1.915204    1.915203    1.915203    1.915203    1.915203    1.915203    1.915203    1.915203    1.915203    1.915202    1.915202    1.915202    1.915202    1.915202    1.915202    1.915201    1.915201    1.915201    1.915198    1.915196    1.915191    1.915185    1.915178    1.915169    1.915160    1.915149    1.915136    1.915122    1.915105    1.915087    1.915066    1.915042    1.915015    1.914985
    1.915067    1.915067    1.915067    1.915066    1.915066    1.915065    1.915065    1.915064    1.915064    1.915064    1.915063    1.915063    1.915062    1.915062    1.915061    1.915061    1.915060    1.915060    1.915059    1.915057    1.915056    1.915048    1.915041    1.915025    1.915007    1.914989    1.914968    1.914946    1.914922    1.914896    1.914866    1.914834    1.914800    1.914763    1.914720    1.914674    1.914624
    1.914764    1.914764    1.914764    1.914763    1.914762    1.914761    1.914760    1.914759    1.914758    1.914757    1.914757    1.914756    1.914755    1.914754    1.914753    1.914752    1.914751    1.914751    1.914749    1.914746    1.914744    1.914731    1.914718    1.914690    1.914661    1.914630    1.914597    1.914562    1.914523    1.914482    1.914437    1.914388    1.914337    1.914281    1.914219    1.914153    1.914081
    1.914284    1.914283    1.914283    1.914281    1.914280    1.914279    1.914277    1.914276    1.914275    1.914274    1.914274    1.914272    1.914271    1.914269    1.914268    1.914266    1.914265    1.914265    1.914261    1.914257    1.914253    1.914235    1.914216    1.914176    1.914134    1.914090    1.914043    1.913993    1.913940    1.913882    1.913821    1.913755    1.913685    1.913610    1.913528    1.913439    1.913345
    1.913613    1.913613    1.913612    1.913610    1.913608    1.913606    1.913605    1.913603    1.913601    1.913599    1.913599    1.913597    1.913595    1.913593    1.913592    1.913589    1.913588    1.913587    1.913583    1.913578    1.913573    1.913548    1.913522    1.913469    1.913414    1.913356    1.913294    1.913229    1.913160    1.913085    1.913005    1.912920    1.912831    1.912736    1.912631    1.912519    1.912400
    1.912739    1.912738    1.912737    1.912735    1.912733    1.912730    1.912728    1.912726    1.912724    1.912722    1.912722    1.912719    1.912717    1.912714    1.912711    1.912709    1.912706    1.912706    1.912700    1.912694    1.912687    1.912656    1.912623    1.912557    1.912487    1.912414    1.912336    1.912255    1.912169    1.912075    1.911976    1.911871    1.911761    1.911644    1.911515    1.911378    1.911233
    1.911647    1.911646    1.911645    1.911642    1.911639    1.911636    1.911634    1.911631    1.911628    1.911626    1.911626    1.911622    1.911619    1.911616    1.911613    1.911610    1.911607    1.911607    1.911599    1.911592    1.911584    1.911545    1.911505    1.911424    1.911338    1.911249    1.911155    1.911056    1.910952    1.910838    1.910718    1.910592    1.910459    1.910319    1.910165    1.910000    1.909828
    1.910322    1.910321    1.910319    1.910316    1.910312    1.910309    1.910306    1.910303    1.910299    1.910296    1.910296    1.910292    1.910289    1.910285    1.910281    1.910277    1.910274    1.910274    1.910264    1.910255    1.910246    1.910199    1.910152    1.910054    1.909952    1.909846    1.909734    1.909616    1.909492    1.909357    1.909215    1.909065    1.908908    1.908743    1.908560    1.908367    1.908165
    1.908745    1.908743    1.908741    1.908737    1.908733    1.908729    1.908725    1.908722    1.908718    1.908714    1.908714    1.908709    1.908705    1.908701    1.908696    1.908692    1.908688    1.908688    1.908677    1.908666    1.908655    1.908599    1.908543    1.908429    1.908309    1.908184    1.908052    1.907913    1.907768    1.907611    1.907444    1.907269    1.907086    1.906893    1.906681    1.906457    1.906222
    1.906894    1.906892    1.906889    1.906885    1.906880    1.906876    1.906871    1.906867    1.906862    1.906858    1.906858    1.906853    1.906848    1.906842    1.906837    1.906832    1.906827    1.906827    1.906814    1.906802    1.906789    1.906725    1.906659    1.906526    1.906387    1.906242    1.906089    1.905929    1.905760    1.905578    1.905386    1.905184    1.904973    1.904751    1.904507    1.904248    1.903978
    1.904749    1.904747    1.904743    1.904738    1.904733    1.904728    1.904723    1.904717    1.904712    1.904707    1.904707    1.904701    1.904695    1.904690    1.904684    1.904678    1.904672    1.904672    1.904657    1.904643    1.904628    1.904554    1.904479    1.904325    1.904165    1.903998    1.903823    1.903639    1.903446    1.903237    1.903017    1.902786    1.902544    1.902290    1.902012    1.901717    1.901409
    1.902285    1.902282    1.902279    1.902273    1.902267    1.902261    1.902255    1.902249    1.902243    1.902237    1.902237    1.902231    1.902224    1.902217    1.902210    1.902204    1.902197    1.902197    1.902180    1.902164    1.902147    1.902062    1.901976    1.901801    1.901619    1.901428    1.901229    1.901019    1.900799    1.900562    1.900311    1.900049    1.899774    1.899486    1.899170    1.898836    1.898487
    1.899475    1.899472    1.899468    1.899462    1.899455    1.899448    1.899441    1.899435    1.899428    1.899421    1.899421    1.899413    1.899406    1.899398    1.899391    1.899383    1.899376    1.899375    1.899356    1.899337    1.899318    1.899222    1.899125    1.898926    1.898720    1.898504    1.898277    1.898040    1.897791    1.897523    1.897240    1.896943    1.896633    1.896308    1.895951    1.895575    1.895182
    1.896289    1.896286    1.896282    1.896274    1.896267    1.896259    1.896251    1.896244    1.896236    1.896229    1.896229    1.896220    1.896212    1.896203    1.896194    1.896186    1.896178    1.896177    1.896156    1.896134    1.896113    1.896004    1.895895    1.895671    1.895437    1.895194    1.894939    1.894671    1.894391    1.894089    1.893770    1.893437    1.893088    1.892722    1.892322    1.891899    1.891458
    1.892694    1.892691    1.892686    1.892677    1.892669    1.892660    1.892651    1.892643    1.892634    1.892626    1.892626    1.892616    1.892606    1.892597    1.892587    1.892578    1.892568    1.892568    1.892544    1.892520    1.892496    1.892374    1.892250    1.891999    1.891737    1.891463    1.891177    1.890877    1.890562    1.890223    1.889866    1.889492    1.889101    1.888692    1.888244    1.887770    1.887277
    1.888651    1.888648    1.888642    1.888632    1.888623    1.888613    1.888604    1.888594    1.888584    1.888575    1.888575    1.888564    1.888553    1.888542    1.888532    1.888521    1.888510    1.888510    1.888483    1.888456    1.888429    1.888292    1.888154    1.887872    1.887579    1.887273    1.886952    1.886616    1.886265    1.885885    1.885486    1.885068    1.884632    1.884175    1.883674    1.883146    1.882596
    1.884117    1.884113    1.884107    1.884096    1.884086    1.884075    1.884064    1.884053    1.884043    1.884032    1.884032    1.884020    1.884008    1.883996    1.883984    1.883972    1.883960    1.883960    1.883929    1.883899    1.883869    1.883717    1.883563    1.883248    1.882921    1.882580    1.882222    1.881848    1.881456    1.881034    1.880589    1.880125    1.879639    1.879131    1.878574    1.877987    1.877375
    1.879052    1.879047    1.879040    1.879028    1.879017    1.879005    1.878993    1.878981    1.878969    1.878957    1.878957    1.878944    1.878930    1.878917    1.878903    1.878890    1.878877    1.878876    1.878843    1.878809    1.878775    1.878606    1.878435    1.878084    1.877720    1.877341    1.876943    1.876527    1.876092    1.875622    1.875128    1.874612    1.874073    1.873509    1.872891    1.872240    1.871563
    1.873403    1.873398    1.873390    1.873377    1.873364    1.873351    1.873338    1.873324    1.873311    1.873298    1.873298    1.873283    1.873268    1.873253    1.873238    1.873223    1.873209    1.873208    1.873171    1.873134    1.873096    1.872908    1.872718    1.872330    1.871926    1.871505    1.871064    1.870602    1.870120    1.869599    1.869052    1.868480    1.867882    1.867257    1.866573    1.865852    1.865102
    1.867118    1.867112    1.867103    1.867088    1.867074    1.867059    1.867044    1.867030    1.867015    1.867001    1.867000    1.866984    1.866967    1.866951    1.866934    1.866918    1.866902    1.866901    1.866860    1.866819    1.866777    1.866569    1.866358    1.865927    1.865479    1.865013    1.864525    1.864014    1.863479    1.862904    1.862298    1.861665    1.861004    1.860314    1.859558    1.858761    1.857933
    1.860131    1.860125    1.860115    1.860099    1.860083    1.860067    1.860051    1.860034    1.860018    1.860003    1.860002    1.859984    1.859965    1.859947    1.859929    1.859910    1.859893    1.859892    1.859846    1.859801    1.859755    1.859524    1.859291    1.858815    1.858320    1.857804    1.857265    1.856700    1.856109    1.855473    1.854803    1.854104    1.853374    1.852612    1.851778    1.850900    1.849988
    1.852376    1.852368    1.852358    1.852340    1.852322    1.852304    1.852286    1.852268    1.852250    1.852233    1.852232    1.852212    1.852192    1.852172    1.852152    1.852132    1.852112    1.852111    1.852061    1.852011    1.851960    1.851706    1.851448    1.850923    1.850378    1.849810    1.849216    1.848595    1.847945    1.847247    1.846512    1.845745    1.844945    1.844109    1.843196    1.842234    1.841235
    1.843808    1.843800    1.843789    1.843769    1.843749    1.843730    1.843710    1.843691    1.843671    1.843652    1.843651    1.843629    1.843607    1.843585    1.843563    1.843541    1.843519    1.843518    1.843463    1.843408    1.843352    1.843073    1.842791    1.842215    1.841617    1.840994    1.840343    1.839662    1.838950    1.838184    1.837379    1.836538    1.835662    1.834747    1.833746    1.832694    1.831600
    1.834365    1.834357    1.834344    1.834322    1.834301    1.834279    1.834258    1.834236    1.834215    1.834194    1.834193    1.834169    1.834145    1.834120    1.834096    1.834072    1.834048    1.834047    1.833987    1.833926    1.833866    1.833560    1.833250    1.832619    1.831964    1.831282    1.830568    1.829822    1.829043    1.828204    1.827322    1.826402    1.825443    1.824441    1.823346    1.822194    1.820997
    1.823960    1.823951    1.823937    1.823913    1.823890    1.823866    1.823843    1.823819    1.823795    1.823773    1.823772    1.823745    1.823719    1.823692    1.823665    1.823639    1.823613    1.823612    1.823546    1.823479    1.823413    1.823077    1.822738    1.822047    1.821329    1.820581    1.819800    1.818983    1.818130    1.817212    1.816248    1.815242    1.814193    1.813099    1.811903    1.810646    1.809340
    1.812497    1.812487    1.812471    1.812445    1.812420    1.812394    1.812368    1.812342    1.812317    1.812292    1.812291    1.812262    1.812233    1.812204    1.812174    1.812145    1.812117    1.812116    1.812044    1.811971    1.811898    1.811532    1.811161    1.810406    1.809621    1.808804    1.807951    1.807059    1.806127    1.805124    1.804071    1.802973    1.801827    1.800632    1.799327    1.797956    1.796532
    1.799881    1.799870    1.799853    1.799825    1.799797    1.799769    1.799741    1.799713    1.799685    1.799657    1.799656    1.799625    1.799593    1.799561    1.799529    1.799497    1.799467    1.799465    1.799386    1.799307    1.799227    1.798827    1.798422    1.797597    1.796740    1.795849    1.794918    1.793945    1.792929    1.791837    1.790690    1.789495    1.788248    1.786949    1.785531    1.784040    1.782493
    1.786019    1.786007    1.785989    1.785958    1.785928    1.785897    1.785866    1.785836    1.785805    1.785775    1.785774    1.785740    1.785705    1.785670    1.785636    1.785601    1.785568    1.785566    1.785480    1.785394    1.785307    1.784871    1.784431    1.783532    1.782600    1.781630    1.780617    1.779558    1.778453    1.777264    1.776016    1.774717    1.773365    1.771957    1.770423    1.768813    1.767145
    1.770814    1.770801    1.770781    1.770748    1.770715    1.770681    1.770648    1.770615    1.770582    1.770550    1.770548    1.770511    1.770473    1.770436    1.770398    1.770361    1.770325    1.770323    1.770230    1.770136    1.770043    1.769571    1.769094    1.768123    1.767117    1.766070    1.764979    1.763840    1.762652    1.761376    1.760039    1.758647    1.757198    1.755691    1.754048    1.752324    1.750539
    1.754304    1.754290    1.754269    1.754233    1.754197    1.754162    1.754126    1.754091    1.754055    1.754021    1.754019    1.753979    1.753939    1.753899    1.753859    1.753818    1.753780    1.753778    1.753678    1.753577    1.753477    1.752971    1.752460    1.751420    1.750341    1.749220    1.748050    1.746830    1.745556    1.744188    1.742754    1.741261    1.739706    1.738087    1.736322    1.734470    1.732551
    1.736405    1.736389    1.736366    1.736328    1.736290    1.736251    1.736213    1.736175    1.736136    1.736099    1.736098    1.736055    1.736012    1.735968    1.735925    1.735882    1.735840    1.735838    1.735730    1.735622    1.735514    1.734970    1.734420    1.733299    1.732137    1.730928    1.729667    1.728351    1.726979    1.725505    1.723959    1.722350    1.720675    1.718931    1.717031    1.715038    1.712978
    1.716888    1.716872    1.716847    1.716806    1.716764    1.716723    1.716682    1.716640    1.716599    1.716559    1.716557    1.716511    1.716464    1.716417    1.716371    1.716324    1.716279    1.716277    1.716161    1.716044    1.715928    1.715341    1.714748    1.713542    1.712293    1.710996    1.709644    1.708235    1.706768    1.705194    1.703547    1.701835    1.700057    1.698208    1.696198    1.694093    1.691917
    1.695776    1.695758    1.695732    1.695688    1.695644    1.695601    1.695557    1.695513    1.695469    1.695427    1.695425    1.695376    1.695327    1.695277    1.695228    1.695178    1.695131    1.695129    1.695006    1.694883    1.694759    1.694138    1.693511    1.692235    1.690914    1.689542    1.688112    1.686623    1.685073    1.683411    1.681671    1.679864    1.677986    1.676034    1.673912    1.671689    1.669392
    1.673151    1.673132    1.673105    1.673058    1.673012    1.672966    1.672920    1.672873    1.672827    1.672782    1.672780    1.672728    1.672676    1.672624    1.672571    1.672519    1.672469    1.672467    1.672336    1.672206    1.672075    1.671418    1.670755    1.669405    1.668007    1.666556    1.665043    1.663468    1.661827    1.660068    1.658228    1.656315    1.654329    1.652265    1.650020    1.647671    1.645244
    1.648848    1.648828    1.648799    1.648750    1.648701    1.648652    1.648603    1.648553    1.648504    1.648457    1.648455    1.648400    1.648345    1.648289    1.648234    1.648178    1.648125    1.648123    1.647985    1.647847    1.647708    1.647013    1.646310    1.644881    1.643401    1.641865    1.640264    1.638599    1.636865    1.635010    1.633071    1.631059    1.628971    1.626805    1.624454    1.621997    1.619461
    1.622801    1.622780    1.622749    1.622698    1.622647    1.622595    1.622544    1.622492    1.622441    1.622391    1.622389    1.622331    1.622273    1.622215    1.622157    1.622099    1.622043    1.622041    1.621897    1.621752    1.621607    1.620879    1.620144    1.618649    1.617103    1.615500    1.613832    1.612096    1.610291    1.608359    1.606341    1.604247    1.602075    1.599823    1.597379    1.594827    1.592193
    1.595177    1.595155    1.595123    1.595070    1.595016    1.594963    1.594909    1.594856    1.594802    1.594751    1.594748    1.594688    1.594628    1.594567    1.594507    1.594447    1.594388    1.594386    1.594236    1.594085    1.593934    1.593176    1.592411    1.590855    1.589247    1.587579    1.585844    1.584039    1.582162    1.580154    1.578056    1.575880    1.573623    1.571284    1.568746    1.566095    1.563362
    1.565905    1.565883    1.565849    1.565794    1.565738    1.565683    1.565627    1.565571    1.565515    1.565462    1.565459    1.565397    1.565334    1.565271    1.565208    1.565145    1.565085    1.565082    1.564926    1.564769    1.564612    1.563824    1.563028    1.561410    1.559738    1.558005    1.556202    1.554327    1.552377    1.550292    1.548115    1.545857    1.543518    1.541095    1.538469    1.535730    1.532908
    1.534904    1.534881    1.534847    1.534789    1.534732    1.534674    1.534616    1.534559    1.534501    1.534445    1.534443    1.534378    1.534313    1.534248    1.534183    1.534118    1.534056    1.534053    1.533891    1.533729    1.533567    1.532751    1.531929    1.530257    1.528531    1.526742    1.524883    1.522951    1.520944    1.518799    1.516561    1.514243    1.511842    1.509356    1.506662    1.503854    1.500962
    1.502300    1.502277    1.502241    1.502182    1.502123    1.502064    1.502005    1.501945    1.501886    1.501829    1.501827    1.501760    1.501693    1.501626    1.501560    1.501493    1.501429    1.501426    1.501260    1.501094    1.500927    1.500090    1.499245    1.497530    1.495758    1.493923    1.492017    1.490037    1.487982    1.485787    1.483498    1.481128    1.478676    1.476139    1.473393    1.470531    1.467588
    1.468162    1.468138    1.468102    1.468042    1.467981    1.467921    1.467860    1.467800    1.467740    1.467681    1.467679    1.467611    1.467543    1.467475    1.467407    1.467339    1.467273    1.467271    1.467101    1.466932    1.466762    1.465909    1.465048    1.463301    1.461498    1.459631    1.457693    1.455680    1.453591    1.451360    1.449035    1.446629    1.444140    1.441565    1.438779    1.435878    1.432894
    1.432604    1.432579    1.432543    1.432481    1.432420    1.432359    1.432298    1.432236    1.432175    1.432116    1.432113    1.432044    1.431975    1.431906    1.431837    1.431768    1.431702    1.431699    1.431527    1.431355    1.431183    1.430316    1.429443    1.427670    1.425841    1.423948    1.421982    1.419941    1.417824    1.415564    1.413209    1.410773    1.408253    1.405648    1.402829    1.399895    1.396879
    1.395622    1.395598    1.395560    1.395499    1.395437    1.395374    1.395312    1.395250    1.395188    1.395128    1.395126    1.395056    1.394986    1.394916    1.394846    1.394776    1.394709    1.394706    1.394532    1.394358    1.394184    1.393307    1.392424    1.390630    1.388779    1.386865    1.384877    1.382815    1.380675    1.378392    1.376013    1.373554    1.371013    1.368386    1.365547    1.362593    1.359558
    1.357233    1.357208    1.357171    1.357109    1.357046    1.356984    1.356921    1.356859    1.356796    1.356736    1.356733    1.356663    1.356593    1.356522    1.356452    1.356381    1.356314    1.356311    1.356136    1.355960    1.355785    1.354903    1.354014    1.352209    1.350349    1.348424    1.346428    1.344357    1.342209    1.339919    1.337534    1.335070    1.332523    1.329891    1.327048    1.324091    1.321054
    1.317567    1.317542    1.317504    1.317442    1.317379    1.317317    1.317254    1.317191    1.317129    1.317069    1.317066    1.316996    1.316925    1.316855    1.316784    1.316713    1.316646    1.316643    1.316467    1.316292    1.316116    1.315233    1.314342    1.312536    1.310674    1.308749    1.306753    1.304683    1.302538    1.300252    1.297872    1.295414    1.292876    1.290254    1.287423    1.284481    1.281462
    1.276736    1.276712    1.276675    1.276612    1.276550    1.276488    1.276426    1.276363    1.276301    1.276241    1.276239    1.276169    1.276099    1.276029    1.275958    1.275888    1.275821    1.275818    1.275644    1.275469    1.275294    1.274416    1.273532    1.271737    1.269888    1.267976    1.265994    1.263939    1.261810    1.259541    1.257180    1.254742    1.252225    1.249626    1.246820    1.243904    1.240912
    1.234864    1.234840    1.234803    1.234741    1.234680    1.234618    1.234556    1.234494    1.234433    1.234373    1.234371    1.234301    1.234232    1.234162    1.234093    1.234023    1.233956    1.233953    1.233780    1.233607    1.233434    1.232563    1.231686    1.229906    1.228072    1.226176    1.224210    1.222173    1.220062    1.217813    1.215472    1.213055    1.210559    1.207983    1.205203    1.202314    1.199350
    1.191880    1.191855    1.191819    1.191758    1.191697    1.191636    1.191574    1.191513    1.191452    1.191393    1.191391    1.191322    1.191253    1.191184    1.191115    1.191046    1.190980    1.190977    1.190806    1.190634    1.190463    1.189600    1.188731    1.186969    1.185152    1.183276    1.181330    1.179314    1.177226    1.175003    1.172691    1.170305    1.167844    1.165305    1.162566    1.159723    1.156808
    1.147873    1.147849    1.147813    1.147753    1.147693    1.147633    1.147573    1.147513    1.147453    1.147395    1.147393    1.147325    1.147257    1.147190    1.147122    1.147054    1.146989    1.146987    1.146819    1.146650    1.146482    1.145636    1.144784    1.143056    1.141276    1.139438    1.137534    1.135562    1.133519    1.131345    1.129084    1.126752    1.124345    1.121863    1.119187    1.116410    1.113563
    1.103125    1.103102    1.103067    1.103008    1.102950    1.102891    1.102833    1.102774    1.102715    1.102659    1.102656    1.102590    1.102524    1.102458    1.102392    1.102326    1.102263    1.102260    1.102096    1.101932    1.101767    1.100941    1.100109    1.098421    1.096683    1.094888    1.093028    1.091102    1.089107    1.086983    1.084775    1.082497    1.080147    1.077723    1.075110    1.072397    1.069617
    1.057584    1.057561    1.057527    1.057470    1.057413    1.057355    1.057298    1.057241    1.057184    1.057128    1.057126    1.057062    1.056997    1.056933    1.056868    1.056804    1.056742    1.056739    1.056579    1.056419    1.056258    1.055451    1.054639    1.052992    1.051296    1.049544    1.047730    1.045851    1.043905    1.041834    1.039682    1.037461    1.035170    1.032809    1.030264    1.027624    1.024918
    1.011246    1.011224    1.011191    1.011135    1.011080    1.011024    1.010968    1.010913    1.010857    1.010804    1.010801    1.010739    1.010676    1.010614    1.010551    1.010489    1.010428    1.010426    1.010270    1.010115    1.009959    1.009176    1.008388    1.006790    1.005145    1.003447    1.001688    0.999867    0.997983    0.995977    0.993893    0.991744    0.989527    0.987243    0.984781    0.982228    0.979612
    0.964281    0.964260    0.964228    0.964174    0.964120    0.964067    0.964013    0.963959    0.963906    0.963854    0.963852    0.963792    0.963731    0.963671    0.963610    0.963550    0.963492    0.963489    0.963339    0.963189    0.963038    0.962283    0.961522    0.959979    0.958391    0.956752    0.955054    0.953296    0.951477    0.949541    0.947529    0.945455    0.943316    0.941111    0.938735    0.936271    0.933746
    0.916679    0.916658    0.916627    0.916575    0.916524    0.916472    0.916420    0.916368    0.916316    0.916267    0.916265    0.916206    0.916148    0.916090    0.916032    0.915973    0.915917    0.915915    0.915770    0.915625    0.915480    0.914752    0.914018    0.912531    0.911000    0.909420    0.907784    0.906090    0.904337    0.902472    0.900535    0.898537    0.896477    0.894354    0.892067    0.889695    0.887266
    0.868414    0.868394    0.868365    0.868315    0.868265    0.868216    0.868166    0.868116    0.868067    0.868019    0.868017    0.867961    0.867905    0.867850    0.867794    0.867738    0.867684    0.867682    0.867543    0.867404    0.867265    0.866567    0.865864    0.864438    0.862972    0.861458    0.859890    0.858268    0.856590    0.854805    0.852951    0.851040    0.849070    0.847040    0.844854    0.842588    0.840267
    0.819646    0.819627    0.819598    0.819551    0.819504    0.819457    0.819410    0.819362    0.819315    0.819269    0.819268    0.819214    0.819161    0.819108    0.819055    0.819001    0.818950    0.818948    0.818816    0.818684    0.818551    0.817886    0.817216    0.815859    0.814462    0.813020    0.811528    0.809983    0.808386    0.806686    0.804922    0.803102    0.801228    0.799296    0.797216    0.795060    0.792853
    0.770432    0.770414    0.770388    0.770343    0.770298    0.770253    0.770209    0.770164    0.770119    0.770076    0.770074    0.770023    0.769973    0.769923    0.769872    0.769822    0.769773    0.769771    0.769646    0.769520    0.769395    0.768764    0.768129    0.766843    0.765519    0.764153    0.762738    0.761275    0.759761    0.758151    0.756480    0.754756    0.752981    0.751152    0.749182    0.747141    0.745051
    0.720803    0.720786    0.720761    0.720718    0.720676    0.720634    0.720592    0.720549    0.720507    0.720466    0.720465    0.720417    0.720370    0.720322    0.720274    0.720227    0.720181    0.720179    0.720061    0.719943    0.719824    0.719230    0.718631    0.717418    0.716169    0.714881    0.713548    0.712168    0.710741    0.709224    0.707648    0.706024    0.704351    0.702628    0.700772    0.698849    0.696881
    0.670778    0.670762    0.670739    0.670699    0.670659    0.670620    0.670580    0.670540    0.670501    0.670463    0.670461    0.670416    0.670372    0.670327    0.670283    0.670238    0.670195    0.670193    0.670082    0.669972    0.669860    0.669303    0.668742    0.667604    0.666434    0.665227    0.663977    0.662684    0.661346    0.659924    0.658448    0.656926    0.655358    0.653744    0.652006    0.650204    0.648361
    0.620386    0.620371    0.620349    0.620313    0.620276    0.620239    0.620202    0.620165    0.620128    0.620092    0.620091    0.620049    0.620008    0.619966    0.619925    0.619883    0.619843    0.619842    0.619739    0.619635    0.619532    0.619013    0.618491    0.617432    0.616343    0.615219    0.614056    0.612853    0.611608    0.610285    0.608912    0.607497    0.606038    0.604537    0.602921    0.601246    0.599532
    0.569679    0.569666    0.569645    0.569611    0.569577    0.569543    0.569509    0.569475    0.569441    0.569408    0.569407    0.569368    0.569330    0.569292    0.569253    0.569215    0.569178    0.569176    0.569081    0.568986    0.568890    0.568411    0.567929    0.566951    0.565945    0.564907    0.563833    0.562722    0.561573    0.560352    0.559084    0.557778    0.556432    0.555046    0.553554    0.552009    0.550427
    0.518683    0.518671    0.518652    0.518621    0.518590    0.518559    0.518527    0.518496    0.518465    0.518435    0.518434    0.518399    0.518363    0.518328    0.518293    0.518258    0.518224    0.518223    0.518136    0.518048    0.517961    0.517522    0.517081    0.516186    0.515265    0.514316    0.513333    0.512316    0.511265    0.510147    0.508987    0.507792    0.506561    0.505293    0.503928    0.502515    0.501068
    0.467429    0.467418    0.467401    0.467373    0.467345    0.467317    0.467288    0.467260    0.467232    0.467205    0.467203    0.467172    0.467140    0.467108    0.467076    0.467045    0.467014    0.467013    0.466934    0.466855    0.466776    0.466379    0.465979    0.465170    0.464337    0.463478    0.462589    0.461670    0.460719    0.459708    0.458659    0.457579    0.456466    0.455319    0.454086    0.452809    0.451502
    0.416010    0.416000    0.415985    0.415960    0.415934    0.415909    0.415884    0.415859    0.415834    0.415809    0.415808    0.415780    0.415752    0.415723    0.415695    0.415667    0.415639    0.415638    0.415568    0.415497    0.415427    0.415073    0.414716    0.413994    0.413250    0.412484    0.411691    0.410870    0.410022    0.409120    0.408184    0.407220    0.406227    0.405204    0.404104    0.402964    0.401798
    0.364431    0.364422    0.364409    0.364387    0.364365    0.364343    0.364320    0.364298    0.364276    0.364255    0.364254    0.364229    0.364204    0.364179    0.364154    0.364129    0.364105    0.364104    0.364042    0.363980    0.363918    0.363607    0.363294    0.362659    0.362006    0.361332    0.360635    0.359914    0.359168    0.358376    0.357554    0.356706    0.355834    0.354935    0.353968    0.352967    0.351942
    0.312678    0.312670    0.312659    0.312640    0.312621    0.312602    0.312583    0.312564    0.312545    0.312526    0.312526    0.312504    0.312483    0.312461    0.312440    0.312418    0.312398    0.312397    0.312344    0.312290    0.312237    0.311969    0.311699    0.311153    0.310591    0.310011    0.309411    0.308791    0.308149    0.307467    0.306760    0.306031    0.305280    0.304507    0.303676    0.302814    0.301933
    0.260776    0.260770    0.260760    0.260744    0.260728    0.260712    0.260696    0.260680    0.260664    0.260649    0.260648    0.260630    0.260613    0.260595    0.260577    0.260559    0.260541    0.260541    0.260496    0.260452    0.260407    0.260183    0.259957    0.259501    0.259031    0.258546    0.258044    0.257526    0.256989    0.256419    0.255828    0.255218    0.254590    0.253944    0.253249    0.252529    0.251792
    0.208745    0.208740    0.208732    0.208719    0.208707    0.208694    0.208681    0.208668    0.208656    0.208643    0.208643    0.208628    0.208614    0.208600    0.208585    0.208571    0.208557    0.208556    0.208521    0.208485    0.208449    0.208269    0.208089    0.207722    0.207345    0.206956    0.206554    0.206138    0.205708    0.205251    0.204776    0.204287    0.203784    0.203266    0.202709    0.202131    0.201540
    0.156614    0.156610    0.156604    0.156595    0.156585    0.156576    0.156566    0.156556    0.156547    0.156538    0.156537    0.156526    0.156516    0.156505    0.156494    0.156483    0.156473    0.156472    0.156445    0.156419    0.156392    0.156257    0.156121    0.155845    0.155562    0.155270    0.154968    0.154655    0.154332    0.153989    0.153632    0.153265    0.152887    0.152498    0.152079    0.151645    0.151202
    0.104455    0.104453    0.104449    0.104443    0.104436    0.104430    0.104423    0.104417    0.104411    0.104405    0.104404    0.104397    0.104390    0.104383    0.104375    0.104368    0.104361    0.104361    0.104343    0.104325    0.104307    0.104217    0.104127    0.103943    0.103754    0.103559    0.103358    0.103149    0.102934    0.102705    0.102467    0.102222    0.101970    0.101711    0.101432    0.101142    0.100847
    0.052284    0.052283    0.052281    0.052278    0.052275    0.052272    0.052268    0.052265    0.052262    0.052259    0.052259    0.052255    0.052252    0.052248    0.052244    0.052241    0.052237    0.052237    0.052228    0.052219    0.052210    0.052165    0.052120    0.052028    0.051933    0.051835    0.051734    0.051630    0.051522    0.051407    0.051288    0.051165    0.051039    0.050909    0.050769    0.050624    0.050476
    0.000003    0.000003    0.000003    0.000003    0.000003    0.000003    0.000003    0.000003    0.000003    0.000003    0.000003    0.000003    0.000003    0.000003    0.000003    0.000003    0.000003    0.000003    0.000003    0.000003    0.000003    0.000003    0.000003    0.000003    0.000003    0.000003    0.000003    0.000003    0.000003    0.000003    0.000003    0.000003    0.000003    0.000003    0.000003    0.000003    0.000003
#
# dtdh (rows - delta, columns - depth)
#
 -999.000000 -999.000000 -999.000000 -999.000000 -999.000000 -999.000000 -999.000000 -999.000000 -999.000000 -999.000000 -999.000000 -999.000000 -999.000000 -999.000000 -999.000000 -999.000000 -999.000000 -999.000000 -999.000000 -999.000000 -999.000000 -999.000000 -999.000000 -999.000000 -999.000000 -999.000000 -999.000000 -999.000000 -999.000000 -999.000000   -0.101794   -0.099965   -0.098193   -0.096483   -0.089712   -0.088543   -0.087686
   -0.171551   -0.171551   -0.171551   -0.171550   -0.171549   -0.171549   -0.171548   -0.171547   -0.171547   -0.171546   -0.152873   -0.152872   -0.152871   -0.152871   -0.152870   -0.152869   -0.152868   -0.123166   -0.123155   -0.123144   -0.123133   -0.123077   -0.123022   -0.121682   -0.119577   -0.117040   -0.114482   -0.112023   -0.109668   -0.103686   -0.101794   -0.099965   -0.098193   -0.096484   -0.089712   -0.088543   -0.087687
   -0.171551   -0.171551   -0.171551   -0.171550   -0.171549   -0.171549   -0.171548   -0.171547   -0.171547   -0.171546   -0.152873   -0.152872   -0.152871   -0.152871   -0.152870   -0.152869   -0.152868   -0.123167   -0.123156   -0.123144   -0.123133   -0.123078   -0.123022   -0.121683   -0.119577   -0.117040   -0.114482   -0.112024   -0.109668   -0.103686   -0.101795   -0.099965   -0.098194   -0.096484   -0.089713   -0.088544   -0.087688
   -0.171552   -0.171551   -0.171551   -0.171550   -0.171550   -0.171549   -0.171548   -0.171548   -0.171547   -0.171546   -0.152873   -0.152873   -0.152872   -0.152871   -0.152870   -0.152869   -0.152869   -0.123167   -0.123156   -0.123145   -0.123134   -0.123078   -0.123022   -0.121683   -0.119577   -0.117041   -0.114483   -0.112024   -0.109669   -0.103687   -0.101796   -0.099966   -0.098195   -0.096485   -0.089714   -0.088545   -0.087689
   -0.171552   -0.171552   -0.171551   -0.171551   -0.171550   -0.171549   -0.171549   -0.171548   -0.171547   -0.171547   -0.152874   -0.152873   -0.152872   -0.152871   -0.152871   -0.152870   -0.152869   -0.123168   -0.123157   -0.123145   -0.123134   -0.123079   -0.123023   -0.121684   -0.119578   -0.117041   -0.114484   -0.112025   -0.109670   -0.103688   -0.101797   -0.099967   -0.098196   -0.096487   -0.089716   -0.088547   -0.087691
   -0.171553   -0.171552   -0.171552   -0.171551   -0.171551   -0.171550   -0.171549   -0.171549   -0.171548   -0.171547   -0.152874   -0.152874   -0.152873   -0.152872   -0.152871   -0.152871   -0.152870   -0.123168   -0.123157   -0.123146   -0.123135   -0.123080   -0.123024   -0.121685   -0.119579   -0.117042   -0.114485   -0.112026   -0.109671   -0.103689   -0.101798   -0.099969   -0.098198   -0.096488   -0.089718   -0.088549   -0.087693
   -0.171554   -0.171553   -0.171553   -0.171552   -0.171552   -0.171551   -0.171550   -0.171549   -0.171549   -0.171548   -0.152875   -0.152875   -0.152874   -0.152873   -0.152872   -0.152872   -0.152871   -0.123170   -0.123158   -0.123147   -0.123136   -0.123081   -0.123025   -0.121686   -0.119580   -0.117044   -0.114486   -0.112028   -0.109673   -0.103691   -0.101800   -0.099971   -0.098200   -0.096490   -0.089720   -0.088552   -0.087695
   -0.171555   -0.171554   -0.171554   -0.171553   -0.171553   -0.171552   -0.171551   -0.171550   -0.171550   -0.171549   -0.152876   -0.152876   -0.152875   -0.152874   -0.152873   -0.152873   -0.152872   -0.123171   -0.123160   -0.123149   -0.123138   -0.123082   -0.123026   -0.121687   -0.119582   -0.117045   -0.114488   -0.112030   -0.109675   -0.103693   -0.101802   -0.099973   -0.098202   -0.096493   -0.089723   -0.088555   -0.087699
   -0.171556   -0.171555   -0.171555   -0.171554   -0.171554   -0.171553   -0.171552   -0.171552   -0.171551   -0.171550   -0.152878   -0.152877   -0.152876   -0.152876   -0.152875   -0.152874   -0.152873   -0.123173   -0.123162   -0.123151   -0.123139   -0.123084   -0.123028   -0.121689   -0.119584   -0.117047   -0.114490   -0.112032   -0.109677   -0.103696   -0.101805   -0.099976   -0.098205   -0.096496   -0.089726   -0.088558   -0.087703
   -0.171557   -0.171557   -0.171556   -0.171556   -0.171555   -0.171554   -0.171554   -0.171553   -0.171552   -0.171552   -0.152879   -0.152879   -0.152878   -0.152877   -0.152876   -0.152876   -0.152875   -0.123175   -0.123164   -0.123153   -0.123141   -0.123086   -0.123030   -0.121691   -0.119586   -0.117050   -0.114493   -0.112034   -0.109680   -0.103699   -0.101808   -0.099979   -0.098209   -0.096500   -0.089731   -0.088563   -0.087707
   -0.171559   -0.171559   -0.171558   -0.171557   -0.171557   -0.171556   -0.171555   -0.171555   -0.171554   -0.171553   -0.152881   -0.152881   -0.152880   -0.152879   -0.152878   -0.152878   -0.152877   -0.123177   -0.123166   -0.123155   -0.123144   -0.123088   -0.123033   -0.121694   -0.119589   -0.117053   -0.114496   -0.112038   -0.109683   -0.103702   -0.101812   -0.099983   -0.098213   -0.096504   -0.089735   -0.088568   -0.087712
   -0.171561   -0.171560   -0.171560   -0.171559   -0.171559   -0.171558   -0.171557   -0.171557   -0.171556   -0.171555   -0.152884   -0.152883   -0.152882   -0.152881   -0.152880   -0.152880   -0.152879   -0.123180   -0.123169   -0.123158   -0.123147   -0.123091   -0.123036   -0.121697   -0.119592   -0.117056   -0.114499   -0.112041   -0.109687   -0.103706   -0.101816   -0.099988   -0.098217   -0.096509   -0.089741   -0.088573   -0.087718
   -0.171563   -0.171563   -0.171562   -0.171562   -0.171561   -0.171560   -0.171560   -0.171559   -0.171558   -0.171558   -0.152886   -0.152885   -0.152885   -0.152884   -0.152883   -0.152882   -0.152882   -0.123183   -0.123172   -0.123161   -0.123150   -0.123094   -0.123039   -0.121700   -0.119595   -0.117059   -0.114503   -0.112045   -0.109691   -0.103711   -0.101821   -0.099993   -0.098223   -0.096515   -0.089747   -0.088580   -0.087725
   -0.171565   -0.171565   -0.171565   -0.171564   -0.171563   -0.171563   -0.171562   -0.171561   -0.171561   -0.171560   -0.152889   -0.152888   -0.152887   -0.152887   -0.152886   -0.152885   -0.152884   -0.123186   -0.123175   -0.123164   -0.123153   -0.123098   -0.123042   -0.121704   -0.119599   -0.117064   -0.114507   -0.112050   -0.109696   -0.103716   -0.101826   -0.099998   -0.098229   -0.096521   -0.089754   -0.088587   -0.087732
   -0.171568   -0.171568   -0.171568   -0.171567   -0.171566   -0.171566   -0.171565   -0.171564   -0.171564   -0.171563   -0.152892   -0.152891   -0.152891   -0.152890   -0.152889   -0.152888   -0.152888   -0.123190   -0.123179   -0.123168   -0.123157   -0.123102   -0.123047   -0.121708   -0.119604   -0.117068   -0.114512   -0.112055   -0.109701   -0.103722   -0.101832   -0.100005   -0.098235   -0.096528   -0.089762   -0.088595   -0.087741
   -0.171572   -0.171571   -0.171571   -0.171570   -0.171570   -0.171569   -0.171568   -0.171568   -0.171567   -0.171566   -0.152896   -0.152895   -0.152894   -0.152893   -0.152893   -0.152892   -0.152891   -0.123195   -0.123184   -0.123173   -0.123162   -0.123107   -0.123051   -0.121713   -0.119609   -0.117074   -0.114518   -0.112061   -0.109707   -0.103728   -0.101839   -0.100012   -0.098243   -0.096536   -0.089770   -0.088604   -0.087750
   -0.171575   -0.171575   -0.171574   -0.171574   -0.171573   -0.171573   -0.171572   -0.171571   -0.171571   -0.171570   -0.152900   -0.152899   -0.152898   -0.152898   -0.152897   -0.152896   -0.152895   -0.123200   -0.123189   -0.123178   -0.123167   -0.123112   -0.123057   -0.121719   -0.119614   -0.117079   -0.114524   -0.112067   -0.109714   -0.103736   -0.101847   -0.100020   -0.098251   -0.096545   -0.089780   -0.088614   -0.087761
   -0.171579   -0.171579   -0.171578   -0.171578   -0.171577   -0.171577   -0.171576   -0.171575   -0.171575   -0.171574   -0.152904   -0.152904   -0.152903   -0.152902   -0.152901   -0.152901   -0.152900   -0.123206   -0.123195   -0.123184   -0.123173   -0.123118   -0.123062   -0.121725   -0.119621   -0.117086   -0.114531   -0.112074   -0.109722   -0.103744   -0.101856   -0.100029   -0.098261   -0.096555   -0.089791   -0.088626   -0.087773
   -0.171584   -0.171583   -0.171583   -0.171582   -0.171582   -0.171581   -0.171580   -0.171580   -0.171579   -0.171579   -0.152909   -0.152909   -0.152908   -0.152907   -0.152907   -0.152906   -0.152905   -0.123212   -0.123201   -0.123190   -0.123179   -0.123124   -0.123069   -0.121731   -0.119628   -0.117093   -0.114538   -0.112082   -0.109730   -0.103753   -0.101865   -0.100039   -0.098271   -0.096565   -0.089803   -0.088638   -0.087786
   -0.171589   -0.171588   -0.171588   -0.171587   -0.171587   -0.171586   -0.171585   -0.171585   -0.171584   -0.171584   -0.152915   -0.152914   -0.152914   -0.152913   -0.152912   -0.152911   -0.152911   -0.123219   -0.123208   -0.123197   -0.123186   -0.123131   -0.123076   -0.121739   -0.119636   -0.117102   -0.114547   -0.112091   -0.109740   -0.103763   -0.101876   -0.100050   -0.098283   -0.096578   -0.089817   -0.088652   -0.087800
   -0.171594   -0.171594   -0.171594   -0.171593   -0.171592   -0.171592   -0.171591   -0.171590   -0.171590   -0.171589   -0.152921   -0.152921   -0.152920   -0.152919   -0.152919   -0.152918   -0.152917   -0.123227   -0.123216   -0.123205   -0.123194   -0.123139   -0.123084   -0.121747   -0.119644   -0.117111   -0.114557   -0.112101   -0.109750   -0.103775   -0.101888   -0.100063   -0.098296   -0.096591   -0.089831   -0.088668   -0.087817
   -0.171600   -0.171600   -0.171600   -0.171599   -0.171598   -0.171598   -0.171597   -0.171597   -0.171596   -0.171595   -0.152928   -0.152928   -0.152927   -0.152926   -0.152925   -0.152925   -0.152924   -0.123236   -0.123225   -0.123214   -0.123203   -0.123148   -0.123093   -0.121757   -0.119654   -0.117121   -0.114567   -0.112112   -0.109761   -0.103787   -0.101901   -0.100076   -0.098310   -0.096606   -0.089848   -0.088685   -0.087834
   -0.171607   -0.171607   -0.171606   -0.171606   -0.171605   -0.171605   -0.171604   -0.171603   -0.171603   -0.171602   -0.152936   -0.152935   -0.152935   -0.152934   -0.152933   -0.152932   -0.152932   -0.123245   -0.123234   -0.123223   -0.123213   -0.123158   -0.123103   -0.121767   -0.119664   -0.117132   -0.114579   -0.112124   -0.109774   -0.103801   -0.101915   -0.100091   -0.098326   -0.096622   -0.089866   -0.088704   -0.087854
   -0.171615   -0.171614   -0.171614   -0.171613   -0.171613   -0.171612   -0.171611   -0.171611   -0.171610   -0.171610   -0.152944   -0.152944   -0.152943   -0.152942   -0.152942   -0.152941   -0.152940   -0.123256   -0.123245   -0.123234   -0.123223   -0.123169   -0.123114   -0.121778   -0.119676   -0.117144   -0.114591   -0.112138   -0.109788   -0.103816   -0.101931   -0.100108   -0.098343   -0.096640   -0.089886   -0.088724   -0.087875
   -0.171623   -0.171622   -0.171622   -0.171622   -0.171621   -0.171620   -0.171620   -0.171619   -0.171619   -0.171618   -0.152954   -0.152953   -0.152952   -0.152952   -0.152951   -0.152950   -0.152950   -0.123267   -0.123257   -0.123246   -0.123235   -0.123180   -0.123126   -0.121790   -0.119689   -0.117157   -0.114605   -0.112152   -0.109803   -0.103832   -0.101948   -0.100125   -0.098362   -0.096660   -0.089907   -0.088747   -0.087898
   -0.171632   -0.171631   -0.171631   -0.171631   -0.171630   -0.171629   -0.171629   -0.171628   -0.171628   -0.171627   -0.152964   -0.152963   -0.152962   -0.152962   -0.152961   -0.152960   -0.152960   -0.123280   -0.123269   -0.123258   -0.123248   -0.123193   -0.123139   -0.121804   -0.119703   -0.117172   -0.114621   -0.112168   -0.109820   -0.103851   -0.101967   -0.100145   -0.098382   -0.096681   -0.089931   -0.088771   -0.087924
   -0.171642   -0.171641   -0.171641   -0.171640   -0.171640   -0.171639   -0.171639   -0.171638   -0.171637   -0.171637   -0.152975   -0.152974   -0.152974   -0.152973   -0.152972   -0.152972   -0.152971   -0.123294   -0.123283   -0.123272   -0.123261   -0.123207   -0.123153   -0.121818   -0.119718   -0.117188   -0.114637   -0.112186   -0.109838   -0.103870   -0.101987   -0.100167   -0.098404   -0.096704   -0.089957   -0.088798   -0.087952
   -0.171652   -0.171652   -0.171652   -0.171651   -0.171651   -0.171650   -0.171649   -0.171649   -0.171648   -0.171648   -0.152987   -0.152986   -0.152986   -0.152985   -0.152984   -0.152984   -0.152983   -0.123309   -0.123298   -0.123288   -0.123277   -0.123223   -0.123169   -0.121834   -0.119735   -0.117205   -0.114656   -0.112205   -0.109858   -0.103892   -0.102010   -0.100190   -0.098429   -0.096730   -0.089985   -0.088827   -0.087982
   -0.171664   -0.171664   -0.171663   -0.171663   -0.171662   -0.171662   -0.171661   -0.171661   -0.171660   -0.171659   -0.153000   -0.153000   -0.152999   -0.152998   -0.152998   -0.152997   -0.152997   -0.123326   -0.123315   -0.123304   -0.123293   -0.123240   -0.123186   -0.121852   -0.119753   -0.117224   -0.114675   -0.112226   -0.109880   -0.103915   -0.102034   -0.100215   -0.098455   -0.096758   -0.090015   -0.088859   -0.088015
   -0.171677   -0.171676   -0.171676   -0.171676   -0.171675   -0.171675   -0.171674   -0.171673   -0.171673   -0.171672   -0.153015   -0.153014   -0.153013   -0.153013   -0.153012   -0.153012   -0.153011   -0.123344   -0.123333   -0.123322   -0.123311   -0.123258   -0.123204   -0.121871   -0.119773   -0.117245   -0.114697   -0.112248   -0.109903   -0.103941   -0.102061   -0.100243   -0.098484   -0.096787   -0.090048   -0.088893   -0.088050
   -0.171690   -0.171690   -0.171690   -0.171689   -0.171689   -0.171688   -0.171688   -0.171687   -0.171687   -0.171686   -0.153030   -0.153030   -0.153029   -0.153028   -0.153028   -0.153027   -0.153027   -0.123363   -0.123352   -0.123342   -0.123331   -0.123277   -0.123224   -0.121892   -0.119794   -0.117267   -0.114720   -0.112272   -0.109928   -0.103968   -0.102089   -0.100272   -0.098515   -0.096819   -0.090083   -0.088929   -0.088087
   -0.171705   -0.171705   -0.171705   -0.171704   -0.171704   -0.171703   -0.171703   -0.171702   -0.171701   -0.171701   -0.153047   -0.153046   -0.153046   -0.153045   -0.153044   -0.153044   -0.153043   -0.123384   -0.123373   -0.123362   -0.123352   -0.123299   -0.123245   -0.121913   -0.119817   -0.117291   -0.114745   -0.112298   -0.109955   -0.103997   -0.102119   -0.100304   -0.098548   -0.096853   -0.090121   -0.088968   -0.088128
   -0.171721   -0.171721   -0.171721   -0.171720   -0.171719   -0.171719   -0.171718   -0.171718   -0.171717   -0.171717   -0.153065   -0.153064   -0.153064   -0.153063   -0.153062   -0.153062   -0.153061   -0.123406   -0.123395   -0.123385   -0.123374   -0.123321   -0.123268   -0.121937   -0.119842   -0.117317   -0.114772   -0.112326   -0.109984   -0.104028   -0.102152   -0.100338   -0.098583   -0.096890   -0.090161   -0.089010   -0.088171
   -0.171738   -0.171738   -0.171737   -0.171737   -0.171737   -0.171736   -0.171735   -0.171735   -0.171735   -0.171734   -0.153084   -0.153083   -0.153083   -0.153082   -0.153082   -0.153081   -0.153081   -0.123430   -0.123419   -0.123409   -0.123398   -0.123346   -0.123293   -0.121962   -0.119868   -0.117344   -0.114800   -0.112355   -0.110015   -0.104061   -0.102186   -0.100374   -0.098620   -0.096929   -0.090203   -0.089054   -0.088216
   -0.171756   -0.171756   -0.171755   -0.171755   -0.171754   -0.171754   -0.171754   -0.171753   -0.171753   -0.171752   -0.153104   -0.153104   -0.153103   -0.153103   -0.153102   -0.153102   -0.153101   -0.123455   -0.123445   -0.123434   -0.123424   -0.123371   -0.123319   -0.121989   -0.119895   -0.117373   -0.114830   -0.112387   -0.110048   -0.104097   -0.102223   -0.100412   -0.098659   -0.096970   -0.090248   -0.089101   -0.088264
   -0.171775   -0.171775   -0.171774   -0.171774   -0.171774   -0.171773   -0.171773   -0.171772   -0.171772   -0.171771   -0.153126   -0.153125   -0.153125   -0.153124   -0.153124   -0.153123   -0.153123   -0.123482   -0.123472   -0.123461   -0.123451   -0.123398   -0.123346   -0.122017   -0.119925   -0.117403   -0.114862   -0.112420   -0.110082   -0.104134   -0.102261   -0.100452   -0.098701   -0.097013   -0.090296   -0.089150   -0.088315
   -0.171795   -0.171795   -0.171795   -0.171794   -0.171794   -0.171793   -0.171793   -0.171792   -0.171792   -0.171791   -0.153148   -0.153148   -0.153147   -0.153147   -0.153146   -0.153146   -0.153145   -0.123510   -0.123500   -0.123489   -0.123479   -0.123427   -0.123375   -0.122047   -0.119955   -0.117435   -0.114895   -0.112454   -0.110118   -0.104173   -0.102302   -0.100494   -0.098744   -0.097058   -0.090345   -0.089200   -0.088367
   -0.171816   -0.171816   -0.171815   -0.171815   -0.171815   -0.171814   -0.171814   -0.171813   -0.171813   -0.171812   -0.153172   -0.153171   -0.153171   -0.153171   -0.153170   -0.153170   -0.153169   -0.123540   -0.123529   -0.123519   -0.123509   -0.123457   -0.123405   -0.122078   -0.119988   -0.117469   -0.114930   -0.112491   -0.110156   -0.104213   -0.102344   -0.100537   -0.098789   -0.097105   -0.090396   -0.089253   -0.088421
   -0.171838   -0.171838   -0.171837   -0.171837   -0.171836   -0.171836   -0.171836   -0.171835   -0.171835   -0.171834   -0.153197   -0.153196   -0.153196   -0.153195   -0.153195   -0.153194   -0.153194   -0.123570   -0.123560   -0.123550   -0.123539   -0.123488   -0.123437   -0.122110   -0.120021   -0.117503   -0.114966   -0.112528   -0.110195   -0.104255   -0.102387   -0.100582   -0.098836   -0.097153   -0.090449   -0.089308   -0.088478
   -0.171860   -0.171860   -0.171860   -0.171860   -0.171859   -0.171859   -0.171858   -0.171858   -0.171858   -0.171857   -0.153222   -0.153222   -0.153221   -0.153221   -0.153220   -0.153220   -0.153219   -0.123602   -0.123592   -0.123582   -0.123571   -0.123520   -0.123469   -0.122144   -0.120056   -0.117539   -0.115003   -0.112567   -0.110235   -0.104298   -0.102432   -0.100629   -0.098885   -0.097203   -0.090504   -0.089364   -0.088536
   -0.171884   -0.171883   -0.171883   -0.171883   -0.171882   -0.171882   -0.171882   -0.171881   -0.171881   -0.171881   -0.153248   -0.153248   -0.153248   -0.153247   -0.153247   -0.153246   -0.153246   -0.123635   -0.123625   -0.123615   -0.123604   -0.123553   -0.123503   -0.122178   -0.120091   -0.117576   -0.115042   -0.112607   -0.110277   -0.104343   -0.102478   -0.100676   -0.098934   -0.097254   -0.090560   -0.089422   -0.088595
   -0.171907   -0.171907   -0.171907   -0.171907   -0.171906   -0.171906   -0.171906   -0.171905   -0.171905   -0.171905   -0.153275   -0.153275   -0.153275   -0.153274   -0.153274   -0.153273   -0.153273   -0.123668   -0.123658   -0.123648   -0.123638   -0.123587   -0.123537   -0.122213   -0.120127   -0.117614   -0.115081   -0.112648   -0.110319   -0.104388   -0.102525   -0.100725   -0.098984   -0.097306   -0.090616   -0.089481   -0.088655
   -0.171932   -0.171932   -0.171931   -0.171931   -0.171931   -0.171930   -0.171930   -0.171930   -0.171929   -0.171929   -0.153303   -0.153302   -0.153302   -0.153302   -0.153301   -0.153301   -0.153300   -0.123702   -0.123692   -0.123682   -0.123672   -0.123622   -0.123572   -0.122249   -0.120164   -0.117652   -0.115121   -0.112689   -0.110362   -0.104434   -0.102573   -0.100774   -0.099035   -0.097359   -0.090674   -0.089540   -0.088716
   -0.171956   -0.171956   -0.171956   -0.171956   -0.171955   -0.171955   -0.171955   -0.171954   -0.171954   -0.171954   -0.153330   -0.153330   -0.153330   -0.153329   -0.153329   -0.153329   -0.153328   -0.123737   -0.123727   -0.123717   -0.123707   -0.123657   -0.123607   -0.122285   -0.120202   -0.117691   -0.115161   -0.112731   -0.110405   -0.104481   -0.102621   -0.100824   -0.099087   -0.097412   -0.090732   -0.089600   -0.088777
   -0.171981   -0.171981   -0.171981   -0.171981   -0.171980   -0.171980   -0.171980   -0.171979   -0.171979   -0.171979   -0.153358   -0.153358   -0.153358   -0.153357   -0.153357   -0.153357   -0.153357   -0.123772   -0.123762   -0.123752   -0.123742   -0.123692   -0.123643   -0.122322   -0.120240   -0.117730   -0.115201   -0.112773   -0.110449   -0.104528   -0.102669   -0.100874   -0.099138   -0.097466   -0.090790   -0.089659   -0.088838
   -0.172006   -0.172006   -0.172006   -0.172006   -0.172005   -0.172005   -0.172005   -0.172004   -0.172004   -0.172004   -0.153387   -0.153386   -0.153386   -0.153386   -0.153385   -0.153385   -0.153385   -0.123807   -0.123797   -0.123787   -0.123777   -0.123728   -0.123678   -0.122359   -0.120277   -0.117769   -0.115242   -0.112815   -0.110492   -0.104575   -0.102718   -0.100924   -0.099190   -0.097519   -0.090849   -0.089719   -0.088900
   -0.172031   -0.172031   -0.172031   -0.172031   -0.172030   -0.172030   -0.172030   -0.172029   -0.172029   -0.172029   -0.153415   -0.153414   -0.153414   -0.153414   -0.153414   -0.153413   -0.153413   -0.123842   -0.123832   -0.123822   -0.123812   -0.123763   -0.123714   -0.122395   -0.120315   -0.117808   -0.115283   -0.112857   -0.110536   -0.104621   -0.102766   -0.100974   -0.099242   -0.097572   -0.090906   -0.089779   -0.088961
   -0.172056   -0.172056   -0.172055   -0.172055   -0.172055   -0.172055   -0.172055   -0.172054   -0.172054   -0.172054   -0.153443   -0.153442   -0.153442   -0.153442   -0.153442   -0.153441   -0.153441   -0.123877   -0.123867   -0.123857   -0.123847   -0.123798   -0.123749   -0.122431   -0.120352   -0.117847   -0.115323   -0.112899   -0.110579   -0.104667   -0.102814   -0.101023   -0.099293   -0.097625   -0.090964   -0.089838   -0.089021
   -0.172080   -0.172080   -0.172080   -0.172080   -0.172080   -0.172079   -0.172079   -0.172079   -0.172079   -0.172078   -0.153470   -0.153470   -0.153470   -0.153469   -0.153469   -0.153469   -0.153469   -0.123911   -0.123901   -0.123891   -0.123882   -0.123833   -0.123784   -0.122467   -0.120390   -0.117886   -0.115363   -0.112940   -0.110622   -0.104713   -0.102861   -0.101072   -0.099343   -0.097677   -0.091020   -0.089896   -0.089080
   -0.172104   -0.172104   -0.172104   -0.172104   -0.172104   -0.172104   -0.172103   -0.172103   -0.172103   -0.172103   -0.153498   -0.153497   -0.153497   -0.153497   -0.153497   -0.153496   -0.153496   -0.123945   -0.123935   -0.123926   -0.123916   -0.123867   -0.123819   -0.122503   -0.120426   -0.117923   -0.115402   -0.112980   -0.110664   -0.104758   -0.102908   -0.101120   -0.099392   -0.097728   -0.091076   -0.089953   -0.089139
   -0.172128   -0.172128   -0.172128   -0.172128   -0.172128   -0.172127   -0.172127   -0.172127   -0.172127   -0.172127   -0.153524   -0.153524   -0.153524   -0.153524   -0.153523   -0.153523   -0.153523   -0.123978   -0.123968   -0.123959   -0.123949   -0.123901   -0.123853   -0.122537   -0.120462   -0.117960   -0.115440   -0.113020   -0.110705   -0.104802   -0.102953   -0.101167   -0.099441   -0.097778   -0.091130   -0.090008   -0.089196
   -0.172151   -0.172151   -0.172151   -0.172151   -0.172151   -0.172151   -0.172150   -0.172150   -0.172150   -0.172150   -0.153550   -0.153550   -0.153550   -0.153550   -0.153549   -0.153549   -0.153549   -0.124010   -0.124001   -0.123991   -0.123982   -0.123934   -0.123886   -0.122571   -0.120497   -0.117996   -0.115478   -0.113059   -0.110745   -0.104845   -0.102997   -0.101213   -0.099488   -0.097826   -0.091183   -0.090063   -0.089251
   -0.172174   -0.172174   -0.172174   -0.172173   -0.172173   -0.172173   -0.172173   -0.172173   -0.172173   -0.172172   -0.153576   -0.153575   -0.153575   -0.153575   -0.153575   -0.153575   -0.153575   -0.124042   -0.124032   -0.124023   -0.124013   -0.123966   -0.123918   -0.122604   -0.120531   -0.118032   -0.115514   -0.113097   -0.110784   -0.104887   -0.103040   -0.101257   -0.099534   -0.097873   -0.091234   -0.090115   -0.089305
   -0.172196   -0.172195   -0.172195   -0.172195   -0.172195   -0.172195   -0.172195   -0.172195   -0.172195   -0.172194   -0.153600   -0.153600   -0.153600   -0.153600   -0.153600   -0.153599   -0.153599   -0.124073   -0.124063   -0.124054   -0.124044   -0.123997   -0.123949   -0.122636   -0.120563   -0.118066   -0.115549   -0.113133   -0.110822   -0.104927   -0.103082   -0.101300   -0.099578   -0.097919   -0.091284   -0.090166   -0.089357
   -0.172217   -0.172217   -0.172216   -0.172216   -0.172216   -0.172216   -0.172216   -0.172216   -0.172216   -0.172216   -0.153624   -0.153624   -0.153624   -0.153623   -0.153623   -0.153623   -0.153623   -0.124102   -0.124093   -0.124083   -0.124074   -0.124026   -0.123979   -0.122667   -0.120595   -0.118098   -0.115583   -0.113168   -0.110858   -0.104966   -0.103122   -0.101341   -0.099620   -0.097963   -0.091331   -0.090215   -0.089407
   -0.172237   -0.172237   -0.172237   -0.172237   -0.172236   -0.172236   -0.172236   -0.172236   -0.172236   -0.172236   -0.153647   -0.153647   -0.153646   -0.153646   -0.153646   -0.153646   -0.153646   -0.124130   -0.124121   -0.124112   -0.124102   -0.124055   -0.124008   -0.122696   -0.120626   -0.118130   -0.115616   -0.113202   -0.110893   -0.105003   -0.103161   -0.101381   -0.099661   -0.098005   -0.091377   -0.090262   -0.089455
   -0.172256   -0.172256   -0.172256   -0.172256   -0.172256   -0.172256   -0.172256   -0.172256   -0.172255   -0.172255   -0.153669   -0.153668   -0.153668   -0.153668   -0.153668   -0.153668   -0.153668   -0.124157   -0.124148   -0.124139   -0.124129   -0.124082   -0.124035   -0.122724   -0.120655   -0.118160   -0.115647   -0.113234   -0.110926   -0.105039   -0.103197   -0.101419   -0.099700   -0.098045   -0.091421   -0.090307   -0.089501
   -0.172275   -0.172274   -0.172274   -0.172274   -0.172274   -0.172274   -0.172274   -0.172274   -0.172274   -0.172274   -0.153689   -0.153689   -0.153689   -0.153689   -0.153689   -0.153689   -0.153689   -0.124183   -0.124174   -0.124164   -0.124155   -0.124108   -0.124062   -0.122751   -0.120682   -0.118189   -0.115676   -0.113265   -0.110958   -0.105073   -0.103232   -0.101455   -0.099737   -0.098083   -0.091462   -0.090349   -0.089544
   -0.172292   -0.172292   -0.172292   -0.172292   -0.172292   -0.172292   -0.172291   -0.172291   -0.172291   -0.172291   -0.153709   -0.153709   -0.153709   -0.153709   -0.153708   -0.153708   -0.153708   -0.124207   -0.124198   -0.124189   -0.124180   -0.124133   -0.124086   -0.122777   -0.120708   -0.118216   -0.115704   -0.113294   -0.110988   -0.105105   -0.103265   -0.101489   -0.099772   -0.098119   -0.091502   -0.090389   -0.089585
   -0.172308   -0.172308   -0.172308   -0.172308   -0.172308   -0.172308   -0.172308   -0.172308   -0.172308   -0.172308   -0.153727   -0.153727   -0.153727   -0.153727   -0.153727   -0.153727   -0.153727   -0.124230   -0.124221   -0.124212   -0.124203   -0.124156   -0.124110   -0.122800   -0.120733   -0.118241   -0.115731   -0.113321   -0.111016   -0.105135   -0.103296   -0.101521   -0.099805   -0.098153   -0.091538   -0.090427   -0.089624
   -0.172323   -0.172323   -0.172323   -0.172323   -0.172323   -0.172323   -0.172323   -0.172323   -0.172323   -0.172323   -0.153744   -0.153744   -0.153744   -0.153744   -0.153744   -0.153744   -0.153744   -0.124252   -0.124242   -0.124233   -0.124224   -0.124178   -0.124131   -0.122823   -0.120756   -0.118265   -0.115755   -0.113346   -0.111042   -0.105163   -0.103325   -0.101551   -0.099836   -0.098185   -0.091573   -0.090462   -0.089660
   -0.172338   -0.172338   -0.172338   -0.172338   -0.172338   -0.172337   -0.172337   -0.172337   -0.172337   -0.172337   -0.153760   -0.153760   -0.153760   -0.153760   -0.153760   -0.153760   -0.153760   -0.124272   -0.124262   -0.124253   -0.124244   -0.124198   -0.124152   -0.122843   -0.120777   -0.118287   -0.115778   -0.113370   -0.111066   -0.105189   -0.103352   -0.101578   -0.099865   -0.098214   -0.091604   -0.090495   -0.089693
   -0.172351   -0.172351   -0.172351   -0.172351   -0.172351   -0.172351   -0.172350   -0.172350   -0.172350   -0.172350   -0.153775   -0.153775   -0.153775   -0.153775   -0.153775   -0.153775   -0.153775   -0.124290   -0.124281   -0.124271   -0.124262   -0.124216   -0.124170   -0.122862   -0.120797   -0.118307   -0.115799   -0.113391   -0.111089   -0.105213   -0.103377   -0.101604   -0.099891   -0.098241   -0.091634   -0.090525   -0.089724
   -0.172363   -0.172363   -0.172362   -0.172362   -0.172362   -0.172362   -0.172362   -0.172362   -0.172362   -0.172362   -0.153788   -0.153788   -0.153788   -0.153788   -0.153788   -0.153788   -0.153788   -0.124306   -0.124297   -0.124288   -0.124279   -0.124233   -0.124187   -0.122880   -0.120815   -0.118325   -0.115818   -0.113411   -0.111109   -0.105235   -0.103399   -0.101627   -0.099915   -0.098266   -0.091660   -0.090552   -0.089751
   -0.172373   -0.172373   -0.172373   -0.172373   -0.172373   -0.172373   -0.172373   -0.172373   -0.172373   -0.172373   -0.153800   -0.153800   -0.153800   -0.153800   -0.153800   -0.153800   -0.153800   -0.124321   -0.124312   -0.124303   -0.124294   -0.124248   -0.124202   -0.122895   -0.120831   -0.118342   -0.115835   -0.113429   -0.111128   -0.105254   -0.103419   -0.101648   -0.099936   -0.098288   -0.091684   -0.090577   -0.089776
   -0.172383   -0.172383   -0.172383   -0.172383   -0.172383   -0.172383   -0.172383   -0.172383   -0.172382   -0.172382   -0.153811   -0.153811   -0.153811   -0.153811   -0.153811   -0.153811   -0.153811   -0.124335   -0.124325   -0.124316   -0.124307   -0.124261   -0.124216   -0.122909   -0.120845   -0.118356   -0.115850   -0.113444   -0.111144   -0.105272   -0.103437   -0.101666   -0.099955   -0.098307   -0.091705   -0.090598   -0.089798
   -0.172391   -0.172391   -0.172391   -0.172391   -0.172391   -0.172391   -0.172391   -0.172391   -0.172391   -0.172391   -0.153820   -0.153820   -0.153820   -0.153820   -0.153820   -0.153820   -0.153820   -0.124346   -0.124337   -0.124328   -0.124319   -0.124273   -0.124227   -0.122921   -0.120857   -0.118369   -0.115863   -0.113458   -0.111158   -0.105287   -0.103453   -0.101682   -0.099971   -0.098324   -0.091724   -0.090617   -0.089818
   -0.172398   -0.172398   -0.172398   -0.172398   -0.172398   -0.172398   -0.172398   -0.172398   -0.172398   -0.172398   -0.153828   -0.153828   -0.153828   -0.153828   -0.153828   -0.153828   -0.153828   -0.124356   -0.124347   -0.124338   -0.124328   -0.124283   -0.124237   -0.122931   -0.120867   -0.118380   -0.115875   -0.113470   -0.111170   -0.105300   -0.103466   -0.101696   -0.099985   -0.098339   -0.091739   -0.090633   -0.089834
   -0.172404   -0.172404   -0.172404   -0.172404   -0.172404   -0.172404   -0.172404   -0.172404   -0.172404   -0.172404   -0.153835   -0.153835   -0.153835   -0.153835   -0.153835   -0.153835   -0.153835   -0.124364   -0.124355   -0.124346   -0.124336   -0.124291   -0.124245   -0.122939   -0.120876   -0.118389   -0.115884   -0.113479   -0.111180   -0.105310   -0.103477   -0.101707   -0.099997   -0.098350   -0.091752   -0.090646   -0.089848
   -0.172408   -0.172408   -0.172408   -0.172408   -0.172408   -0.172408   -0.172408   -0.172408   -0.172408   -0.172408   -0.153840   -0.153840   -0.153840   -0.153840   -0.153840   -0.153840   -0.153840   -0.124370   -0.124361   -0.124352   -0.124343   -0.124297   -0.124252   -0.122946   -0.120883   -0.118396   -0.115891   -0.113486   -0.111187   -0.105318   -0.103485   -0.101715   -0.100006   -0.098360   -0.091762   -0.090656   -0.089858
   -0.172411   -0.172411   -0.172411   -0.172411   -0.172411   -0.172411   -0.172411   -0.172411   -0.172411   -0.172411   -0.153843   -0.153843   -0.153843   -0.153843   -0.153843   -0.153843   -0.153843   -0.124375   -0.124365   -0.124356   -0.124347   -0.124302   -0.124256   -0.122951   -0.120888   -0.118401   -0.115896   -0.113492   -0.111193   -0.105324   -0.103491   -0.101722   -0.100012   -0.098366   -0.091769   -0.090664   -0.089865
   -0.172413   -0.172413   -0.172413   -0.172413   -0.172413   -0.172413   -0.172413   -0.172413   -0.172413   -0.172413   -0.153845   -0.153845   -0.153845   -0.153845   -0.153845   -0.153845   -0.153845   -0.124377   -0.124368   -0.124359   -0.124350   -0.124304   -0.124259   -0.122953   -0.120890   -0.118404   -0.115899   -0.113495   -0.111196   -0.105328   -0.103495   -0.101725   -0.100016   -0.098370   -0.091774   -0.090668   -0.089870
   -0.172414   -0.172414   -0.172414   -0.172414   -0.172414   -0.172414   -0.172414   -0.172414   -0.172414   -0.172414   -0.153846   -0.153846   -0.153846   -0.153846   -0.153846   -0.153846   -0.153846   -0.124378   -0.124369   -0.124360   -0.124351   -0.124305   -0.124260   -0.122954   -0.120891   -0.118405   -0.115900   -0.113496   -0.111197   -0.105329   -0.103496   -0.101727   -0.100017   -0.098371   -0.091775   -0.090670   -0.089871
#
# iasp91 travel-time table for PKSdf
#
