#
# iasp91 travel-time table for SPn
#
# number of distance and depth samples
48 37
# delta samples
46.000 47.000 48.000 49.000 50.000 51.000 52.000 53.000 54.000 55.000 56.000 57.000 58.000 59.000 60.000 61.000 62.000 63.000 64.000 65.000 66.000 67.000 68.000 69.000 70.000 
71.000 72.000 73.000 74.000 75.000 76.000 77.000 78.000 79.000 80.000 81.000 82.000 83.000 84.000 85.000 86.000 87.000 88.000 89.000 90.000 91.000 92.000 93.000 
# depth samples
    0.000000    1.000000    2.500000    5.000000    7.500000   10.000000   12.500000   15.000000   17.500000   19.900000   20.000000   22.500000   25.000000   27.500000   30.000000   32.500000   34.900000   35.000000   40.000000   45.000000   50.000000   75.000000  100.000000  150.000000  200.000000  250.000000  300.000000  350.000000  400.000000  450.000000  500.000000  550.000000  600.000000  650.000000  700.000000  750.000000  800.000000
#
# travel times (rows - delta, columns - depth)
#
 -999.000000 -999.000000 -999.000000 -999.000000 -999.000000 -999.000000 -999.000000 -999.000000 -999.000000 -999.000000 -999.000000 -999.000000 -999.000000 -999.000000 -999.000000 -999.000000 -999.000000 -999.000000 -999.000000 -999.000000 -999.000000 -999.000000 -999.000000 -999.000000 -999.000000 -999.000000 -999.000000 -999.000000 -999.000000 -999.000000 -999.000000 -999.000000 -999.000000 -999.000000 -999.000000  806.066162  802.185730
 -999.000000 -999.000000 -999.000000 -999.000000 -999.000000 -999.000000 -999.000000 -999.000000 -999.000000 -999.000000 -999.000000 -999.000000 -999.000000 -999.000000 -999.000000 -999.000000 -999.000000 -999.000000 -999.000000 -999.000000 -999.000000 -999.000000 -999.000000 -999.000000 -999.000000 -999.000000 -999.000000 -999.000000 -999.000000 -999.000000 -999.000000 -999.000000 -999.000000 -999.000000  824.071106  819.820190  815.938538
 -999.000000 -999.000000 -999.000000 -999.000000 -999.000000 -999.000000 -999.000000 -999.000000 -999.000000 -999.000000 -999.000000 -999.000000 -999.000000 -999.000000 -999.000000 -999.000000 -999.000000 -999.000000 -999.000000 -999.000000 -999.000000 -999.000000 -999.000000 -999.000000 -999.000000 -999.000000 -999.000000 -999.000000 -999.000000 -999.000000 -999.000000 -999.000000 -999.000000  842.671631  837.824951  833.572876  829.689026
 -999.000000 -999.000000 -999.000000 -999.000000 -999.000000 -999.000000 -999.000000 -999.000000 -999.000000 -999.000000 -999.000000 -999.000000 -999.000000 -999.000000 -999.000000 -999.000000 -999.000000 -999.000000 -999.000000 -999.000000 -999.000000 -999.000000 -999.000000 -999.000000 -999.000000 -999.000000 -999.000000 -999.000000 -999.000000 -999.000000 -999.000000  868.565979  862.329285  856.425171  851.577332  847.323120  843.435974
 -999.000000 -999.000000 -999.000000 -999.000000 -999.000000 -999.000000 -999.000000 -999.000000 -999.000000 -999.000000 -999.000000 -999.000000 -999.000000 -999.000000 -999.000000 -999.000000 -999.000000 -999.000000 -999.000000 -999.000000 -999.000000 -999.000000 -999.000000 -999.000000 -999.000000 -999.000000 -999.000000 -999.000000 -999.000000  895.779663  888.885925  882.319702  876.082214  870.176941  865.327026  861.069763  857.178284
 -999.000000 -999.000000 -999.000000 -999.000000 -999.000000 -999.000000 -999.000000 -999.000000 -999.000000 -999.000000 -999.000000 -999.000000 -999.000000 -999.000000 -999.000000 -999.000000 -999.000000 -999.000000 -999.000000 -999.000000 -999.000000 -999.000000 -999.000000 -999.000000 -999.000000 -999.000000  933.263916  924.918274  916.861023  909.533325  902.638977  896.071716  889.832825  883.925720  879.072998  874.811707  870.914978
 -999.000000 -999.000000 -999.000000 -999.000000 -999.000000 -999.000000 -999.000000 -999.000000 -999.000000 -999.000000 -999.000000 -999.000000 -999.000000 -999.000000 -999.000000 -999.000000 -999.000000 -999.000000 -999.000000 -999.000000 -999.000000 -999.000000 -999.000000  973.661743  964.583618  955.654724  947.017822  938.671753  930.613892  923.285278  916.389709  909.820923  903.580017  897.670410  892.814026  888.547913  884.645020
 1017.527039 1017.256348 1016.850281 1016.173645 1015.497009 1014.820496 1014.143982 1013.467529 1012.791199 1012.141907 1012.114868 1011.524780 1010.934814 1010.344849 1009.755005 1009.165161 1008.598999 1008.575500 1007.646118 1006.717651 1005.790039 1001.164917  996.561462  987.415649  978.337158  969.407776  960.770203  952.423279  944.364380  937.034424  930.137085  923.566101  917.322632  911.409912  906.549133  902.277344  898.367371
 1031.280762 1031.010010 1030.604004 1029.927368 1029.250732 1028.574219 1027.897705 1027.221191 1026.544800 1025.895508 1025.868530 1025.278442 1024.688477 1024.098511 1023.508606 1022.918762 1022.352600 1022.329102 1021.399658 1020.471130 1019.543518 1014.918152 1010.314453 1001.168030  992.088806  983.158569  974.519958  966.171753  958.111328  950.779480  943.879883  937.306274  931.059692  925.143188  920.277344  915.999084  912.081116
 1045.032959 1044.762207 1044.356201 1043.679443 1043.002808 1042.326294 1041.649658 1040.973267 1040.296875 1039.647461 1039.620483 1039.030396 1038.440308 1037.850342 1037.260376 1036.670532 1036.104370 1036.080933 1035.151367 1034.222778 1033.295044 1028.669312 1024.065186 1014.917847 1005.837524  996.906006  988.265930  979.916077  971.853699  964.519531  957.617126  951.040344  944.790039  938.869263  933.997620  929.712036  925.785278
 1058.782227 1058.511475 1058.105469 1057.428711 1056.752075 1056.075439 1055.398926 1054.722412 1054.045898 1053.396606 1053.369629 1052.779419 1052.189331 1051.599243 1051.009277 1050.419434 1049.853149 1049.829712 1048.900024 1047.971436 1047.043579 1042.417236 1037.812500 1028.663818 1019.582031 1010.648926 1002.006958  993.655090  985.590332  978.253357  971.347778  964.767273  958.512695  952.587097  947.708984  943.415344  939.478882
 1072.527710 1072.256958 1071.850830 1071.174072 1070.497314 1069.820679 1069.144043 1068.467529 1067.791016 1067.141602 1067.114624 1066.524414 1065.934204 1065.344238 1064.754150 1064.164185 1063.597900 1063.574463 1062.644653 1061.715820 1060.787842 1056.160767 1051.555298 1042.404907 1033.321411 1024.386230 1015.742126 1007.387756  999.320312  991.980103  985.070801  978.486084  972.226807  966.295715  961.410461  957.107971  953.161072
 1086.268066 1085.997314 1085.591187 1084.914307 1084.237549 1083.560913 1082.884155 1082.207642 1081.531006 1080.881592 1080.854614 1080.264282 1079.674072 1079.083984 1078.493896 1077.903809 1077.337524 1077.313965 1076.384033 1075.455078 1074.526855 1069.898926 1065.292480 1056.140137 1047.054443 1038.116943 1029.470215 1021.113098 1013.042480 1005.698608  998.785156  992.195801  985.931213  979.994202  975.101074  970.789124  966.831055
 1100.002441 1099.731567 1099.325439 1098.648560 1097.971680 1097.294922 1096.618164 1095.941528 1095.264893 1094.615356 1094.588379 1093.997925 1093.407715 1092.817505 1092.227295 1091.637207 1091.070801 1091.047241 1090.117188 1089.187866 1088.259521 1083.630615 1079.023071 1069.868408 1060.780151 1051.840088 1043.190430 1034.830078 1026.755981 1019.408020 1012.489929 1005.895386  999.625061  993.681519  988.779968  984.457886  980.488159
 1113.729614 1113.458862 1113.052612 1112.375610 1111.698730 1111.021851 1110.344971 1109.668213 1108.991577 1108.341919 1108.314941 1107.724487 1107.134033 1106.543823 1105.953491 1105.363281 1104.796875 1104.773315 1103.842896 1102.913452 1101.984863 1097.354614 1092.745850 1083.588623 1074.497681 1065.554565 1056.901733 1048.537720 1040.459717 1033.107300 1026.184082 1019.583984 1013.307373 1007.356934 1002.446411  998.113708  994.131836
 1127.448730 1127.177856 1126.771606 1126.094604 1125.417480 1124.740601 1124.063721 1123.386841 1122.710083 1122.060303 1122.033325 1121.442749 1120.852295 1120.261841 1119.671509 1119.081177 1118.514648 1118.491089 1117.560425 1116.630737 1115.701904 1111.070312 1106.460083 1097.299927 1088.205811 1079.259399 1070.602905 1062.235107 1054.152832 1046.795410 1039.866821 1033.260620 1026.977417 1021.019592 1016.099731 1011.755981 1007.761353
 1141.158691 1140.887817 1140.481445 1139.804321 1139.127197 1138.450195 1137.773193 1137.096191 1136.419312 1135.769531 1135.742554 1135.151855 1134.561279 1133.970703 1133.380249 1132.789795 1132.223145 1132.199585 1131.268677 1130.338623 1129.409424 1124.776367 1120.164673 1111.001221 1101.903687 1092.953613 1084.293213 1075.921143 1067.834351 1060.471680 1053.537231 1046.924683 1040.634399 1034.668945 1029.739258 1025.384033 1021.375916
 1154.858643 1154.587646 1154.181274 1153.504028 1152.826782 1152.149658 1151.472534 1150.795410 1150.118408 1149.468506 1149.441528 1148.850708 1148.260010 1147.669312 1147.078735 1146.488159 1145.921387 1145.897827 1144.966553 1144.036255 1143.106689 1138.471924 1133.858521 1124.691528 1115.590332 1106.636353 1097.971680 1089.595093 1081.503418 1074.135132 1067.194580 1060.575317 1054.277832 1048.304321 1043.364502 1038.996826 1034.846313
 1168.547363 1168.276367 1167.869873 1167.192505 1166.515137 1165.837891 1165.160645 1164.483521 1163.806396 1163.156372 1163.129395 1162.538452 1161.947510 1161.356689 1160.765991 1160.175293 1159.608398 1159.584839 1158.653198 1157.722534 1156.792603 1152.156128 1147.540771 1138.369995 1129.264771 1120.306641 1111.637573 1103.256226 1095.159424 1087.785278 1080.838379 1074.212036 1067.906982 1061.925049 1056.973999 1052.427368 1048.150391
 1182.224121 1181.953125 1181.546631 1180.869141 1180.191650 1179.514160 1178.836914 1178.159546 1177.482300 1176.832153 1176.805176 1176.213989 1175.623047 1175.032104 1174.441162 1173.850342 1173.283325 1173.259766 1172.327759 1171.396729 1170.466431 1165.828003 1161.210693 1152.035889 1142.926514 1133.963989 1125.290283 1116.903809 1108.801636 1101.421509 1094.467773 1087.834229 1081.520874 1075.478516 1070.339722 1065.719116 1061.390137
 1195.888306 1195.617188 1195.210571 1194.532959 1193.855347 1193.177734 1192.500244 1191.822876 1191.145508 1190.495239 1190.468140 1189.876953 1189.285767 1188.694702 1188.103638 1187.512695 1186.945435 1186.921875 1185.989502 1185.057983 1184.127319 1179.486938 1174.867554 1165.688477 1156.574707 1147.607544 1138.928955 1130.537231 1122.429565 1115.042969 1108.082031 1101.405884 1094.952881 1088.797607 1083.614380 1078.946289 1074.567993
 1209.538940 1209.267822 1208.861206 1208.183350 1207.505615 1206.827881 1206.150269 1205.472778 1204.795166 1204.144775 1204.117798 1203.526367 1202.935059 1202.343750 1201.752563 1201.161499 1200.593994 1200.570435 1199.637695 1198.705811 1197.774780 1193.132202 1188.510742 1179.327271 1170.208862 1161.236938 1152.553101 1144.155884 1136.041992 1128.598389 1121.513184 1114.727905 1108.240234 1102.049316 1096.824463 1092.111084 1087.681885
 1223.175659 1222.904419 1222.497681 1221.819702 1221.141846 1220.463989 1219.786255 1219.108521 1218.430786 1217.780273 1217.753296 1217.161621 1216.570190 1215.978760 1215.387451 1214.796143 1214.228516 1214.204956 1213.271729 1212.339355 1211.407959 1206.763184 1202.139404 1192.951294 1183.828003 1174.850830 1166.149048 1157.656982 1149.436035 1141.914429 1134.798584 1127.981689 1121.461426 1115.236816 1109.971313 1105.209473 1100.723511
 1236.797607 1236.526367 1236.119507 1235.441406 1234.763306 1234.085327 1233.407349 1232.729492 1232.051636 1231.401001 1231.373901 1230.782227 1230.190552 1229.598877 1229.007324 1228.415894 1227.848145 1227.824585 1226.890869 1225.958008 1225.026123 1220.378906 1215.752808 1206.542480 1197.335693 1188.266602 1179.474731 1170.957642 1162.711182 1155.161987 1148.017334 1141.170654 1134.618774 1128.359131 1123.048462 1118.232056 1113.682007
 1250.348389 1250.076050 1249.667603 1248.986816 1248.306030 1247.625366 1246.944702 1246.264160 1245.583618 1244.930298 1244.903076 1244.308228 1243.713379 1243.118652 1242.523926 1241.929199 1241.358398 1241.334717 1240.392822 1239.451904 1238.511719 1233.822144 1229.151978 1219.865479 1210.636597 1201.545288 1192.730713 1184.190308 1175.919800 1168.344360 1161.171387 1154.293579 1147.706787 1141.407593 1136.045654 1131.168213 1126.553589
 1263.659302 1263.386597 1262.977661 1262.296265 1261.614746 1260.933350 1260.251953 1259.570679 1258.889404 1258.235474 1258.208252 1257.612549 1257.016846 1256.421265 1255.825806 1255.230225 1254.658691 1254.634888 1253.691040 1252.748047 1251.805786 1247.106079 1242.425537 1233.118408 1223.868896 1214.756714 1205.920532 1197.357544 1189.062988 1181.459717 1174.255249 1167.342041 1160.715210 1154.370605 1148.953247 1144.016846 1139.342407
 1276.900391 1276.627441 1276.218140 1275.536011 1274.853882 1274.171753 1273.489746 1272.807739 1272.125854 1271.471191 1271.443970 1270.847534 1270.251099 1269.654785 1269.058472 1268.462280 1267.889893 1267.866089 1266.920288 1265.975342 1265.031250 1260.321777 1255.631592 1246.304932 1237.035400 1227.902222 1219.043335 1210.455566 1202.133667 1194.498413 1187.257690 1180.303711 1173.632935 1167.243042 1161.773926 1156.782715 1152.052124
 1290.074951 1289.801880 1289.392090 1288.709351 1288.026611 1287.343872 1286.661133 1285.978516 1285.296021 1284.640747 1284.613525 1284.016235 1283.419067 1282.822021 1282.224976 1281.627930 1281.054932 1281.031128 1280.083374 1279.136597 1278.190430 1273.471313 1268.771240 1259.423706 1250.131958 1240.974976 1232.089966 1223.473511 1215.119873 1207.447998 1200.167969 1193.173706 1186.461792 1180.029785 1174.512329 1169.469604 1164.685791
 1303.180054 1302.906616 1302.496460 1301.812988 1301.129517 1300.446045 1299.762573 1299.079224 1298.395996 1297.739990 1297.712769 1297.114624 1296.516602 1295.918701 1295.320801 1294.723022 1294.149048 1294.125244 1293.175415 1292.226440 1291.278076 1286.547974 1281.836304 1272.464722 1263.147339 1253.962646 1245.047485 1236.399170 1228.012573 1220.305420 1212.988770 1205.957153 1199.206665 1192.734985 1187.171753 1182.080078 1177.245605
 1316.204590 1315.930908 1315.520264 1314.835815 1314.151489 1313.467285 1312.782959 1312.098755 1311.414551 1310.757812 1310.730469 1310.131470 1309.532471 1308.933594 1308.334717 1307.735840 1307.161011 1307.137207 1306.184814 1305.233276 1304.282471 1299.539307 1294.814331 1285.415161 1276.069336 1266.855835 1257.911499 1249.233154 1240.816162 1233.076050 1225.725220 1218.658203 1211.871338 1205.361938 1199.755127 1194.616455 1189.732788
 1329.135620 1328.861572 1328.450317 1327.765015 1327.079834 1326.394531 1325.709351 1325.024292 1324.339233 1323.681519 1323.654175 1323.054077 1322.453979 1321.854004 1321.254150 1320.654175 1320.078369 1320.054443 1319.099487 1318.145264 1317.191772 1312.435303 1307.697144 1298.271362 1288.899170 1279.658936 1270.687256 1261.980957 1253.535278 1245.764160 1238.380859 1231.280151 1224.458496 1217.912964 1212.264038 1207.079468 1202.147217
 1341.972900 1341.698486 1341.286743 1340.600586 1339.914429 1339.228394 1338.542358 1337.856323 1337.170410 1336.511963 1336.484497 1335.883423 1335.282471 1334.681519 1334.080566 1333.479736 1332.902832 1332.878906 1331.921509 1330.964844 1330.008911 1325.240112 1320.489624 1311.039185 1301.642090 1292.376831 1283.379395 1274.646606 1266.173706 1258.372925 1250.958618 1243.825684 1236.970337 1230.389404 1224.698975 1219.468994 1214.488892
 1354.722168 1354.447266 1354.035156 1353.348145 1352.661255 1351.974365 1351.287598 1350.600708 1349.913940 1349.254761 1349.227295 1348.625244 1348.023315 1347.421509 1346.819702 1346.217896 1345.640137 1345.616211 1344.656372 1343.697510 1342.739258 1337.958862 1333.196655 1323.722900 1314.302368 1305.013306 1295.991333 1287.233276 1278.734131 1270.904907 1263.460327 1256.295776 1249.407104 1242.791016 1237.059570 1231.785034 1226.757812
 1367.387573 1367.112549 1366.699829 1366.012085 1365.324463 1364.636841 1363.949219 1363.261597 1362.574097 1361.914185 1361.886719 1361.283813 1360.681030 1360.078247 1359.475586 1358.872925 1358.294312 1358.270386 1357.308350 1356.347168 1355.386719 1350.595459 1345.822144 1336.326172 1326.883179 1317.571289 1308.525635 1299.743042 1291.218262 1283.360840 1275.886353 1268.690430 1261.768677 1255.118042 1249.346069 1244.027588 1238.954102
 1379.972656 1379.697266 1379.284180 1378.595825 1377.907349 1377.218994 1376.530640 1375.842407 1375.154053 1374.493408 1374.465942 1373.862183 1373.258545 1372.655029 1372.051392 1371.447876 1370.868652 1370.844604 1369.880493 1368.917236 1367.954712 1363.152832 1358.368896 1348.851318 1339.386597 1330.052124 1320.983154 1312.176147 1303.625977 1295.740723 1288.236572 1281.009521 1274.055176 1267.370361 1261.558594 1256.196777 1251.077759
 1392.479614 1392.203857 1391.790405 1391.101196 1390.412109 1389.723022 1389.033936 1388.344971 1387.656006 1386.994629 1386.967041 1386.362549 1385.758057 1385.153687 1384.549316 1383.944946 1383.364868 1383.340820 1382.374634 1381.409302 1380.444702 1375.632446 1370.838013 1361.299194 1351.812622 1342.456055 1333.363770 1324.532593 1315.957275 1308.044434 1300.510986 1293.253296 1286.266846 1279.548218 1273.697266 1268.292725 1263.128662
 1404.908569 1404.632690 1404.218750 1403.528809 1402.838989 1402.149170 1401.459473 1400.769653 1400.079956 1399.417969 1399.390381 1398.785034 1398.179810 1397.574585 1396.969360 1396.364258 1395.783325 1395.759277 1394.791016 1393.823730 1392.857056 1388.034424 1383.229614 1373.669556 1364.161499 1354.782837 1345.667725 1336.812622 1328.212402 1320.272217 1312.709961 1305.421997 1298.403687 1291.651733 1285.761841 1280.315063 1275.106201
 1417.259766 1416.983521 1416.569092 1415.878540 1415.187988 1414.497437 1413.807007 1413.116577 1412.426147 1411.763428 1411.735840 1411.129761 1410.523682 1409.917603 1409.311646 1408.705688 1408.124023 1408.099854 1407.129639 1406.160278 1405.191528 1400.358643 1395.543579 1385.962646 1376.433350 1367.032837 1357.894897 1349.016235 1340.391479 1332.424316 1324.833496 1317.515503 1310.465698 1303.680420 1297.752075 1292.263306 1287.010498
 1429.533081 1429.256470 1428.841797 1428.150513 1427.459229 1426.768066 1426.076904 1425.385742 1424.694580 1424.031250 1424.003662 1423.396606 1422.789795 1422.182983 1421.576172 1420.969360 1420.386963 1420.362793 1419.390625 1418.419189 1417.448486 1412.605469 1407.780151 1398.178467 1388.628174 1379.206055 1370.045776 1361.143677 1352.494507 1344.500610 1336.881348 1329.533447 1322.452393 1315.634155 1309.667725 1304.137695 1298.841919
 1441.728882 1441.452026 1441.036865 1440.344849 1439.652954 1438.961060 1438.269165 1437.577393 1436.885498 1436.221436 1436.193848 1435.586060 1434.978394 1434.370850 1433.763184 1433.155640 1432.572510 1432.548218 1431.574097 1430.600708 1429.627930 1424.775024 1419.939575 1410.317505 1400.746338 1391.302734 1382.120117 1373.194824 1364.521362 1356.500732 1348.853271 1341.475708 1334.363525 1327.512939 1321.509155 1315.939087 1310.601318
 1453.847168 1453.570068 1453.154541 1452.461792 1451.769165 1451.076660 1450.384033 1449.691528 1448.999146 1448.334351 1448.306641 1447.698120 1447.089722 1446.481323 1445.872925 1445.264648 1444.680664 1444.656372 1443.680298 1442.704834 1441.730225 1436.867310 1432.021851 1422.379272 1412.787354 1403.322510 1394.117676 1385.169067 1376.471436 1368.424561 1360.749023 1353.342407 1346.199829 1339.317505 1333.277344 1327.667969 1322.288574
 1465.887939 1465.610474 1465.194458 1464.501221 1463.807861 1463.114624 1462.421387 1461.728149 1461.035034 1460.369629 1460.341919 1459.732544 1459.123291 1458.514160 1457.905029 1457.295898 1456.711182 1456.686890 1455.708740 1454.731445 1453.754761 1448.881958 1444.026489 1434.363770 1424.751099 1415.265015 1406.038086 1397.066528 1388.345215 1380.272339 1372.569580 1365.134399 1357.962158 1351.048706 1344.972412 1339.323120 1333.900757
 1477.850464 1477.572876 1477.156494 1476.462402 1475.768433 1475.074463 1474.380615 1473.686646 1472.992798 1472.326782 1472.299072 1471.688965 1471.078979 1470.468994 1469.859009 1469.249146 1468.663696 1468.639404 1467.659302 1466.680054 1465.701416 1460.818726 1455.953369 1446.270508 1436.637451 1427.130493 1417.881958 1408.888062 1400.143433 1392.045166 1384.315674 1376.852417 1369.650391 1362.705322 1356.591553 1350.901001 -999.000000
 1489.735229 1489.457275 1489.040405 1488.345703 1487.651123 1486.956421 1486.261841 1485.567261 1484.872803 1484.206055 1484.178345 1483.567505 1482.956665 1482.345947 1481.735229 1481.124634 1480.538330 1480.514038 1479.532104 1478.550903 1477.570312 1472.677979 1467.802856 1458.100342 1448.447266 1438.919922 1429.650146 1420.634277 1411.866699 1403.743286 1395.986572 1388.494507 1381.261597 1374.283569 -999.000000 -999.000000 -999.000000
 1501.542725 1501.264648 1500.847412 1500.151978 1499.456665 1498.761353 1498.066162 1497.370972 1496.675781 1496.008423 1495.980591 1495.369019 1494.757446 1494.145996 1493.534546 1492.923096 1492.336182 1492.311890 1491.328003 1490.344849 1489.362427 1484.460693 1479.576050 1469.854126 1460.181519 1450.633911 1441.343018 1432.304688 1423.513550 1415.363892 1407.578979 -999.000000 -999.000000 -999.000000 -999.000000 -999.000000 -999.000000
 1513.274048 1512.995728 1512.578003 1511.882080 1511.186035 1510.490112 1509.794189 1509.098389 1508.402588 1507.734619 1507.706787 1507.094360 1506.482178 1505.869873 1505.257690 1504.645508 1504.057861 1504.033447 1503.047729 1502.062866 1501.078491 1496.167358 1491.273071 1481.531616 1471.838867 1462.270386 1452.957275 1443.895752 1435.079956 -999.000000 -999.000000 -999.000000 -999.000000 -999.000000 -999.000000 -999.000000 -999.000000
 1524.927734 1524.649048 1524.231079 1523.534424 1522.837769 1522.141113 1521.444580 1520.748047 1520.051514 1519.382935 1519.355103 1518.741943 1518.128906 1517.515869 1516.902832 1516.289917 1515.701538 1515.677124 1514.689453 1513.702637 1512.716431 1507.795410 1502.891235 1493.129395 1483.415527 -999.000000 -999.000000 -999.000000 -999.000000 -999.000000 -999.000000 -999.000000 -999.000000 -999.000000 -999.000000 -999.000000 -999.000000
 1536.500000 1536.220947 1535.802490 1535.105103 1534.407837 1533.710449 1533.013184 1532.315918 1531.618774 1530.949463 1530.921631 1530.307617 1529.693848 1529.079956 -999.000000 -999.000000 -999.000000 -999.000000 -999.000000 -999.000000 -999.000000 -999.000000 -999.000000 -999.000000 -999.000000 -999.000000 -999.000000 -999.000000 -999.000000 -999.000000 -999.000000 -999.000000 -999.000000 -999.000000 -999.000000 -999.000000 -999.000000
#
# dtdd (rows - delta, columns - depth)
#
 -999.000000 -999.000000 -999.000000 -999.000000 -999.000000 -999.000000 -999.000000 -999.000000 -999.000000 -999.000000 -999.000000 -999.000000 -999.000000 -999.000000 -999.000000 -999.000000 -999.000000 -999.000000 -999.000000 -999.000000 -999.000000 -999.000000 -999.000000 -999.000000 -999.000000 -999.000000 -999.000000 -999.000000 -999.000000 -999.000000 -999.000000 -999.000000 -999.000000 -999.000000 -999.000000   13.754232   13.753631
 -999.000000 -999.000000 -999.000000 -999.000000 -999.000000 -999.000000 -999.000000 -999.000000 -999.000000 -999.000000 -999.000000 -999.000000 -999.000000 -999.000000 -999.000000 -999.000000 -999.000000 -999.000000 -999.000000 -999.000000 -999.000000 -999.000000 -999.000000 -999.000000 -999.000000 -999.000000 -999.000000 -999.000000 -999.000000 -999.000000 -999.000000 -999.000000 -999.000000 -999.000000   13.754202   13.753542   13.751835
 -999.000000 -999.000000 -999.000000 -999.000000 -999.000000 -999.000000 -999.000000 -999.000000 -999.000000 -999.000000 -999.000000 -999.000000 -999.000000 -999.000000 -999.000000 -999.000000 -999.000000 -999.000000 -999.000000 -999.000000 -999.000000 -999.000000 -999.000000 -999.000000 -999.000000 -999.000000 -999.000000 -999.000000 -999.000000 -999.000000 -999.000000 -999.000000 -999.000000   13.754076   13.753311   13.751662   13.748885
 -999.000000 -999.000000 -999.000000 -999.000000 -999.000000 -999.000000 -999.000000 -999.000000 -999.000000 -999.000000 -999.000000 -999.000000 -999.000000 -999.000000 -999.000000 -999.000000 -999.000000 -999.000000 -999.000000 -999.000000 -999.000000 -999.000000 -999.000000 -999.000000 -999.000000 -999.000000 -999.000000 -999.000000 -999.000000 -999.000000 -999.000000   13.754142   13.753708   13.752853   13.751236   13.748629   13.744820
 -999.000000 -999.000000 -999.000000 -999.000000 -999.000000 -999.000000 -999.000000 -999.000000 -999.000000 -999.000000 -999.000000 -999.000000 -999.000000 -999.000000 -999.000000 -999.000000 -999.000000 -999.000000 -999.000000 -999.000000 -999.000000 -999.000000 -999.000000 -999.000000 -999.000000 -999.000000 -999.000000 -999.000000 -999.000000   13.754128   13.753754   13.753060   13.751986   13.750455   13.748011   13.744478   13.739682
 -999.000000 -999.000000 -999.000000 -999.000000 -999.000000 -999.000000 -999.000000 -999.000000 -999.000000 -999.000000 -999.000000 -999.000000 -999.000000 -999.000000 -999.000000 -999.000000 -999.000000 -999.000000 -999.000000 -999.000000 -999.000000 -999.000000 -999.000000 -999.000000 -999.000000 -999.000000   13.754206   13.754022   13.753649   13.753016   13.752081   13.750797   13.749102   13.746915   13.743672   13.739256   13.733514
 -999.000000 -999.000000 -999.000000 -999.000000 -999.000000 -999.000000 -999.000000 -999.000000 -999.000000 -999.000000 -999.000000 -999.000000 -999.000000 -999.000000 -999.000000 -999.000000 -999.000000 -999.000000 -999.000000 -999.000000 -999.000000 -999.000000 -999.000000   13.754209   13.754061   13.753775   13.753328   13.752701   13.751866   13.750723   13.749244   13.747388   13.745090   13.742272   13.738266   13.732999   13.726351
   13.754164   13.754163   13.754160   13.754155   13.754150   13.754146   13.754141   13.754136   13.754131   13.754126   13.754126   13.754119   13.754113   13.754107   13.754100   13.754093   13.754086   13.754086   13.754066   13.754046   13.754025   13.753901   13.753748   13.753344   13.752808   13.752123   13.751264   13.750205   13.748921   13.747281   13.745275   13.742867   13.739992   13.736569   13.731828   13.725745   13.718215
   13.753143   13.753137   13.753126   13.753109   13.753093   13.753076   13.753058   13.753040   13.753023   13.753006   13.753005   13.752985   13.752964   13.752943   13.752922   13.752901   13.752881   13.752880   13.752825   13.752769   13.752711   13.752404   13.752067   13.751290   13.750376   13.749305   13.748042   13.746565   13.744847   13.742729   13.740216   13.737279   13.733849   13.729841   13.724394   13.717512   13.709105
   13.750937   13.750925   13.750907   13.750878   13.750850   13.750820   13.750791   13.750762   13.750732   13.750704   13.750702   13.750668   13.750633   13.750599   13.750564   13.750529   13.750495   13.750494   13.750403   13.750312   13.750219   13.749735   13.749218   13.748079   13.746798   13.745351   13.743700   13.741820   13.739685   13.737107   13.734107   13.730659   13.726693   13.722122   13.715974   13.708299   13.699039
   13.747576   13.747560   13.747535   13.747495   13.747454   13.747413   13.747372   13.747331   13.747290   13.747250   13.747248   13.747200   13.747152   13.747105   13.747056   13.747007   13.746961   13.746959   13.746834   13.746708   13.746581   13.745925   13.745234   13.743746   13.742110   13.740304   13.738279   13.736012   13.733474   13.730452   13.726981   13.723041   13.718548   13.713410   13.706572   13.698124   13.688036
   13.743096   13.743075   13.743045   13.742992   13.742941   13.742888   13.742836   13.742784   13.742731   13.742681   13.742679   13.742618   13.742557   13.742496   13.742435   13.742373   13.742313   13.742311   13.742154   13.741995   13.741835   13.741014   13.740155   13.738331   13.736355   13.734200   13.731815   13.729173   13.726246   13.722795   13.718863   13.714426   13.709409   13.703716   13.696203   13.687004   13.676204
   13.737539   13.737514   13.737476   13.737413   13.737350   13.737288   13.737225   13.737162   13.737098   13.737037   13.737035   13.736961   13.736888   13.736814   13.736740   13.736667   13.736595   13.736592   13.736403   13.736213   13.736021   13.735039   13.734020   13.731870   13.729566   13.727076   13.724341   13.721334   13.718022   13.714140   13.709745   13.704823   13.699292   13.693058   13.684894   13.675067   13.663674
   13.730939   13.730910   13.730866   13.730793   13.730720   13.730646   13.730573   13.730499   13.730425   13.730353   13.730350   13.730266   13.730180   13.730095   13.730009   13.729922   13.729839   13.729836   13.729616   13.729395   13.729173   13.728036   13.726862   13.724398   13.721773   13.718951   13.715867   13.712494   13.708798   13.704493   13.699646   13.694247   13.688215   13.681479   13.672793   13.662431   13.650490
   13.723330   13.723296   13.723247   13.723163   13.723080   13.722996   13.722912   13.722828   13.722744   13.722663   13.722659   13.722562   13.722465   13.722367   13.722270   13.722172   13.722077   13.722074   13.721824   13.721573   13.721319   13.720031   13.718702   13.715922   13.712975   13.709822   13.706393   13.702661   13.698590   13.693870   13.688581   13.682734   13.676286   13.669149   13.659998   13.649137   13.636689
   13.714712   13.714675   13.714619   13.714525   13.714432   13.714337   13.714243   13.714149   13.714054   13.713964   13.713960   13.713851   13.713741   13.713633   13.713523   13.713413   13.713307   13.713304   13.713023   13.712742   13.712459   13.711018   13.709536   13.706444   13.703180   13.699703   13.695937   13.691852   13.687415   13.682308   13.676651   13.670452   13.663640   13.656132   13.646546   13.635223   13.622283
   13.705092   13.705051   13.704989   13.704885   13.704782   13.704678   13.704573   13.704469   13.704364   13.704263   13.704259   13.704139   13.704018   13.703897   13.703775   13.703654   13.703537   13.703532   13.703223   13.702911   13.702599   13.701009   13.699376   13.695980   13.692406   13.688611   13.684521   13.680123   13.675392   13.669978   13.664001   13.657473   13.650322   13.642467   13.632477   13.620670   13.606467
   13.694487   13.694441   13.694373   13.694260   13.694145   13.694032   13.693917   13.693803   13.693688   13.693578   13.693573   13.693441   13.693309   13.693177   13.693044   13.692911   13.692783   13.692779   13.692440   13.692100   13.691757   13.690022   13.688241   13.684552   13.680702   13.676646   13.672303   13.667647   13.662650   13.656949   13.650673   13.643836   13.636371   13.628190   13.617674   13.604575   13.337371
   13.682925   13.682877   13.682803   13.682681   13.682558   13.682435   13.682312   13.682189   13.682065   13.681947   13.681941   13.681800   13.681658   13.681515   13.681373   13.681230   13.681092   13.681087   13.680723   13.680358   13.679991   13.678134   13.676236   13.672319   13.668241   13.663954   13.659374   13.654476   13.649232   13.643262   13.636705   13.629580   13.621787   13.612940   13.601126   13.325274   13.271359
   13.670578   13.670527   13.670448   13.670319   13.670189   13.670058   13.669928   13.669797   13.669666   13.669540   13.669536   13.669385   13.669235   13.669084   13.668933   13.668782   13.668636   13.668631   13.668245   13.667859   13.667471   13.665507   13.663504   13.659372   13.655080   13.650578   13.645777   13.640652   13.635174   13.628953   13.622108   13.614434   13.605713   13.354111   13.308020   13.258996   13.208467
   13.657521   13.657467   13.657385   13.657248   13.657111   13.656974   13.656837   13.656699   13.656561   13.656429   13.656424   13.656265   13.656107   13.655949   13.655789   13.655630   13.655478   13.655471   13.655066   13.654660   13.654252   13.652188   13.650084   13.645754   13.641260   13.636556   13.631547   13.626209   13.620453   13.613707   13.606033   13.357621   13.321559   13.284747   13.241896   13.195790   13.147033
   13.643795   13.643738   13.643652   13.643509   13.643365   13.643222   13.643078   13.642934   13.642790   13.642652   13.642646   13.642480   13.642314   13.642148   13.641982   13.641815   13.641656   13.641649   13.641226   13.640800   13.640374   13.638217   13.636019   13.631500   13.626819   13.621894   13.616520   13.610623   13.604125   13.351778   13.319862   13.287248   13.253752   13.219198   13.178699   13.132920   13.079338
   13.629436   13.629377   13.629288   13.629138   13.628988   13.628839   13.628689   13.628539   13.628389   13.628244   13.628239   13.628066   13.627893   13.627721   13.627547   13.627374   13.627207   13.627200   13.626760   13.626317   13.625873   13.623621   13.621301   13.616443   13.611277   13.605722   13.362075   13.336078   13.309663   13.281174   13.251501   13.220891   13.189218   13.155974   13.113531   13.062279   13.001979
   13.614157   13.614091   13.613992   13.613828   13.613663   13.613497   13.613331   13.613165   13.612998   13.612838   13.612831   13.612640   13.612448   13.612255   13.612062   13.611869   13.611683   13.611675   13.611182   13.610686   13.610188   13.607645   13.605021   13.359623   13.336634   13.313593   13.290076   13.266017   13.241352   13.214561   13.186477   13.157018   13.124200   13.087108   13.039167   12.980991   12.914364
   13.347206   13.346910   13.346467   13.345727   13.344987   13.344248   13.343508   13.342769   13.342030   13.341320   13.341290   13.340445   13.339600   13.338755   13.337910   13.337065   13.336254   13.336220   13.334088   13.331957   13.329826   13.319180   13.308539   13.287263   13.265991   13.244500   13.222418   13.199694   13.176283   13.150078   13.120556   13.087496   13.050224   13.007872   12.952875   12.891467   12.829473
   13.275278   13.275004   13.274593   13.273908   13.273223   13.272537   13.271852   13.271166   13.270480   13.269821   13.269794   13.269010   13.268225   13.267440   13.266656   13.265871   13.265118   13.265086   13.263105   13.261125   13.259142   13.249216   13.239263   13.219272   13.199181   13.178790   13.157437   13.134156   13.108632   13.078876   13.045193   13.007265   12.964220   12.917011   12.863270   12.806619   12.748773
   13.207498   13.207239   13.206850   13.206203   13.205554   13.204906   13.204257   13.203609   13.202960   13.202336   13.202311   13.201568   13.200826   13.200083   13.199340   13.198597   13.197883   13.197853   13.195978   13.194102   13.192225   13.182809   13.173349   13.153817   13.133097   13.110877   13.086607   13.059990   13.030675   12.996324   12.957173   12.915092   12.872369   12.828811   12.778908   12.725856   12.671290
   13.141335   13.141067   13.140662   13.139988   13.139312   13.138635   13.137956   13.137275   13.136593   13.135938   13.135910   13.135128   13.134343   13.133557   13.132770   13.131979   13.131220   13.131187   13.129186   13.127172   13.125145   13.114824   13.104180   13.081864   13.058099   13.032498   13.004395   12.973391   12.939370   12.902576   12.864635   12.825879   12.786175   12.745388   12.698434   12.648251   12.596380
   13.066939   13.066629   13.066164   13.065387   13.064609   13.063828   13.063046   13.062262   13.061475   13.060719   13.060688   13.059786   13.058881   13.057975   13.057066   13.056155   13.055278   13.055242   13.052933   13.050609   13.048269   13.036341   13.024009   12.998050   12.970240   12.940405   12.909844   12.878802   12.847210   12.813225   12.777914   12.741602   12.704192   12.665574   12.620994   12.573179   12.523452
   12.979744   12.979380   12.978831   12.977917   12.977000   12.976081   12.975160   12.974236   12.973310   12.972419   12.972382   12.971318   12.970252   12.969183   12.968111   12.967036   12.966002   12.965959   12.963236   12.960492   12.957729   12.943807   12.929924   12.902285   12.874804   12.847199   12.819008   12.790177   12.760661   12.728753   12.695440   12.661037   12.625460   12.588610   12.546001   12.499724   12.450814
   12.883019   12.882664   12.882130   12.881240   12.880349   12.879459   12.878570   12.877680   12.876789   12.875935   12.875899   12.874884   12.873867   12.872851   12.871836   12.870820   12.869845   12.869804   12.867254   12.864703   12.862153   12.849401   12.836646   12.811120   12.785585   12.759799   12.733341   12.706169   12.678245   12.647963   12.616247   12.583397   12.549334   12.513713   12.471923   12.426277   12.378070
   12.792402   12.792071   12.791574   12.790746   12.789917   12.789088   12.788260   12.787430   12.786601   12.785805   12.785771   12.784825   12.783878   12.782931   12.781985   12.781038   12.780128   12.780091   12.777714   12.775335   12.772957   12.761044   12.749101   12.725124   12.701049   12.676650   12.651541   12.625680   12.599033   12.570078   12.539660   12.507788   12.474285   12.439041   12.397772   12.352745   12.305268
   12.706734   12.706421   12.705952   12.705169   12.704387   12.703604   12.702821   12.702037   12.701254   12.700501   12.700470   12.699575   12.698681   12.697786   12.696892   12.695996   12.695137   12.695102   12.692856   12.690608   12.688358   12.677086   12.665769   12.643000   12.620076   12.596790   12.572774   12.547989   12.522250   12.493956   12.463903   12.432344   12.399182   12.364311   12.323570   12.279242   12.232574
   12.624802   12.624504   12.624057   12.623310   12.622564   12.621818   12.621071   12.620324   12.619576   12.618858   12.618829   12.617976   12.617123   12.616269   12.615416   12.614562   12.613742   12.613708   12.611567   12.609423   12.607277   12.596518   12.585703   12.563913   12.541921   12.519382   12.495898   12.471420   12.445903   12.417868   12.388103   12.356853   12.324045   12.289607   12.249491   12.205882   12.159994
   12.545818   12.545531   12.545101   12.544383   12.543665   12.542946   12.542227   12.541507   12.540787   12.540094   12.540066   12.539243   12.538420   12.537597   12.536773   12.535948   12.535155   12.535122   12.533053   12.530981   12.528904   12.518459   12.507912   12.486512   12.464731   12.442376   12.419086   12.394815   12.369518   12.341743   12.312292   12.281423   12.249051   12.215080   12.175570   12.132646   12.087347
   12.467957   12.467672   12.467245   12.466532   12.465818   12.465105   12.464391   12.463675   12.462960   12.462273   12.462244   12.461428   12.460610   12.459792   12.458974   12.458156   12.457369   12.457336   12.455284   12.453228   12.451167   12.440805   12.430343   12.409115   12.387510   12.365337   12.342243   12.318200   12.293172   12.265735   12.236658   12.206187   12.174238   12.140718   12.101695   12.059181   12.014313
   12.390068   12.389785   12.389360   12.388653   12.387944   12.387235   12.386525   12.385816   12.385105   12.384422   12.384395   12.383583   12.382772   12.381961   12.381148   12.380335   12.379555   12.379522   12.377486   12.375446   12.373403   12.363124   12.352745   12.331697   12.310297   12.288355   12.265526   12.241766   12.217033   12.189932   12.161218   12.131119   12.099482   12.066195   12.027472   11.985335   11.940900
   12.312185   12.311905   12.311484   12.310782   12.310081   12.309378   12.308675   12.307971   12.307266   12.306590   12.306562   12.305758   12.304955   12.304151   12.303347   12.302541   12.301767   12.301735   12.299720   12.297702   12.295679   12.285511   12.275248   12.254441   12.233285   12.211594   12.189026   12.165539   12.141091   12.114264   12.085769   12.055836   12.024377   11.991295   11.952881   11.911222   11.867714
   12.234511   12.234234   12.233818   12.233123   12.232429   12.231732   12.231037   12.230340   12.229644   12.228974   12.228946   12.228151   12.227356   12.226561   12.225764   12.224968   12.224202   12.224171   12.222178   12.220182   12.218183   12.208129   12.197982   12.177408   12.156488   12.135032   12.112665   12.089337   12.065003   12.038298   12.009947   11.980178   11.948907   11.916107   11.878375   11.837741   11.795307
   12.157063   12.156789   12.156376   12.155688   12.155001   12.154312   12.153624   12.152934   12.152244   12.151581   12.151553   12.150767   12.149981   12.149193   12.148405   12.147616   12.146859   12.146828   12.144856   12.142882   12.140903   12.130950   12.120893   12.100471   12.079662   12.058284   12.036000   12.012765   11.988535   11.961961   11.933768   11.904318   11.873600   11.841545   11.804708   11.765042   11.723593
   12.079591   12.079317   12.078906   12.078220   12.077535   12.076848   12.076161   12.075474   12.074786   12.074125   12.074098   12.073314   12.072529   12.071743   12.070957   12.070171   12.069415   12.069384   12.067420   12.065452   12.063479   12.053558   12.043535   12.023185   12.002451   11.981154   11.958961   11.935828   11.911804   11.885622   11.858013   11.829221   11.799181   11.767825   11.731822   11.692527   11.650249
   12.001729   12.001455   12.001046   12.000362   11.999678   11.998993   11.998308   11.997622   11.996936   11.996277   11.996249   11.995467   11.994685   11.993902   11.993118   11.992334   11.991581   11.991549   11.989593   11.987631   11.985666   11.975781   11.965795   11.945522   11.924900   11.903821   11.881967   11.859303   11.835798   11.810182   11.783166   11.754984   11.725566   11.694383   11.657708   11.617136   11.573512
   11.923528   11.923256   11.922850   11.922171   11.921492   11.920812   11.920132   11.919451   11.918771   11.918117   11.918089   11.917315   11.916538   11.915763   11.914986   11.914209   11.913463   11.913432   11.911495   11.909555   11.907613   11.897855   11.888019   11.868119   11.847940   11.827309   11.805914   11.783720   11.760697   11.735607   11.708964   11.680595   11.650343   11.618038   11.580095   11.538154 -999.000000
   11.845952   11.845687   11.845288   11.844623   11.843958   11.843292   11.842626   11.841960   11.841292   11.840652   11.840626   11.839867   11.839107   11.838346   11.837586   11.836825   11.836095   11.836064   11.834169   11.832271   11.830369   11.820817   11.811188   11.791701   11.771934   11.751719   11.730749   11.708810   11.685654   11.659956   11.632316   11.602878   11.571488   11.537976 -999.000000 -999.000000 -999.000000
   11.769356   11.769095   11.768704   11.768052   11.767400   11.766747   11.766094   11.765440   11.764787   11.764158   11.764132   11.763388   11.762643   11.761898   11.761152   11.760406   11.759689   11.759660   11.757803   11.755943   11.754080   11.744719   11.735281   11.716095   11.696342   11.675824   11.654200   11.631390   11.607313   11.580604   11.551877 -999.000000 -999.000000 -999.000000 -999.000000 -999.000000 -999.000000
   11.693102   11.692839   11.692444   11.691784   11.691124   11.690463   11.689801   11.689139   11.688476   11.687839   11.687812   11.687057   11.686300   11.685544   11.684786   11.684027   11.683297   11.683268   11.681376   11.679480   11.677577   11.667976   11.658224   11.638263   11.617699   11.596336   11.573820   11.550068   11.524996 -999.000000 -999.000000 -999.000000 -999.000000 -999.000000 -999.000000 -999.000000 -999.000000
   11.613623   11.613348   11.612936   11.612247   11.611559   11.610869   11.610180   11.609488   11.608797   11.608131   11.608104   11.607316   11.606528   11.605739   11.604948   11.604156   11.603395   11.603364   11.601394   11.599417   11.597434   11.587426   11.577260   11.556448   11.535005 -999.000000 -999.000000 -999.000000 -999.000000 -999.000000 -999.000000 -999.000000 -999.000000 -999.000000 -999.000000 -999.000000 -999.000000
   11.529971   11.529684   11.529253   11.528534   11.527814   11.527094   11.526373   11.525650   11.524927   11.524232   11.524203   11.523380   11.522556   11.521731 -999.000000 -999.000000 -999.000000 -999.000000 -999.000000 -999.000000 -999.000000 -999.000000 -999.000000 -999.000000 -999.000000 -999.000000 -999.000000 -999.000000 -999.000000 -999.000000 -999.000000 -999.000000 -999.000000 -999.000000 -999.000000 -999.000000 -999.000000
#
# dtdh (rows - delta, columns - depth)
#
 -999.000000 -999.000000 -999.000000 -999.000000 -999.000000 -999.000000 -999.000000 -999.000000 -999.000000 -999.000000 -999.000000 -999.000000 -999.000000 -999.000000 -999.000000 -999.000000 -999.000000 -999.000000 -999.000000 -999.000000 -999.000000 -999.000000 -999.000000 -999.000000 -999.000000 -999.000000 -999.000000 -999.000000 -999.000000 -999.000000 -999.000000 -999.000000 -999.000000 -999.000000 -999.000000   -0.080607   -0.075319
 -999.000000 -999.000000 -999.000000 -999.000000 -999.000000 -999.000000 -999.000000 -999.000000 -999.000000 -999.000000 -999.000000 -999.000000 -999.000000 -999.000000 -999.000000 -999.000000 -999.000000 -999.000000 -999.000000 -999.000000 -999.000000 -999.000000 -999.000000 -999.000000 -999.000000 -999.000000 -999.000000 -999.000000 -999.000000 -999.000000 -999.000000 -999.000000 -999.000000 -999.000000   -0.089323   -0.080619   -0.075353
 -999.000000 -999.000000 -999.000000 -999.000000 -999.000000 -999.000000 -999.000000 -999.000000 -999.000000 -999.000000 -999.000000 -999.000000 -999.000000 -999.000000 -999.000000 -999.000000 -999.000000 -999.000000 -999.000000 -999.000000 -999.000000 -999.000000 -999.000000 -999.000000 -999.000000 -999.000000 -999.000000 -999.000000 -999.000000 -999.000000 -999.000000 -999.000000 -999.000000   -0.114713   -0.089337   -0.080653   -0.075410
 -999.000000 -999.000000 -999.000000 -999.000000 -999.000000 -999.000000 -999.000000 -999.000000 -999.000000 -999.000000 -999.000000 -999.000000 -999.000000 -999.000000 -999.000000 -999.000000 -999.000000 -999.000000 -999.000000 -999.000000 -999.000000 -999.000000 -999.000000 -999.000000 -999.000000 -999.000000 -999.000000 -999.000000 -999.000000 -999.000000 -999.000000   -0.128030   -0.121418   -0.114727   -0.089370   -0.080706   -0.075489
 -999.000000 -999.000000 -999.000000 -999.000000 -999.000000 -999.000000 -999.000000 -999.000000 -999.000000 -999.000000 -999.000000 -999.000000 -999.000000 -999.000000 -999.000000 -999.000000 -999.000000 -999.000000 -999.000000 -999.000000 -999.000000 -999.000000 -999.000000 -999.000000 -999.000000 -999.000000 -999.000000 -999.000000 -999.000000   -0.141143   -0.134597   -0.128042   -0.121438   -0.114756   -0.089421   -0.080780   -0.075588
 -999.000000 -999.000000 -999.000000 -999.000000 -999.000000 -999.000000 -999.000000 -999.000000 -999.000000 -999.000000 -999.000000 -999.000000 -999.000000 -999.000000 -999.000000 -999.000000 -999.000000 -999.000000 -999.000000 -999.000000 -999.000000 -999.000000 -999.000000 -999.000000 -999.000000 -999.000000   -0.169814   -0.164023   -0.158279   -0.141153   -0.134613   -0.128065   -0.121470   -0.114799   -0.089489   -0.080872   -0.075706
 -999.000000 -999.000000 -999.000000 -999.000000 -999.000000 -999.000000 -999.000000 -999.000000 -999.000000 -999.000000 -999.000000 -999.000000 -999.000000 -999.000000 -999.000000 -999.000000 -999.000000 -999.000000 -999.000000 -999.000000 -999.000000 -999.000000 -999.000000   -0.182220   -0.180903   -0.175670   -0.169820   -0.164033   -0.158293   -0.141174   -0.134641   -0.128101   -0.121515   -0.114854   -0.089573   -0.080982   -0.075843
   -0.270697   -0.270688   -0.270675   -0.270653   -0.270630   -0.270608   -0.270586   -0.270563   -0.270541   -0.270520   -0.236039   -0.236013   -0.235988   -0.235962   -0.235936   -0.235910   -0.235886   -0.185952   -0.185780   -0.185608   -0.185436   -0.184572   -0.183704   -0.182226   -0.180911   -0.175681   -0.169835   -0.164052   -0.158317   -0.141205   -0.134679   -0.128148   -0.121571   -0.114923   -0.089674   -0.081110   -0.075999
   -0.270701   -0.270692   -0.270679   -0.270657   -0.270635   -0.270613   -0.270590   -0.270568   -0.270546   -0.270524   -0.236044   -0.236019   -0.235993   -0.235967   -0.235942   -0.235916   -0.235891   -0.185959   -0.185788   -0.185616   -0.185444   -0.184581   -0.183714   -0.182239   -0.180927   -0.175700   -0.169858   -0.164079   -0.158349   -0.141247   -0.134729   -0.128206   -0.121640   -0.115003   -0.089790   -0.081255   -0.076173
   -0.270710   -0.270701   -0.270688   -0.270666   -0.270644   -0.270622   -0.270600   -0.270577   -0.270555   -0.270534   -0.236055   -0.236030   -0.236004   -0.235979   -0.235953   -0.235927   -0.235903   -0.185974   -0.185803   -0.185631   -0.185459   -0.184598   -0.183732   -0.182260   -0.180950   -0.175727   -0.169889   -0.164115   -0.158390   -0.141298   -0.134788   -0.128274   -0.121719   -0.115096   -0.089921   -0.081416   -0.076364
   -0.270724   -0.270715   -0.270702   -0.270680   -0.270658   -0.270636   -0.270614   -0.270592   -0.270569   -0.270548   -0.236072   -0.236046   -0.236021   -0.235995   -0.235970   -0.235944   -0.235920   -0.185995   -0.185824   -0.185653   -0.185481   -0.184621   -0.183757   -0.182287   -0.180981   -0.175762   -0.169928   -0.164159   -0.158440   -0.141359   -0.134857   -0.128353   -0.121810   -0.115200   -0.090068   -0.081594   -0.076572
   -0.270742   -0.270734   -0.270721   -0.270699   -0.270677   -0.270654   -0.270632   -0.270610   -0.270588   -0.270567   -0.236093   -0.236068   -0.236043   -0.236017   -0.235992   -0.235966   -0.235942   -0.186023   -0.185853   -0.185681   -0.185510   -0.184652   -0.183788   -0.182322   -0.181018   -0.175804   -0.169975   -0.164211   -0.158498   -0.141428   -0.134936   -0.128443   -0.121911   -0.115316   -0.090228   -0.081787   -0.076796
   -0.270765   -0.270757   -0.270743   -0.270721   -0.270700   -0.270678   -0.270656   -0.270634   -0.270612   -0.270590   -0.236120   -0.236095   -0.236069   -0.236044   -0.236019   -0.235993   -0.235969   -0.186058   -0.185887   -0.185717   -0.185546   -0.184688   -0.183827   -0.182363   -0.181063   -0.175852   -0.170029   -0.164271   -0.158563   -0.141507   -0.135024   -0.128542   -0.122023   -0.115442   -0.090403   -0.081995   -0.077031
   -0.270792   -0.270784   -0.270771   -0.270749   -0.270727   -0.270705   -0.270683   -0.270661   -0.270639   -0.270618   -0.236152   -0.236126   -0.236101   -0.236076   -0.236051   -0.236025   -0.236001   -0.186099   -0.185928   -0.185758   -0.185587   -0.184732   -0.183871   -0.182411   -0.181114   -0.175908   -0.170090   -0.164337   -0.158637   -0.141594   -0.135121   -0.128651   -0.122146   -0.115580   -0.090590   -0.082213   -0.077278
   -0.270824   -0.270815   -0.270802   -0.270780   -0.270758   -0.270736   -0.270715   -0.270693   -0.270671   -0.270650   -0.236188   -0.236163   -0.236138   -0.236113   -0.236087   -0.236062   -0.236038   -0.186145   -0.185976   -0.185805   -0.185635   -0.184781   -0.183922   -0.182465   -0.181171   -0.175970   -0.170158   -0.164412   -0.158718   -0.141691   -0.135228   -0.128770   -0.122277   -0.115726   -0.090787   -0.082442   -0.077535
   -0.270859   -0.270850   -0.270837   -0.270815   -0.270794   -0.270772   -0.270750   -0.270728   -0.270707   -0.270686   -0.236229   -0.236204   -0.236179   -0.236154   -0.236129   -0.236104   -0.236080   -0.186198   -0.186029   -0.185859   -0.185689   -0.184836   -0.183979   -0.182525   -0.181235   -0.176039   -0.170233   -0.164493   -0.158807   -0.141795   -0.135343   -0.128896   -0.122417   -0.115880   -0.090993   -0.082681   -0.077803
   -0.270898   -0.270890   -0.270877   -0.270855   -0.270833   -0.270812   -0.270790   -0.270768   -0.270746   -0.270726   -0.236275   -0.236250   -0.236225   -0.236200   -0.236175   -0.236150   -0.236126   -0.186257   -0.186088   -0.185918   -0.185749   -0.184898   -0.184042   -0.182592   -0.181305   -0.176115   -0.170314   -0.164582   -0.158902   -0.141906   -0.135465   -0.129029   -0.122563   -0.116042   -0.091208   -0.082930   -0.078095
   -0.270942   -0.270933   -0.270920   -0.270899   -0.270877   -0.270855   -0.270834   -0.270812   -0.270790   -0.270770   -0.236325   -0.236301   -0.236276   -0.236251   -0.236226   -0.236201   -0.236177   -0.186322   -0.186153   -0.185984   -0.185814   -0.184965   -0.184112   -0.182665   -0.181381   -0.176196   -0.170402   -0.164675   -0.159003   -0.142024   -0.135593   -0.129169   -0.122716   -0.116210   -0.091434   -0.083204   -0.082860
   -0.270989   -0.270980   -0.270967   -0.270946   -0.270924   -0.270903   -0.270881   -0.270860   -0.270838   -0.270817   -0.236380   -0.236356   -0.236331   -0.236306   -0.236281   -0.236256   -0.236232   -0.186392   -0.186223   -0.186054   -0.185886   -0.185038   -0.184186   -0.182742   -0.181462   -0.176283   -0.170494   -0.164774   -0.159109   -0.142147   -0.135726   -0.129315   -0.122876   -0.116389   -0.091685   -0.087775   -0.083973
   -0.271039   -0.271031   -0.271018   -0.270996   -0.270975   -0.270954   -0.270932   -0.270911   -0.270889   -0.270868   -0.236439   -0.236414   -0.236389   -0.236365   -0.236340   -0.236315   -0.236291   -0.186467   -0.186298   -0.186130   -0.185961   -0.185115   -0.184265   -0.182825   -0.181548   -0.176373   -0.170591   -0.164878   -0.159220   -0.142275   -0.135866   -0.129469   -0.123051   -0.119359   -0.095975   -0.088811   -0.085016
   -0.271092   -0.271084   -0.271071   -0.271050   -0.271028   -0.271007   -0.270986   -0.270964   -0.270943   -0.270922   -0.236500   -0.236476   -0.236451   -0.236427   -0.236402   -0.236377   -0.236354   -0.186545   -0.186378   -0.186209   -0.186041   -0.185196   -0.184348   -0.182911   -0.181637   -0.176468   -0.170692   -0.164986   -0.159336   -0.142412   -0.136019   -0.132035   -0.126078   -0.120132   -0.096904   -0.089784   -0.086017
   -0.271148   -0.271140   -0.271127   -0.271106   -0.271085   -0.271063   -0.271042   -0.271021   -0.270999   -0.270979   -0.236565   -0.236541   -0.236516   -0.236492   -0.236467   -0.236442   -0.236419   -0.186628   -0.186461   -0.186293   -0.186125   -0.185282   -0.184435   -0.183001   -0.181731   -0.176568   -0.170799   -0.165103   -0.159464   -0.144715   -0.138691   -0.132722   -0.126781   -0.120856   -0.097780   -0.090737   -0.087102
   -0.271207   -0.271198   -0.271186   -0.271164   -0.271143   -0.271122   -0.271101   -0.271079   -0.271058   -0.271038   -0.236633   -0.236608   -0.236584   -0.236559   -0.236535   -0.236511   -0.236487   -0.186714   -0.186547   -0.186380   -0.186212   -0.185371   -0.184526   -0.183096   -0.181831   -0.176677   -0.172580   -0.167119   -0.161736   -0.145323   -0.139313   -0.133362   -0.127442   -0.121546   -0.098670   -0.091790   -0.088318
   -0.271269   -0.271260   -0.271248   -0.271227   -0.271206   -0.271185   -0.271163   -0.271142   -0.271121   -0.271101   -0.236705   -0.236681   -0.236656   -0.236632   -0.236608   -0.236583   -0.236560   -0.186807   -0.186640   -0.186473   -0.186306   -0.185468   -0.184626   -0.184694   -0.183577   -0.178616   -0.173074   -0.167623   -0.162252   -0.145890   -0.139899   -0.133973   -0.128102   -0.122289   -0.099671   -0.092981   -0.089668
   -0.272340   -0.272332   -0.272322   -0.272304   -0.272286   -0.272268   -0.272250   -0.272232   -0.272214   -0.272197   -0.237960   -0.237940   -0.237919   -0.237899   -0.237879   -0.237859   -0.237839   -0.188425   -0.188271   -0.188118   -0.187964   -0.187194   -0.186421   -0.185136   -0.184018   -0.179066   -0.173535   -0.168097   -0.162739   -0.146435   -0.140489   -0.134631   -0.128845   -0.123134   -0.100813   -0.094266   -0.090948
   -0.272624   -0.272617   -0.272606   -0.272588   -0.272570   -0.272552   -0.272534   -0.272517   -0.272499   -0.272481   -0.238285   -0.238265   -0.238245   -0.238224   -0.238204   -0.238184   -0.238165   -0.188835   -0.188682   -0.188528   -0.188374   -0.187605   -0.186832   -0.185548   -0.184432   -0.179490   -0.173974   -0.168561   -0.163241   -0.147031   -0.141155   -0.135382   -0.129698   -0.124090   -0.101977   -0.095460   -0.092140
   -0.272890   -0.272883   -0.272872   -0.272854   -0.272837   -0.272819   -0.272801   -0.272783   -0.272765   -0.272748   -0.238590   -0.238570   -0.238550   -0.238529   -0.238509   -0.238489   -0.238470   -0.189220   -0.189067   -0.188913   -0.188760   -0.187992   -0.187221   -0.185943   -0.184838   -0.179925   -0.174450   -0.169082   -0.163814   -0.147714   -0.141925   -0.136234   -0.130597   -0.125004   -0.103054   -0.096576   -0.093264
   -0.273148   -0.273141   -0.273131   -0.273113   -0.273096   -0.273078   -0.273061   -0.273043   -0.273026   -0.273009   -0.238888   -0.238868   -0.238849   -0.238829   -0.238809   -0.238789   -0.238771   -0.189599   -0.189447   -0.189295   -0.189144   -0.188385   -0.187626   -0.186373   -0.185295   -0.180423   -0.174996   -0.169685   -0.164480   -0.148482   -0.142725   -0.137048   -0.131429   -0.125857   -0.104065   -0.097629   -0.094331
   -0.273437   -0.273430   -0.273420   -0.273403   -0.273386   -0.273369   -0.273352   -0.273335   -0.273319   -0.273302   -0.239223   -0.239204   -0.239186   -0.239167   -0.239148   -0.239129   -0.239111   -0.190027   -0.189878   -0.189729   -0.189580   -0.188836   -0.188091   -0.186869   -0.185826   -0.181003   -0.175619   -0.170336   -0.165143   -0.149205   -0.143465   -0.137808   -0.132210   -0.126663   -0.105022   -0.098632   -0.095353
   -0.273772   -0.273766   -0.273756   -0.273740   -0.273724   -0.273708   -0.273692   -0.273676   -0.273660   -0.273644   -0.239614   -0.239596   -0.239578   -0.239561   -0.239543   -0.239525   -0.239508   -0.190526   -0.190381   -0.190235   -0.190090   -0.189362   -0.188632   -0.187432   -0.186398   -0.181584   -0.176211   -0.170939   -0.165760   -0.149880   -0.144161   -0.138525   -0.132951   -0.127430   -0.105935   -0.099597   -0.096354
   -0.274142   -0.274135   -0.274126   -0.274110   -0.274094   -0.274078   -0.274062   -0.274046   -0.274030   -0.274015   -0.240037   -0.240020   -0.240002   -0.239984   -0.239966   -0.239949   -0.239931   -0.191059   -0.190913   -0.190768   -0.190622   -0.189894   -0.189163   -0.187961   -0.186926   -0.182123   -0.176763   -0.171506   -0.166341   -0.150519   -0.144821   -0.139209   -0.133660   -0.128168   -0.106824   -0.100547   -0.097340
   -0.274485   -0.274478   -0.274469   -0.274453   -0.274437   -0.274421   -0.274405   -0.274389   -0.274374   -0.274358   -0.240429   -0.240411   -0.240394   -0.240376   -0.240358   -0.240340   -0.240323   -0.191550   -0.191405   -0.191260   -0.191115   -0.190387   -0.189657   -0.188456   -0.187423   -0.182631   -0.177285   -0.172043   -0.166895   -0.151129   -0.145453   -0.139868   -0.134351   -0.128895   -0.107702   -0.101484   -0.098311
   -0.274806   -0.274800   -0.274791   -0.274775   -0.274759   -0.274743   -0.274727   -0.274712   -0.274696   -0.274681   -0.240797   -0.240779   -0.240761   -0.240744   -0.240726   -0.240708   -0.240691   -0.192012   -0.191867   -0.191722   -0.191577   -0.190851   -0.190122   -0.188924   -0.187893   -0.183115   -0.177784   -0.172557   -0.167426   -0.151719   -0.146072   -0.140518   -0.135034   -0.129614   -0.108568   -0.102407   -0.099266
   -0.275111   -0.275105   -0.275096   -0.275080   -0.275065   -0.275049   -0.275033   -0.275017   -0.275002   -0.274987   -0.241146   -0.241128   -0.241111   -0.241093   -0.241076   -0.241058   -0.241041   -0.192450   -0.192306   -0.192161   -0.192016   -0.191292   -0.190566   -0.189371   -0.188344   -0.183579   -0.178266   -0.173059   -0.167949   -0.152303   -0.146685   -0.141161   -0.135711   -0.130324   -0.109420   -0.103314   -0.100205
   -0.275404   -0.275397   -0.275388   -0.275373   -0.275357   -0.275341   -0.275326   -0.275310   -0.275295   -0.275280   -0.241480   -0.241463   -0.241445   -0.241428   -0.241410   -0.241393   -0.241376   -0.192870   -0.192726   -0.192582   -0.192437   -0.191716   -0.190993   -0.189805   -0.188785   -0.184038   -0.178743   -0.173557   -0.168468   -0.152881   -0.147292   -0.141798   -0.136378   -0.131025   -0.110259   -0.104207   -0.101131
   -0.275689   -0.275683   -0.275674   -0.275659   -0.275643   -0.275628   -0.275613   -0.275597   -0.275582   -0.275567   -0.241808   -0.241790   -0.241773   -0.241756   -0.241739   -0.241722   -0.241705   -0.193281   -0.193138   -0.192995   -0.192852   -0.192134   -0.191415   -0.190235   -0.189223   -0.184492   -0.179217   -0.174050   -0.168982   -0.153453   -0.147891   -0.142426   -0.137037   -0.131717   -0.111086   -0.105089   -0.102047
   -0.275973   -0.275967   -0.275958   -0.275943   -0.275928   -0.275913   -0.275898   -0.275882   -0.275867   -0.275853   -0.242133   -0.242116   -0.242099   -0.242082   -0.242065   -0.242048   -0.242032   -0.193690   -0.193547   -0.193405   -0.193262   -0.192549   -0.191834   -0.190662   -0.189657   -0.184942   -0.179685   -0.174538   -0.169489   -0.154017   -0.148482   -0.143046   -0.137688   -0.132402   -0.111906   -0.105963   -0.102954
   -0.276255   -0.276249   -0.276240   -0.276225   -0.276210   -0.276195   -0.276180   -0.276165   -0.276150   -0.276136   -0.242456   -0.242439   -0.242422   -0.242406   -0.242389   -0.242372   -0.242356   -0.194094   -0.193953   -0.193811   -0.193669   -0.192960   -0.192249   -0.191084   -0.190086   -0.185387   -0.180148   -0.175020   -0.169991   -0.154575   -0.149068   -0.143661   -0.138335   -0.133082   -0.112719   -0.106828   -0.103846
   -0.276534   -0.276528   -0.276519   -0.276505   -0.276490   -0.276475   -0.276460   -0.276445   -0.276431   -0.276416   -0.242775   -0.242759   -0.242742   -0.242726   -0.242709   -0.242693   -0.242677   -0.194495   -0.194354   -0.194213   -0.194072   -0.193366   -0.192659   -0.191501   -0.190510   -0.185827   -0.180606   -0.175497   -0.170489   -0.155130   -0.149650   -0.144273   -0.138978   -0.133758   -0.113520   -0.107673   -0.104714
   -0.276810   -0.276804   -0.276796   -0.276781   -0.276766   -0.276752   -0.276737   -0.276723   -0.276708   -0.276694   -0.243091   -0.243075   -0.243059   -0.243042   -0.243026   -0.243010   -0.242994   -0.194891   -0.194751   -0.194610   -0.194470   -0.193768   -0.193064   -0.191914   -0.190931   -0.186264   -0.181062   -0.175973   -0.170985   -0.155682   -0.150230   -0.144880   -0.139613   -0.134421   -0.114301   -0.108498   -0.105563
   -0.277084   -0.277079   -0.277070   -0.277056   -0.277041   -0.277027   -0.277013   -0.276998   -0.276984   -0.276970   -0.243405   -0.243389   -0.243373   -0.243357   -0.243341   -0.243325   -0.243309   -0.195284   -0.195144   -0.195005   -0.194866   -0.194167   -0.193468   -0.192326   -0.191350   -0.186700   -0.181516   -0.176446   -0.171478   -0.156229   -0.150800   -0.145475   -0.140233   -0.135068   -0.115065   -0.109309   -0.106418
   -0.277358   -0.277352   -0.277344   -0.277330   -0.277315   -0.277301   -0.277287   -0.277273   -0.277259   -0.277245   -0.243718   -0.243702   -0.243687   -0.243671   -0.243655   -0.243639   -0.243624   -0.195675   -0.195537   -0.195398   -0.195260   -0.194566   -0.193870   -0.192736   -0.191768   -0.187133   -0.181966   -0.176913   -0.171962   -0.156763   -0.151358   -0.146057   -0.140841   -0.135707   -0.115831   -0.110141   -0.107300
   -0.277630   -0.277625   -0.277617   -0.277603   -0.277589   -0.277575   -0.277561   -0.277547   -0.277533   -0.277519   -0.244030   -0.244014   -0.243999   -0.243983   -0.243968   -0.243952   -0.243937   -0.196065   -0.195928   -0.195790   -0.195652   -0.194961   -0.194269   -0.193141   -0.192179   -0.187557   -0.182407   -0.177369   -0.172436   -0.157287   -0.151905   -0.146634   -0.141455   -0.136363   -0.116623   -0.111001 -999.000000
   -0.277899   -0.277893   -0.277885   -0.277871   -0.277858   -0.277844   -0.277830   -0.277816   -0.277802   -0.277789   -0.244337   -0.244321   -0.244306   -0.244291   -0.244275   -0.244260   -0.244245   -0.196448   -0.196311   -0.196174   -0.196036   -0.195349   -0.194660   -0.193538   -0.192581   -0.187973   -0.182838   -0.177818   -0.172905   -0.157813   -0.152465   -0.147230   -0.142091   -0.137043 -999.000000 -999.000000 -999.000000
   -0.278162   -0.278157   -0.278148   -0.278135   -0.278121   -0.278108   -0.278094   -0.278080   -0.278067   -0.278053   -0.244637   -0.244622   -0.244607   -0.244592   -0.244576   -0.244561   -0.244546   -0.196823   -0.196686   -0.196550   -0.196413   -0.195729   -0.195043   -0.193927   -0.192977   -0.188387   -0.183274   -0.178278   -0.173390   -0.158359   -0.153046 -999.000000 -999.000000 -999.000000 -999.000000 -999.000000 -999.000000
   -0.278422   -0.278417   -0.278409   -0.278395   -0.278382   -0.278368   -0.278355   -0.278342   -0.278328   -0.278315   -0.244935   -0.244920   -0.244905   -0.244890   -0.244875   -0.244860   -0.244846   -0.197195   -0.197059   -0.196923   -0.196788   -0.196108   -0.195429   -0.194324   -0.193387   -0.188817   -0.183727   -0.178756   -0.173895 -999.000000 -999.000000 -999.000000 -999.000000 -999.000000 -999.000000 -999.000000 -999.000000
   -0.278691   -0.278686   -0.278678   -0.278665   -0.278652   -0.278639   -0.278625   -0.278612   -0.278599   -0.278587   -0.245243   -0.245229   -0.245214   -0.245199   -0.245185   -0.245170   -0.245156   -0.197580   -0.197446   -0.197311   -0.197177   -0.196503   -0.195830   -0.194738   -0.193813 -999.000000 -999.000000 -999.000000 -999.000000 -999.000000 -999.000000 -999.000000 -999.000000 -999.000000 -999.000000 -999.000000 -999.000000
   -0.278972   -0.278967   -0.278959   -0.278946   -0.278933   -0.278921   -0.278908   -0.278895   -0.278882   -0.278870   -0.245565   -0.245551   -0.245537   -0.245522 -999.000000 -999.000000 -999.000000 -999.000000 -999.000000 -999.000000 -999.000000 -999.000000 -999.000000 -999.000000 -999.000000 -999.000000 -999.000000 -999.000000 -999.000000 -999.000000 -999.000000 -999.000000 -999.000000 -999.000000 -999.000000 -999.000000 -999.000000
#
# iasp91 travel-time table for SPn
#
