#
# iasp91 travel-time table for PKKSab
#
# number of distance and depth samples
9 37
# delta samples
141.000 142.000 143.000 144.000 145.000 146.000 147.000 148.000 149.000 
# depth samples
    0.000000    1.000000    2.500000    5.000000    7.500000   10.000000   12.500000   15.000000   17.500000   19.900000   20.000000   22.500000   25.000000   27.500000   30.000000   32.500000   34.900000   35.000000   40.000000   45.000000   50.000000   75.000000  100.000000  150.000000  200.000000  250.000000  300.000000  350.000000  400.000000  450.000000  500.000000  550.000000  600.000000  650.000000  700.000000  750.000000  800.000000
#
# travel times (rows - delta, columns - depth)
#
 1895.873169 1895.705444 1895.453857 1895.034546 1894.615234 1894.195923 1893.776733 1893.357422 1892.938110 1892.535645 1892.518921 1892.147583 1891.776245 1891.404907 1891.033569 1890.662231 1890.305786 1890.291016 1889.702393 1889.113892 1888.525513 1885.585205 1882.647583 1876.799927 1871.059937 1865.444580 -999.000000 -999.000000 -999.000000 -999.000000 -999.000000 -999.000000 -999.000000 -999.000000 -999.000000 -999.000000 -999.000000
 1891.436035 1891.268311 1891.016724 1890.597412 1890.178101 1889.758789 1889.339478 1888.920166 1888.500854 1888.098389 1888.081665 1887.710205 1887.338867 1886.967529 1886.596191 1886.224854 1885.868408 1885.853638 1885.265015 1884.676392 1884.088013 1881.147583 1878.209717 1872.361816 1866.621582 1861.006104 1855.532959 1850.197998 1844.996826 1840.089966 1835.335938 -999.000000 -999.000000 -999.000000 -999.000000 -999.000000 -999.000000
 1887.002686 1886.834961 1886.583374 1886.164062 1885.744629 1885.325317 1884.906006 1884.486694 1884.067383 1883.664917 1883.648071 1883.276733 1882.905273 1882.533936 1882.162598 1881.791138 1881.434692 1881.419922 1880.831177 1880.242554 1879.654175 1876.713257 1873.775024 1867.926392 1862.185669 1856.569580 1851.095947 1845.760498 1840.558838 1835.651611 1830.897339 1826.250732 1821.709106 1817.270508 1813.168091 -999.000000 -999.000000
 1882.576538 1882.408813 1882.157104 1881.737793 1881.318359 1880.898926 1880.479614 1880.060303 1879.640869 1879.238281 1879.221558 1878.850098 1878.478638 1878.107178 1877.735840 1877.364380 1877.007812 1876.993042 1876.404175 1875.815430 1875.226807 1872.285400 1869.346558 1863.496704 1857.754639 1852.137451 1846.662842 1841.326416 1836.123901 1831.215942 1826.460815 1821.813477 1817.271362 1812.832275 1808.729492 1804.763184 1800.865112
 1878.162476 1877.994629 1877.742920 1877.323486 1876.904053 1876.484497 1876.065063 1875.645630 1875.226196 1874.823608 1874.806763 1874.435181 1874.063721 1873.692139 1873.320679 1872.949219 1872.592529 1872.577759 1871.988647 1871.399658 1870.810913 1867.868286 1864.928345 1859.076538 1853.332520 1847.713501 1842.237061 1836.899048 1831.694946 1826.785400 1822.028931 1817.380249 1812.836914 1808.396729 1804.292969 1800.325928 1796.427246
 1873.769043 1873.601196 1873.349487 1872.929810 1872.510254 1872.090576 1871.671021 1871.251343 1870.831787 1870.429077 1870.412231 1870.040527 1869.668823 1869.297119 1868.925537 1868.553833 1868.197021 1868.182251 1867.592773 1867.003418 1866.414185 1863.469604 1860.527954 1854.672485 1848.925293 1843.303101 1837.823730 1832.482910 1827.276123 1822.364014 1817.605103 1812.954102 1808.408691 1803.966675 1799.861084 1795.892456 1791.992310
 -999.000000 -999.000000 -999.000000 -999.000000 -999.000000 -999.000000 -999.000000 -999.000000 -999.000000 -999.000000 -999.000000 -999.000000 -999.000000 -999.000000 -999.000000 -999.000000 -999.000000 -999.000000 -999.000000 -999.000000 -999.000000 -999.000000 -999.000000 1850.299683 1844.545044 1838.916870 1833.431885 1828.086060 1822.874634 1817.958008 1813.194946 1808.540283 1803.991333 1799.546143 1795.437378 1791.465942 1787.563232
 -999.000000 -999.000000 -999.000000 -999.000000 -999.000000 -999.000000 -999.000000 -999.000000 -999.000000 -999.000000 -999.000000 -999.000000 -999.000000 -999.000000 -999.000000 -999.000000 -999.000000 -999.000000 -999.000000 -999.000000 -999.000000 -999.000000 -999.000000 -999.000000 -999.000000 -999.000000 -999.000000 -999.000000 -999.000000 1813.580811 1808.809448 1804.147583 1799.592407 1795.141602 1791.027588 1787.051392 1783.144531
 -999.000000 -999.000000 -999.000000 -999.000000 -999.000000 -999.000000 -999.000000 -999.000000 -999.000000 -999.000000 -999.000000 -999.000000 -999.000000 -999.000000 -999.000000 -999.000000 -999.000000 -999.000000 -999.000000 -999.000000 -999.000000 -999.000000 -999.000000 -999.000000 -999.000000 -999.000000 -999.000000 -999.000000 -999.000000 -999.000000 -999.000000 -999.000000 -999.000000 1790.767334 1786.642944 1782.657715 1778.743286
#
# dtdd (rows - delta, columns - depth)
#
   -4.438286   -4.438289   -4.438294   -4.438302   -4.438310   -4.438318   -4.438326   -4.438334   -4.438342   -4.438349   -4.438350   -4.438358   -4.438367   -4.438375   -4.438384   -4.438393   -4.438401   -4.438401   -4.438422   -4.438442   -4.438462   -4.438556   -4.438640   -4.438775   -4.438867   -4.438915 -999.000000 -999.000000 -999.000000 -999.000000 -999.000000 -999.000000 -999.000000 -999.000000 -999.000000 -999.000000 -999.000000
   -4.435678   -4.435686   -4.435698   -4.435718   -4.435738   -4.435758   -4.435778   -4.435798   -4.435818   -4.435837   -4.435838   -4.435861   -4.435883   -4.435905   -4.435927   -4.435949   -4.435971   -4.435972   -4.436027   -4.436081   -4.436136   -4.436399   -4.436649   -4.437112   -4.437530   -4.437900   -4.438221   -4.438487   -4.438694   -4.438840   -4.438913 -999.000000 -999.000000 -999.000000 -999.000000 -999.000000 -999.000000
   -4.430372   -4.430387   -4.430409   -4.430447   -4.430484   -4.430521   -4.430558   -4.430595   -4.430632   -4.430667   -4.430669   -4.430710   -4.430752   -4.430793   -4.430834   -4.430875   -4.430914   -4.430916   -4.431019   -4.431121   -4.431222   -4.431718   -4.432198   -4.433108   -4.433964   -4.434766   -4.435513   -4.436199   -4.436821   -4.437391   -4.437882   -4.438285   -4.438595   -4.438805   -4.438912 -999.000000 -999.000000
   -4.421149   -4.421174   -4.421211   -4.421274   -4.421337   -4.421399   -4.421461   -4.421523   -4.421585   -4.421645   -4.421647   -4.421717   -4.421786   -4.421856   -4.421925   -4.421994   -4.422060   -4.422063   -4.422236   -4.422409   -4.422580   -4.423421   -4.424237   -4.425800   -4.427292   -4.428712   -4.430061   -4.431334   -4.432527   -4.433670   -4.434723   -4.435670   -4.436508   -4.437231   -4.437863   -4.438358   -4.438701
   -4.405731   -4.405773   -4.405836   -4.405941   -4.406047   -4.406152   -4.406257   -4.406361   -4.406466   -4.406565   -4.406569   -4.406687   -4.406804   -4.406920   -4.407037   -4.407153   -4.407264   -4.407269   -4.407559   -4.407848   -4.408134   -4.409541   -4.410902   -4.413503   -4.415980   -4.418342   -4.420598   -4.422744   -4.424779   -4.426761   -4.428622   -4.430340   -4.431912   -4.433336   -4.434677   -4.435853   -4.436842
   -4.377854   -4.377937   -4.378062   -4.378269   -4.378475   -4.378681   -4.378886   -4.379090   -4.379293   -4.379488   -4.379496   -4.379724   -4.379950   -4.380176   -4.380401   -4.380625   -4.380839   -4.380848   -4.381406   -4.381958   -4.382505   -4.385154   -4.387676   -4.392390   -4.396770   -4.400867   -4.404718   -4.408342   -4.411749   -4.415052   -4.418156   -4.421037   -4.423704   -4.426159   -4.428526   -4.430668   -4.432552
 -999.000000 -999.000000 -999.000000 -999.000000 -999.000000 -999.000000 -999.000000 -999.000000 -999.000000 -999.000000 -999.000000 -999.000000 -999.000000 -999.000000 -999.000000 -999.000000 -999.000000 -999.000000 -999.000000 -999.000000 -999.000000 -999.000000 -999.000000   -4.337547   -4.357217   -4.367445   -4.375537   -4.382665   -4.389046   -4.395002   -4.400437   -4.405378   -4.409884   -4.413998   -4.417954   -4.421560   -4.424779
 -999.000000 -999.000000 -999.000000 -999.000000 -999.000000 -999.000000 -999.000000 -999.000000 -999.000000 -999.000000 -999.000000 -999.000000 -999.000000 -999.000000 -999.000000 -999.000000 -999.000000 -999.000000 -999.000000 -999.000000 -999.000000 -999.000000 -999.000000 -999.000000 -999.000000 -999.000000 -999.000000 -999.000000 -999.000000   -4.350068   -4.366024   -4.376550   -4.385364   -4.392959   -4.399970   -4.406178   -4.411624
 -999.000000 -999.000000 -999.000000 -999.000000 -999.000000 -999.000000 -999.000000 -999.000000 -999.000000 -999.000000 -999.000000 -999.000000 -999.000000 -999.000000 -999.000000 -999.000000 -999.000000 -999.000000 -999.000000 -999.000000 -999.000000 -999.000000 -999.000000 -999.000000 -999.000000 -999.000000 -999.000000 -999.000000 -999.000000 -999.000000 -999.000000 -999.000000 -999.000000   -4.314303   -4.364380   -4.377831   -4.388405
#
# dtdh (rows - delta, columns - depth)
#
   -0.167730   -0.167728   -0.167726   -0.167722   -0.167719   -0.167715   -0.167711   -0.167707   -0.167704   -0.167700   -0.148544   -0.148540   -0.148536   -0.148531   -0.148527   -0.148523   -0.148519   -0.117724   -0.117704   -0.117683   -0.117663   -0.117560   -0.117456   -0.115959   -0.113649   -0.110875 -999.000000 -999.000000 -999.000000 -999.000000 -999.000000 -999.000000 -999.000000 -999.000000 -999.000000 -999.000000 -999.000000
   -0.167736   -0.167734   -0.167732   -0.167728   -0.167724   -0.167720   -0.167717   -0.167713   -0.167709   -0.167705   -0.148550   -0.148546   -0.148542   -0.148537   -0.148533   -0.148529   -0.148525   -0.117732   -0.117711   -0.117691   -0.117670   -0.117566   -0.117462   -0.115964   -0.113654   -0.110878   -0.108067   -0.105344   -0.102717   -0.096173   -0.093994 -999.000000 -999.000000 -999.000000 -999.000000 -999.000000 -999.000000
   -0.167747   -0.167745   -0.167743   -0.167739   -0.167736   -0.167732   -0.167728   -0.167724   -0.167720   -0.167717   -0.148563   -0.148559   -0.148554   -0.148550   -0.148545   -0.148541   -0.148537   -0.117747   -0.117727   -0.117706   -0.117685   -0.117581   -0.117476   -0.115977   -0.113666   -0.110889   -0.108076   -0.105353   -0.102724   -0.096179   -0.093998   -0.091869   -0.089786   -0.087754   -0.080071 -999.000000 -999.000000
   -0.167767   -0.167765   -0.167763   -0.167759   -0.167755   -0.167751   -0.167747   -0.167744   -0.167740   -0.167736   -0.148585   -0.148580   -0.148576   -0.148572   -0.148567   -0.148563   -0.148559   -0.117775   -0.117754   -0.117733   -0.117712   -0.117607   -0.117501   -0.116001   -0.113688   -0.110911   -0.108096   -0.105372   -0.102741   -0.096195   -0.094012   -0.091881   -0.089796   -0.087762   -0.080077   -0.078576   -0.077414
   -0.167799   -0.167798   -0.167795   -0.167792   -0.167788   -0.167784   -0.167780   -0.167776   -0.167772   -0.167768   -0.148621   -0.148617   -0.148612   -0.148608   -0.148603   -0.148599   -0.148594   -0.117820   -0.117799   -0.117778   -0.117756   -0.117650   -0.117543   -0.116041   -0.113726   -0.110947   -0.108131   -0.105404   -0.102772   -0.096225   -0.094040   -0.091906   -0.089818   -0.087782   -0.080095   -0.078591   -0.077425
   -0.167858   -0.167857   -0.167854   -0.167850   -0.167846   -0.167842   -0.167838   -0.167834   -0.167830   -0.167826   -0.148686   -0.148682   -0.148677   -0.148672   -0.148668   -0.148663   -0.148658   -0.117900   -0.117879   -0.117857   -0.117835   -0.117726   -0.117616   -0.116109   -0.113790   -0.111008   -0.108189   -0.105459   -0.102823   -0.096275   -0.094087   -0.091949   -0.089858   -0.087818   -0.080130   -0.078621   -0.077451
 -999.000000 -999.000000 -999.000000 -999.000000 -999.000000 -999.000000 -999.000000 -999.000000 -999.000000 -999.000000 -999.000000 -999.000000 -999.000000 -999.000000 -999.000000 -999.000000 -999.000000 -999.000000 -999.000000 -999.000000 -999.000000 -999.000000 -999.000000   -0.116283   -0.113921   -0.111123   -0.108294   -0.105556   -0.102913   -0.096361   -0.094166   -0.092022   -0.089925   -0.087879   -0.080189   -0.078675   -0.077498
 -999.000000 -999.000000 -999.000000 -999.000000 -999.000000 -999.000000 -999.000000 -999.000000 -999.000000 -999.000000 -999.000000 -999.000000 -999.000000 -999.000000 -999.000000 -999.000000 -999.000000 -999.000000 -999.000000 -999.000000 -999.000000 -999.000000 -999.000000 -999.000000 -999.000000 -999.000000 -999.000000 -999.000000 -999.000000   -0.096552   -0.094318   -0.092155   -0.090043   -0.087985   -0.080290   -0.078764   -0.077577
 -999.000000 -999.000000 -999.000000 -999.000000 -999.000000 -999.000000 -999.000000 -999.000000 -999.000000 -999.000000 -999.000000 -999.000000 -999.000000 -999.000000 -999.000000 -999.000000 -999.000000 -999.000000 -999.000000 -999.000000 -999.000000 -999.000000 -999.000000 -999.000000 -999.000000 -999.000000 -999.000000 -999.000000 -999.000000 -999.000000 -999.000000 -999.000000 -999.000000   -0.088374   -0.080488   -0.078928   -0.077717
#
# iasp91 travel-time table for PKKSab
#
