#
# iasp91 travel-time table for PKKPbc
#
# number of distance and depth samples
56 37
# delta samples
73.000 74.000 75.000 76.000 77.000 78.000 79.000 80.000 81.000 82.000 83.000 84.000 85.000 86.000 87.000 88.000 89.000 90.000 91.000 92.000 93.000 94.000 95.000 96.000 97.000 
98.000 99.000 100.000 101.000 102.000 103.000 104.000 105.000 106.000 107.000 108.000 109.000 110.000 111.000 112.000 113.000 114.000 115.000 116.000 117.000 118.000 119.000 120.000 121.000 122.000 
123.000 124.000 125.000 126.000 127.000 128.000 
# depth samples
    0.000000    1.000000    2.500000    5.000000    7.500000   10.000000   12.500000   15.000000   17.500000   19.900000   20.000000   22.500000   25.000000   27.500000   30.000000   32.500000   34.900000   35.000000   40.000000   45.000000   50.000000   75.000000  100.000000  150.000000  200.000000  250.000000  300.000000  350.000000  400.000000  450.000000  500.000000  550.000000  600.000000  650.000000  700.000000  750.000000  800.000000
#
# travel times (rows - delta, columns - depth)
#
 1871.424194 1871.252808 1870.995728 1870.567261 1870.138794 1869.710449 1869.281982 1868.853516 1868.425049 1868.013794 1867.996704 1867.614990 1867.233276 1866.851562 1866.469849 1866.088257 1865.721802 1865.706543 1865.091919 1864.477417 1863.862915 1860.791382 1857.721191 1851.604126 1845.585327 1839.680664 1833.906128 1828.257324 1822.729004 1817.470703 1812.348633 1807.319702 -999.000000 -999.000000 -999.000000 -999.000000 -999.000000
 1869.312256 1869.140869 1868.883911 1868.455566 1868.027100 1867.598755 1867.170410 1866.742065 1866.313721 1865.902466 1865.885376 1865.503662 1865.122070 1864.740479 1864.358887 1863.977295 1863.610962 1863.595703 1862.981323 1862.366943 1861.752686 1858.682129 1855.613037 1849.497925 1843.481445 1837.578979 1831.806763 1826.160400 1820.634644 1815.379028 1810.259766 1805.233643 1800.297852 1795.449463 1790.898560 1786.462524 1782.078613
 1867.171875 1867.000610 1866.743652 1866.315308 1865.886963 1865.458740 1865.030396 1864.602173 1864.173828 1863.762695 1863.745605 1863.364014 1862.982422 1862.600952 1862.219360 1861.837891 1861.471680 1861.456421 1860.842163 1860.228027 1859.614014 1856.544434 1853.476318 1847.363403 1841.348877 1835.448730 1829.678833 1824.034790 1818.511475 1813.258545 1808.142090 1803.118896 1798.186035 1793.340698 1788.793213 1784.360596 1779.980347
 1865.003906 1864.832520 1864.575684 1864.147461 1863.719238 1863.290894 1862.862671 1862.434448 1862.006226 1861.595215 1861.578125 1861.196655 1860.815186 1860.433716 1860.052246 1859.670776 1859.304565 1859.289429 1858.675415 1858.061401 1857.447510 1854.379028 1851.311890 1845.201050 1839.188599 1833.290649 1827.523071 1821.881348 1816.360474 1811.110107 1805.996338 1800.976074 1796.046143 1791.203857 1786.659668 1782.230469 1777.853760
 1862.808838 1862.637573 1862.380615 1861.952515 1861.524292 1861.096191 1860.667969 1860.239868 1859.811768 1859.400757 1859.383545 1859.002197 1858.620850 1858.239502 1857.858032 1857.476685 1857.110596 1857.095459 1856.481567 1855.867798 1855.254150 1852.186523 1849.120483 1843.011597 1837.001343 1831.105469 1825.340088 1819.700684 1814.182251 1808.934570 1803.823486 1798.805908 1793.878906 1789.039551 1784.498657 1780.072876 1775.699707
 1860.586792 1860.415649 1860.158691 1859.730713 1859.302612 1858.874512 1858.446411 1858.018311 1857.590210 1857.179321 1857.162231 1856.780884 1856.399536 1856.018311 1855.636963 1855.255737 1854.889648 1854.874512 1854.260864 1853.647339 1853.033813 1849.967285 1846.902100 1840.795288 1834.787231 1828.893433 1823.130371 1817.493408 1811.977417 1806.732300 1801.623901 1796.609131 1791.685059 1786.848633 1782.311035 1777.888672 1773.518921
 1858.337646 1858.166382 1857.909668 1857.481567 1857.053589 1856.625610 1856.197510 1855.769531 1855.341553 1854.930664 1854.913574 1854.532349 1854.151123 1853.769897 1853.388672 1853.007446 1852.641479 1852.626343 1852.012939 1851.399536 1850.786255 1847.720703 1844.656738 1838.552002 1832.546021 1826.654541 1820.893799 1815.259155 1809.745728 1804.503174 1799.397705 1794.385742 1789.464600 1784.631226 1780.096802 1775.677856 1771.311646
 1856.060913 1855.889771 1855.632935 1855.205078 1854.777100 1854.349121 1853.921143 1853.493286 1853.065308 1852.654541 1852.637451 1852.256226 1851.875122 1851.494019 1851.112915 1850.731812 1850.365967 1850.350708 1849.737549 1849.124390 1848.511353 1845.446777 1842.383789 1836.281250 1830.277588 1824.388306 1818.630005 1812.997803 1807.486938 1802.247192 1797.144409 1792.135498 1787.217285 1782.387085 1777.856079 1773.440552 1769.077881
 1853.756348 1853.585205 1853.328491 1852.900635 1852.472778 1852.044922 1851.617065 1851.189209 1850.761353 1850.350586 1850.333496 1849.952393 1849.571411 1849.190308 1848.809326 1848.428223 1848.062500 1848.047363 1847.434326 1846.821411 1846.208496 1843.145142 1840.083252 1833.982910 1827.981445 1822.094604 1816.338745 1810.709106 1805.200684 1799.963745 1794.863892 1789.857910 1784.942871 1780.115845 1775.588257 1771.176392 1766.817383
 1851.423706 1851.252686 1850.995972 1850.568237 1850.140381 1849.712646 1849.284790 1848.857056 1848.429321 1848.018555 1848.001465 1847.620483 1847.239624 1846.858643 1846.477661 1846.096680 1845.731079 1845.715820 1845.103027 1844.490356 1843.877686 1840.815430 1837.754639 1831.656494 1825.657349 1819.772949 1814.019531 1808.392456 1802.886841 1797.652710 1792.555786 1787.552979 1782.640991 1777.817261 1773.293213 1768.885010 1764.529785
 1849.062988 1848.891968 1848.635254 1848.207642 1847.779907 1847.352173 1846.924438 1846.496826 1846.069092 1845.658447 1845.641357 1845.260498 1844.879639 1844.498779 1844.117920 1843.737061 1843.371460 1843.356323 1842.743652 1842.131226 1841.518799 1838.457642 1835.397949 1829.302124 1823.305420 1817.423340 1811.672485 1806.048096 1800.545166 1795.313843 1790.219971 1785.220215 1780.311523 1775.491089 1770.970581 1766.566162 1762.214722
 1846.674072 1846.503052 1846.246460 1845.818848 1845.391235 1844.963501 1844.535889 1844.108276 1843.680664 1843.270142 1843.253052 1842.872314 1842.491577 1842.110718 1841.729980 1841.349243 1840.983643 1840.968506 1840.356201 1839.743896 1839.131714 1836.071655 1833.013184 1826.919678 1820.925293 1815.045776 1809.297363 1803.675659 1798.175415 1792.947144 1787.856323 1782.859741 1777.954224 1773.137207 1768.620361 1764.219727 1759.872192
 1844.256836 1844.085815 1843.829346 1843.401733 1842.974243 1842.546631 1842.119141 1841.691650 1841.264038 1840.853638 1840.836548 1840.455811 1840.075195 1839.694458 1839.313843 1838.933105 1838.567627 1838.552490 1837.940430 1837.328369 1836.716431 1833.657471 1830.600098 1824.509033 1818.517090 1812.640015 1806.894287 1801.275146 1795.777832 1790.552490 1785.464722 1780.471313 1775.569214 1770.755615 1766.242432 1761.845581 1757.502075
 1841.811279 1841.640381 1841.383789 1840.956421 1840.528931 1840.101440 1839.673950 1839.246582 1838.819092 1838.408691 1838.391602 1838.010986 1837.630493 1837.249878 1836.869263 1836.488647 1836.123291 1836.108154 1835.496216 1834.884521 1834.272705 1831.215088 1828.158813 1822.070068 1816.080566 1810.206055 1804.463013 1798.846680 1793.352051 1788.129761 1783.045288 1778.055054 1773.156250 1768.346191 1763.836792 1759.443848 1755.104370
 1839.337158 1839.166260 1838.909790 1838.482422 1838.055054 1837.627686 1837.200317 1836.772949 1836.345581 1835.935303 1835.918213 1835.537720 1835.157227 1834.776733 1834.396240 1834.015747 1833.650391 1833.635254 1833.023682 1832.412109 1831.800659 1828.744141 1825.689087 1819.602783 1813.615723 1807.743896 1802.003418 1796.389893 1790.898193 1785.678955 1780.597656 1775.610840 1770.715454 1765.908813 1761.403320 1757.014282 1752.678833
 1836.834229 1836.663330 1836.406982 1835.979614 1835.552368 1835.125000 1834.697754 1834.270508 1833.843140 1833.432983 1833.415894 1833.035522 1832.655151 1832.274780 1831.894287 1831.513916 1831.148804 1831.133667 1830.522217 1829.910889 1829.299683 1826.244385 1823.190552 1817.106812 1811.122314 1805.253052 1799.515381 1793.904663 1788.416016 1783.199951 1778.121826 1773.138306 1768.246460 1763.443481 1758.941772 1754.556885 1750.225586
 1834.302124 1834.131348 1833.875000 1833.447754 1833.020508 1832.593384 1832.166138 1831.738892 1831.311768 1830.901611 1830.884521 1830.504272 1830.123901 1829.743652 1829.363403 1828.983032 1828.618042 1828.602783 1827.991699 1827.380615 1826.769653 1823.715576 1820.663086 1814.581787 1808.599976 1802.733398 1796.998535 1791.390747 1785.905029 1780.692261 1775.617432 1770.637451 1765.749146 1760.949829 1756.452148 1752.071289 1747.744263
 1831.740723 1831.569824 1831.313599 1830.886475 1830.459351 1830.032227 1829.605103 1829.177979 1828.750854 1828.340820 1828.323853 1827.943604 1827.563354 1827.183228 1826.802979 1826.422852 1826.057861 1826.042725 1825.431763 1824.820923 1824.210205 1821.157471 1818.106201 1812.027588 1806.048462 1800.184692 1794.452637 1788.847778 1783.365234 1778.155640 1773.084351 1768.107788 1763.223145 1758.427612 1753.933960 1749.557373 1745.234741
 1829.149658 1828.978760 1828.722534 1828.295532 1827.868530 1827.441528 1827.014526 1826.587524 1826.160400 1825.750488 1825.733521 1825.353394 1824.973267 1824.593140 1824.213013 1823.833008 1823.468140 1823.453003 1822.842285 1822.231812 1821.621216 1818.569824 1815.519897 1809.443848 1803.467407 1797.606445 1791.877441 1786.275635 1780.796143 1775.589966 1770.522095 1765.549194 1760.668213 1755.876465 1751.387085 1747.014771 1742.696533
 1826.528809 1826.358032 1826.101807 1825.674927 1825.248047 1824.821045 1824.394165 1823.967163 1823.540283 1823.130493 1823.113403 1822.733398 1822.353394 1821.973389 1821.593384 1821.213379 1820.848633 1820.833496 1820.223145 1819.612793 1819.002563 1815.952393 1812.903809 1806.830444 1800.856812 1794.998779 1789.272705 1783.673950 1778.197632 1772.994873 1767.930542 1762.961304 1758.084229 1753.296387 1748.811157 1744.443359 1740.129517
 1823.878052 1823.707397 1823.451294 1823.024414 1822.597534 1822.170776 1821.743896 1821.317017 1820.890259 1820.480469 1820.463501 1820.083496 1819.703613 1819.323730 1818.943848 1818.563965 1818.199341 1818.184204 1817.574097 1816.964111 1816.354126 1813.305298 1810.258057 1804.187378 1798.216553 1792.361450 1786.638428 1781.042725 1775.569702 1770.370361 1765.309692 1760.344238 1755.470825 1750.687012 1746.206177 1741.842773 1737.533569
 1821.197388 1821.026733 1820.770630 1820.343872 1819.917114 1819.490356 1819.063721 1818.636963 1818.210205 1817.800537 1817.783447 1817.403687 1817.023926 1816.644165 1816.264404 1815.884644 1815.520020 1815.504883 1814.895020 1814.285278 1813.675659 1810.628174 1807.582275 1801.514404 1795.546509 1789.694336 1783.974243 1778.381836 1772.912109 1767.716309 1762.659302 1757.697632 1752.828125 1748.048340 1743.571777 1739.213013 1734.908569
 1818.486450 1818.315796 1818.059814 1817.633179 1817.206543 1816.779907 1816.353271 1815.926636 1815.500000 1815.090454 1815.073364 1814.693726 1814.313965 1813.934326 1813.554688 1813.175049 1812.810547 1812.795410 1812.185913 1811.576416 1810.967041 1807.920898 1804.876465 1798.811401 1792.846436 1786.997192 1781.280273 1775.691162 1770.224731 1765.032471 1759.979248 1755.021362 1750.155884 1745.380249 1740.908203 1736.553955 1732.254272
 1815.745239 1815.574585 1815.318604 1814.892090 1814.465576 1814.039062 1813.612427 1813.185913 1812.759399 1812.349976 1812.332886 1811.953247 1811.573730 1811.194214 1810.814697 1810.435059 1810.070801 1810.055664 1809.446289 1808.837158 1808.228027 1805.183350 1802.140259 1796.078125 1790.116089 1784.270020 1778.556274 1772.970337 1767.507446 1762.318848 1757.269409 1752.315430 1747.453979 1742.682495 1738.214966 1733.865479 1729.570557
 1812.973389 1812.802734 1812.546875 1812.120483 1811.693970 1811.267578 1810.841064 1810.414673 1809.988281 1809.578857 1809.561890 1809.182373 1808.802979 1808.423462 1808.044067 1807.664673 1807.300415 1807.285278 1806.676270 1806.067383 1805.458496 1802.415283 1799.373657 1793.314453 1787.355469 1781.512451 1775.802002 1770.219482 1764.760010 1759.575073 1754.529419 1749.579468 1744.722290 1739.954956 1735.492065 1731.147339 1726.857300
 1810.170654 1810.000122 1809.744385 1809.317993 1808.891602 1808.465332 1808.038940 1807.612671 1807.186279 1806.776978 1806.760010 1806.380615 1806.001343 1805.621948 1805.242676 1804.863403 1804.499268 1804.484131 1803.875366 1803.266724 1802.658203 1799.616455 1796.576294 1790.520142 1784.564209 1778.724365 1773.017212 1767.438110 1761.982178 1756.801025 1751.759399 1746.813477 1741.960449 1737.197510 1732.739258 1728.399414 1724.114380
 1807.336792 1807.166382 1806.910645 1806.484375 1806.058105 1805.631836 1805.205688 1804.779419 1804.353149 1803.943970 1803.927002 1803.547729 1803.168579 1802.789307 1802.410156 1802.031006 1801.666992 1801.651855 1801.043457 1800.435059 1799.826904 1796.786621 1793.747925 1787.694824 1781.742065 1775.905518 1770.201660 1764.626099 1759.173706 1753.996582 1748.958862 1744.017090 1739.168335 1734.409790 1729.956299 1725.621582 1721.341675
 1804.471313 1804.300781 1804.045166 1803.619019 1803.192871 1802.766724 1802.340576 1801.914551 1801.488403 1801.079346 1801.062378 1800.683228 1800.304077 1799.925049 1799.546021 1799.166870 1798.802979 1798.787842 1798.179810 1797.571777 1796.963867 1793.925049 1790.888062 1784.838013 1778.888550 1773.055298 1767.354980 1761.782959 1756.334351 1751.161133 1746.127563 1741.190063 1736.345703 1731.591675 1727.143188 1722.813477 1718.538696
 1801.573364 1801.402954 1801.147339 1800.721436 1800.295410 1799.869385 1799.443359 1799.017334 1798.591309 1798.182373 1798.165405 1797.786377 1797.407471 1797.028442 1796.649536 1796.270630 1795.906738 1795.891724 1795.283936 1794.676147 1794.068604 1791.031494 1787.995972 1781.949341 1776.003052 1770.173340 1764.476562 1758.908325 1753.463501 1748.294312 1743.265015 1738.331909 1733.492065 1728.742798 1724.299194 1719.974731 1715.705322
 1798.642700 1798.472290 1798.216797 1797.790894 1797.364990 1796.939087 1796.513184 1796.087280 1795.661377 1795.252563 1795.235596 1794.856689 1794.477905 1794.098999 1793.720215 1793.341431 1792.977783 1792.962646 1792.355225 1791.747803 1791.140503 1788.105103 1785.071289 1779.027832 1773.085083 1767.258911 1761.565918 1756.001465 1750.560669 1745.395630 1740.370728 1735.442139 1730.606934 1725.862427 1721.424072 1717.104858 1712.841064
 1795.678711 1795.508423 1795.252930 1794.827148 1794.401367 1793.975586 1793.549805 1793.124023 1792.698242 1792.289551 1792.272583 1791.893799 1791.515137 1791.136475 1790.757690 1790.379028 1790.015503 1790.000488 1789.393311 1788.786255 1788.179321 1785.145508 1782.113403 1776.073364 1770.134155 1764.311646 1758.622437 1753.061768 1747.625000 1742.464355 1737.443970 1732.520020 1727.689575 1722.949951 1718.516968 1714.203491 1709.945312
 1792.681274 1792.510986 1792.255615 1791.829956 1791.404297 1790.978638 1790.552979 1790.127319 1789.701660 1789.293091 1789.276123 1788.897461 1788.518921 1788.140381 1787.761841 1787.383301 1787.019897 1787.004761 1786.397949 1785.791260 1785.184692 1782.152588 1779.122192 1773.085693 1767.150024 1761.331177 1755.645752 1750.089233 1744.656616 1739.500366 1734.484497 1729.565308 1724.739746 1720.005249 1715.577637 1711.269775 1707.017456
 1789.650269 1789.479980 1789.224609 1788.799072 1788.373535 1787.947998 1787.522461 1787.096924 1786.671509 1786.262939 1786.245972 1785.867554 1785.489136 1785.110718 1784.732300 1784.353882 1783.990601 1783.975464 1783.369019 1782.762695 1782.156372 1779.126099 1776.097412 1770.064453 1764.132446 1758.317383 1752.635864 1747.083374 1741.654907 1736.503174 1731.492065 1726.577637 1721.757080 1717.027710 1712.605713 1708.303589 1704.057251
 1786.585205 1786.415039 1786.159790 1785.734375 1785.308960 1784.883545 1784.458130 1784.032715 1783.607300 1783.198853 1783.181885 1782.803589 1782.425293 1782.046997 1781.668823 1781.290527 1780.927368 1780.912354 1780.306152 1779.700195 1779.094238 1776.065674 1773.038818 1767.009521 1761.081299 1755.270020 1749.592529 1744.044067 1738.619995 1733.472778 1728.466431 1723.556885 1718.741455 1714.017212 1709.600952 1705.304810 1701.064453
 1783.485718 1783.315674 1783.060425 1782.635132 1782.209839 1781.784546 1781.359253 1780.934082 1780.508789 1780.100464 1780.083496 1779.705322 1779.327271 1778.949097 1778.570923 1778.192871 1777.829834 1777.814819 1777.208984 1776.603394 1775.997803 1772.971069 1769.946045 1763.920410 1757.995972 1752.188721 1746.515259 1740.971069 1735.551392 1730.408813 1725.407349 1720.502808 1715.692505 1710.973755 1706.563232 1702.273071 1698.038940
 1780.351318 1780.181274 1779.926147 1779.501099 1779.075928 1778.650757 1778.225586 1777.800415 1777.375244 1776.967163 1776.950195 1776.572144 1776.194214 1775.816162 1775.438232 1775.060303 1774.697388 1774.682373 1774.077026 1773.471680 1772.866577 1769.841675 1766.818481 1760.796753 1754.876221 1749.072998 1743.403809 1737.863892 1732.448730 1727.310913 1722.314453 1717.415039 1712.610107 1707.896729 1703.492188 1699.208130 1694.980347
 1777.181396 1777.011353 1776.756348 1776.331299 1775.906250 1775.481323 1775.056274 1774.631226 1774.206299 1773.798218 1773.781250 1773.403442 1773.025513 1772.647705 1772.269897 1771.892090 1771.529419 1771.514404 1770.909302 1770.304443 1769.699707 1766.676758 1763.655518 1757.637695 1751.721191 1745.922241 1740.257324 1734.721924 1729.311401 1724.178589 1719.187134 1714.293213 1709.493652 1704.785889 1700.387451 1696.109741 1691.888306
 1773.975098 1773.805054 1773.550171 1773.125244 1772.700439 1772.275513 1771.850586 1771.425781 1771.000854 1770.593018 1770.576050 1770.198364 1769.820679 1769.442993 1769.065308 1768.687744 1768.325195 1768.310059 1767.705566 1767.101074 1766.496582 1763.475708 1760.456421 1754.442749 1748.530396 1742.735718 1737.075317 1731.544556 1726.138794 1721.011108 1716.025024 1711.136353 1706.342529 1701.640625 1697.248413 1692.977173 1688.762451
 1770.731689 1770.561768 1770.306885 1769.882202 1769.457397 1769.032715 1768.608032 1768.183228 1767.758545 1767.350830 1767.333862 1766.956299 1766.578857 1766.201294 1765.823853 1765.446289 1765.083862 1765.068848 1764.464722 1763.860596 1763.256592 1760.237671 1757.220581 1751.211060 1745.303101 1739.512817 1733.857056 1728.331055 1722.930176 1717.807739 1712.827148 1707.944214 1703.156128 1698.460205 1694.074463 1689.809937 1685.602173
 1767.450562 1767.280762 1767.026001 1766.601318 1766.176758 1765.752197 1765.327637 1764.903076 1764.478516 1764.070923 1764.053955 1763.676514 1763.299194 1762.921875 1762.544556 1762.167236 1761.804932 1761.789917 1761.186157 1760.582520 1759.979004 1756.962158 1753.947266 1747.942017 1742.038452 1736.252808 1730.601807 1725.080811 1719.684937 1714.567993 1709.593018 1704.715820 1699.933716 1695.244019 1690.864990 1686.607422 1682.406738
 1764.130859 1763.961060 1763.706421 1763.281982 1762.857544 1762.433105 1762.008667 1761.584229 1761.159790 1760.752441 1760.735474 1760.358276 1759.981079 1759.603882 1759.226807 1758.849609 1758.487549 1758.472534 1757.869141 1757.265991 1756.662842 1753.648315 1750.635498 1744.634766 1738.735840 1732.954956 1727.308838 1721.792969 1716.402344 1711.291016 1706.321777 1701.450684 1696.674805 1691.991333 1687.619263 1683.368896 1679.175415
 1760.771606 1760.601929 1760.347290 1759.923096 1759.498779 1759.074463 1758.650269 1758.225952 1757.801758 1757.394409 1757.377563 1757.000488 1756.623535 1756.246582 1755.869507 1755.492554 1755.130737 1755.115723 1754.512817 1753.910034 1753.307373 1750.295044 1747.284668 1741.288574 1735.394409 1729.618408 1723.977417 1718.466797 1713.081665 1707.976074 1703.012939 1698.148071 1693.378418 1688.701660 1684.336670 1680.093628 1675.907715
 1757.371948 1757.202271 1756.947754 1756.523682 1756.099609 1755.675537 1755.251343 1754.827271 1754.403198 1753.996094 1753.979126 1753.602295 1753.225464 1752.848755 1752.471924 1752.095215 1751.733398 1751.718384 1751.116089 1750.513794 1749.911621 1746.901611 1743.893555 1737.902344 1732.013184 1726.242310 1720.606567 1715.101318 1709.721924 1704.622314 1699.665405 1694.807007 1690.044067 1685.374023 1681.016357 1676.781006 1672.602905
 1753.930542 1753.760986 1753.506714 1753.082764 1752.658813 1752.234863 1751.810913 1751.386963 1750.963135 1750.556152 1750.539185 1750.162598 1749.786011 1749.409424 1749.032837 1748.656250 1748.294678 1748.279663 1747.677734 1747.076050 1746.474243 1743.466797 1740.461182 1734.474976 1728.591064 1722.825439 1717.195190 1711.695679 1706.322144 1701.228882 1696.278442 1691.426636 1686.670532 1682.007568 1677.657593 1673.430176 1669.260254
 1750.446289 1750.276855 1750.022583 1749.598755 1749.175049 1748.751343 1748.327515 1747.903809 1747.480103 1747.073364 1747.056396 1746.679932 1746.303589 1745.927246 1745.550781 1745.174438 1744.813110 1744.798096 1744.196777 1743.595459 1742.994263 1739.989380 1736.986450 1731.005371 1725.126831 1719.366821 1713.742310 1708.248779 1702.881348 1697.794556 1692.850830 1688.005981 1683.257080 1678.601440 1674.259399 1670.040161 1665.878662
 1746.917480 1746.748047 1746.493896 1746.070312 1745.646729 1745.223267 1744.799683 1744.376099 1743.952637 1743.546021 1743.529053 1743.152832 1742.776733 1742.400513 1742.024414 1741.648193 1741.287109 1741.272095 1740.671265 1740.070557 1739.469849 1736.467773 1733.467529 1727.492065 1721.619141 1715.864990 1710.246582 1704.759155 1699.398193 1694.318237 1689.381592 1684.543945 1679.802490 1675.154541 1670.820801 1666.610107 1662.457275
 1743.341919 1743.172607 1742.918579 1742.495239 1742.071899 1741.648560 1741.225220 1740.801880 1740.378540 1739.972046 1739.955200 1739.579224 1739.203247 1738.827271 1738.451416 1738.075439 1737.714600 1737.699585 1737.099365 1736.499146 1735.899170 1732.899902 1729.902588 1723.933105 1718.066162 1712.318237 1706.706177 1701.225342 1695.871094 1690.798340 1685.869141 1681.039185 1676.305542 1671.665649 1667.340576 1663.138794 1658.995117
 1739.717041 1739.547729 1739.293945 1738.870728 1738.447632 1738.024536 1737.601318 1737.178223 1736.755127 1736.348999 1736.332031 1735.956299 1735.580688 1735.204956 1734.829224 1734.453613 1734.092896 1734.078003 1733.478271 1732.878784 1732.279419 1729.283325 1726.289062 1720.325928 1714.465454 1708.724243 1703.118896 1697.645142 1692.298096 1687.233032 1682.311768 1677.489868 1672.764526 1668.133179 1663.817139 1659.624878 1655.490845
 1736.039551 1735.870361 1735.616699 1735.193726 1734.770874 1734.348022 1733.925049 1733.502197 1733.079346 1732.673340 1732.656494 1732.281006 1731.905640 1731.530151 1731.154785 1730.779297 1730.418945 1730.404053 1729.805054 1729.206177 1728.607422 1725.614746 1722.624023 1716.667603 1710.814209 1705.080078 1699.482178 1694.015991 1688.676758 1683.619873 1678.707031 1673.893921 1669.177368 1664.555054 1660.248779 1656.066528 1651.942627
 1732.305420 1732.136353 1731.882812 1731.460083 1731.037476 1730.614868 1730.192261 1729.769653 1729.347046 1728.941284 1728.924438 1728.549316 1728.174194 1727.799072 1727.423950 1727.048828 1726.688721 1726.673706 1726.075562 1725.477417 1724.879517 1721.890503 1718.903442 1712.954712 1707.109009 1701.382690 1695.792725 1690.334839 1685.003906 1679.955933 1675.052368 1670.248413 1665.541504 1660.928955 1656.633057 1652.461670 1648.348511
 1728.508667 1728.339722 1728.086304 1727.663940 1727.241699 1726.819336 1726.396973 1725.974731 1725.552368 1725.146973 1725.130127 1724.755249 1724.380493 1724.005737 1723.630981 1723.256226 1722.896362 1722.881470 1722.284058 1721.686890 1721.089722 1718.105103 1715.122314 1709.182007 1703.344849 1697.627319 1692.046387 1686.597534 1681.275879 1676.237671 1671.344116 1666.550415 1661.853882 1657.251831 1652.967285 1648.807373 1644.706055
 1724.639160 1724.470337 1724.217163 1723.795166 1723.373291 1722.951294 1722.529297 1722.107422 1721.685425 1721.280396 1721.263550 1720.889160 1720.514771 1720.140381 1719.766113 1719.391724 1719.032349 1719.017456 1718.421143 1717.824951 1717.228760 1714.249390 1711.271729 1705.341553 1699.514648 1693.807251 1688.236694 1682.798218 1677.487305 1672.460083 1667.577759 1662.795532 1658.110474 1653.520020 1649.247925 1645.100708 1641.012085
 1720.671021 1720.502441 1720.249756 1719.828369 1719.407104 1718.985718 1718.564453 1718.143188 1717.721802 1717.317383 1717.300537 1716.926880 1716.553101 1716.179443 1715.805786 1715.432129 1715.073364 1715.058472 1714.463867 1713.869385 1713.274902 1710.303345 1707.333252 1701.417480 1695.604370 1689.910400 1684.352905 1678.927490 1673.629395 1668.615479 1663.746338 1658.977295 1654.305542 1649.728271 1645.470215 1641.337158 1637.262695
 -999.000000 -999.000000 -999.000000 -999.000000 -999.000000 -999.000000 -999.000000 -999.000000 -999.000000 -999.000000 -999.000000 -999.000000 -999.000000 -999.000000 -999.000000 -999.000000 -999.000000 -999.000000 -999.000000 -999.000000 -999.000000 -999.000000 -999.000000 -999.000000 -999.000000 -999.000000 -999.000000 1674.961060 1669.682983 1664.687866 1659.836670 1655.084595 1650.429321 1645.868286 1641.626953 1637.510376 1633.452271
 -999.000000 -999.000000 -999.000000 -999.000000 -999.000000 -999.000000 -999.000000 -999.000000 -999.000000 -999.000000 -999.000000 -999.000000 -999.000000 -999.000000 -999.000000 -999.000000 -999.000000 -999.000000 -999.000000 -999.000000 -999.000000 -999.000000 -999.000000 -999.000000 -999.000000 -999.000000 -999.000000 -999.000000 -999.000000 -999.000000 -999.000000 -999.000000 1646.458008 1641.921753 1637.703613 1633.608887 1629.571167
 -999.000000 -999.000000 -999.000000 -999.000000 -999.000000 -999.000000 -999.000000 -999.000000 -999.000000 -999.000000 -999.000000 -999.000000 -999.000000 -999.000000 -999.000000 -999.000000 -999.000000 -999.000000 -999.000000 -999.000000 -999.000000 -999.000000 -999.000000 -999.000000 -999.000000 -999.000000 -999.000000 -999.000000 -999.000000 -999.000000 -999.000000 -999.000000 -999.000000 -999.000000 -999.000000 -999.000000 1625.595703
#
# dtdd (rows - delta, columns - depth)
#
   -2.097421   -2.097393   -2.097349   -2.097277   -2.097204   -2.097131   -2.097059   -2.096986   -2.096913   -2.096843   -2.096840   -2.096759   -2.096677   -2.096595   -2.096513   -2.096431   -2.096352   -2.096348   -2.096144   -2.095939   -2.095734   -2.094704   -2.093665   -2.091554   -2.089373   -2.087114   -2.084766   -2.082325   -2.079789   -2.077078   -2.074247   -2.071315 -999.000000 -999.000000 -999.000000 -999.000000 -999.000000
   -2.126270   -2.126241   -2.126199   -2.126127   -2.126056   -2.125984   -2.125912   -2.125841   -2.125769   -2.125700   -2.125697   -2.125617   -2.125536   -2.125455   -2.125374   -2.125293   -2.125216   -2.125212   -2.125011   -2.124809   -2.124607   -2.123592   -2.122568   -2.120487   -2.118337   -2.116111   -2.113796   -2.111390   -2.108891   -2.106217   -2.103427   -2.100535   -2.097540   -2.094438   -2.091072   -2.087560   -2.083943
   -2.154323   -2.154295   -2.154253   -2.154182   -2.154112   -2.154041   -2.153970   -2.153900   -2.153829   -2.153761   -2.153758   -2.153679   -2.153599   -2.153519   -2.153440   -2.153360   -2.153283   -2.153280   -2.153082   -2.152883   -2.152683   -2.151682   -2.150672   -2.148620   -2.146501   -2.144305   -2.142022   -2.139649   -2.137184   -2.134547   -2.131795   -2.128943   -2.125988   -2.122928   -2.119607   -2.116142   -2.112573
   -2.181630   -2.181602   -2.181560   -2.181491   -2.181421   -2.181352   -2.181282   -2.181212   -2.181142   -2.181075   -2.181073   -2.180994   -2.180916   -2.180837   -2.180758   -2.180680   -2.180604   -2.180601   -2.180405   -2.180209   -2.180012   -2.179024   -2.178028   -2.176004   -2.173913   -2.171746   -2.169494   -2.167153   -2.164721   -2.162119   -2.159403   -2.156588   -2.153673   -2.150652   -2.147374   -2.143954   -2.140431
   -2.208474   -2.208446   -2.208404   -2.208333   -2.208263   -2.208193   -2.208122   -2.208052   -2.207981   -2.207913   -2.207911   -2.207831   -2.207752   -2.207672   -2.207593   -2.207513   -2.207437   -2.207434   -2.207236   -2.207037   -2.206839   -2.205842   -2.204838   -2.202801   -2.200703   -2.198535   -2.196289   -2.193960   -2.191549   -2.188977   -2.186296   -2.183517   -2.180639   -2.177656   -2.174420   -2.171042   -2.167563
   -2.235551   -2.235522   -2.235479   -2.235407   -2.235335   -2.235263   -2.235191   -2.235119   -2.235047   -2.234977   -2.234975   -2.234894   -2.234812   -2.234731   -2.234650   -2.234568   -2.234490   -2.234487   -2.234284   -2.234082   -2.233878   -2.232858   -2.231831   -2.229748   -2.227602   -2.225384   -2.223086   -2.220705   -2.218239   -2.215609   -2.212873   -2.210048   -2.207133   -2.204124   -2.200871   -2.197492   -2.194026
   -2.262914   -2.262885   -2.262841   -2.262767   -2.262694   -2.262620   -2.262546   -2.262472   -2.262398   -2.262327   -2.262325   -2.262242   -2.262158   -2.262075   -2.261992   -2.261909   -2.261829   -2.261826   -2.261618   -2.261410   -2.261203   -2.260159   -2.259107   -2.256975   -2.254779   -2.252511   -2.250159   -2.247723   -2.245199   -2.242508   -2.239709   -2.236820   -2.233838   -2.230760   -2.227433   -2.223977   -2.220432
   -2.290579   -2.290549   -2.290504   -2.290428   -2.290353   -2.290277   -2.290202   -2.290127   -2.290051   -2.289978   -2.289975   -2.289890   -2.289805   -2.289720   -2.289635   -2.289550   -2.289468   -2.289464   -2.289252   -2.289039   -2.288826   -2.287758   -2.286681   -2.284498   -2.282250   -2.279928   -2.277521   -2.275027   -2.272444   -2.269690   -2.266825   -2.263868   -2.260816   -2.257667   -2.254263   -2.250726   -2.247099
   -2.318553   -2.318522   -2.318476   -2.318399   -2.318322   -2.318245   -2.318168   -2.318091   -2.318013   -2.317939   -2.317936   -2.317849   -2.317762   -2.317675   -2.317588   -2.317501   -2.317417   -2.317414   -2.317197   -2.316979   -2.316761   -2.315668   -2.314567   -2.312333   -2.310030   -2.307651   -2.305186   -2.302633   -2.299988   -2.297168   -2.294235   -2.291207   -2.288083   -2.284859   -2.281374   -2.277754   -2.274041
   -2.346663   -2.346631   -2.346585   -2.346506   -2.346428   -2.346350   -2.346272   -2.346193   -2.346115   -2.346040   -2.346037   -2.345948   -2.345860   -2.345772   -2.345684   -2.345595   -2.345510   -2.345507   -2.345287   -2.345066   -2.344845   -2.343736   -2.342618   -2.340351   -2.338015   -2.335599   -2.333093   -2.330495   -2.327802   -2.324927   -2.321935   -2.318843   -2.315649   -2.312350   -2.308781   -2.305073   -2.301272
   -2.374832   -2.374801   -2.374753   -2.374674   -2.374595   -2.374515   -2.374436   -2.374357   -2.374277   -2.374201   -2.374197   -2.374108   -2.374018   -2.373929   -2.373839   -2.373749   -2.373663   -2.373660   -2.373436   -2.373213   -2.372988   -2.371863   -2.370729   -2.368429   -2.366059   -2.363608   -2.361065   -2.358429   -2.355697   -2.352780   -2.349744   -2.346607   -2.343366   -2.340018   -2.336395   -2.332626   -2.328758
   -2.403064   -2.403032   -2.402984   -2.402903   -2.402823   -2.402742   -2.402662   -2.402581   -2.402501   -2.402423   -2.402420   -2.402329   -2.402238   -2.402148   -2.402057   -2.401966   -2.401878   -2.401875   -2.401648   -2.401421   -2.401194   -2.400052   -2.398902   -2.396569   -2.394163   -2.391677   -2.389098   -2.386423   -2.383651   -2.380692   -2.377611   -2.374428   -2.371140   -2.367743   -2.364066   -2.360242   -2.356316
   -2.431359   -2.431327   -2.431278   -2.431196   -2.431115   -2.431033   -2.430952   -2.430870   -2.430788   -2.430709   -2.430706   -2.430614   -2.430522   -2.430430   -2.430338   -2.430245   -2.430157   -2.430153   -2.429923   -2.429693   -2.429462   -2.428304   -2.427137   -2.424770   -2.422330   -2.419808   -2.417191   -2.414478   -2.411666   -2.408664   -2.405538   -2.402308   -2.398972   -2.395526   -2.391795   -2.387914   -2.383930
   -2.459793   -2.459760   -2.459710   -2.459627   -2.459543   -2.459460   -2.459377   -2.459293   -2.459210   -2.459130   -2.459126   -2.459033   -2.458939   -2.458845   -2.458750   -2.458656   -2.458566   -2.458562   -2.458328   -2.458093   -2.457858   -2.456676   -2.455487   -2.453075   -2.450590   -2.448022   -2.445361   -2.442603   -2.439745   -2.436697   -2.433526   -2.430250   -2.426865   -2.423368   -2.419583   -2.415645   -2.411602
   -2.488489   -2.488455   -2.488404   -2.488319   -2.488234   -2.488149   -2.488064   -2.487978   -2.487893   -2.487811   -2.487808   -2.487712   -2.487616   -2.487520   -2.487424   -2.487328   -2.487236   -2.487232   -2.486992   -2.486752   -2.486512   -2.485305   -2.484090   -2.481626   -2.479088   -2.476465   -2.473747   -2.470930   -2.468011   -2.464899   -2.461660   -2.458317   -2.454865   -2.451303   -2.447449   -2.443444   -2.439336
   -2.517462   -2.517427   -2.517375   -2.517288   -2.517201   -2.517114   -2.517027   -2.516940   -2.516853   -2.516770   -2.516766   -2.516668   -2.516570   -2.516472   -2.516374   -2.516276   -2.516181   -2.516177   -2.515932   -2.515687   -2.515441   -2.514208   -2.512967   -2.510449   -2.507855   -2.505175   -2.502398   -2.499520   -2.496538   -2.493358   -2.490050   -2.486634   -2.483108   -2.479470   -2.475533   -2.471442   -2.467247
   -2.546727   -2.546692   -2.546638   -2.546550   -2.546461   -2.546372   -2.546283   -2.546194   -2.546105   -2.546020   -2.546016   -2.545916   -2.545815   -2.545715   -2.545615   -2.545515   -2.545418   -2.545414   -2.545164   -2.544913   -2.544662   -2.543401   -2.542131   -2.539557   -2.536906   -2.534167   -2.531327   -2.528386   -2.525339   -2.522089   -2.518708   -2.515217   -2.511614   -2.507896   -2.503873   -2.499693   -2.495407
   -2.576257   -2.576221   -2.576167   -2.576077   -2.575986   -2.575896   -2.575805   -2.575715   -2.575624   -2.575537   -2.575533   -2.575431   -2.575329   -2.575227   -2.575125   -2.575022   -2.574924   -2.574920   -2.574665   -2.574409   -2.574154   -2.572869   -2.571575   -2.568950   -2.566245   -2.563449   -2.560549   -2.557543   -2.554428   -2.551105   -2.547648   -2.544079   -2.540396   -2.536595   -2.532483   -2.528211   -2.523829
   -2.605928   -2.605891   -2.605836   -2.605744   -2.605652   -2.605560   -2.605468   -2.605376   -2.605284   -2.605196   -2.605192   -2.605088   -2.604984   -2.604881   -2.604777   -2.604673   -2.604573   -2.604569   -2.604309   -2.604050   -2.603790   -2.602484   -2.601168   -2.598500   -2.595751   -2.592909   -2.589962   -2.586906   -2.583739   -2.580359   -2.576840   -2.573205   -2.569450   -2.565573   -2.561374   -2.557008   -2.552528
   -2.635733   -2.635696   -2.635640   -2.635547   -2.635453   -2.635360   -2.635267   -2.635173   -2.635079   -2.634989   -2.634985   -2.634880   -2.634775   -2.634669   -2.634563   -2.634458   -2.634356   -2.634352   -2.634089   -2.633825   -2.633560   -2.632233   -2.630896   -2.628184   -2.625389   -2.622500   -2.619504   -2.616398   -2.613179   -2.609743   -2.606166   -2.602471   -2.598654   -2.594712   -2.590444   -2.586005   -2.581450
   -2.665680   -2.665642   -2.665585   -2.665490   -2.665395   -2.665300   -2.665205   -2.665110   -2.665015   -2.664923   -2.664920   -2.664812   -2.664705   -2.664598   -2.664491   -2.664383   -2.664280   -2.664276   -2.664008   -2.663739   -2.663471   -2.662121   -2.660762   -2.658005   -2.655164   -2.652227   -2.649181   -2.646024   -2.642751   -2.639258   -2.635622   -2.631865   -2.627985   -2.623978   -2.619638   -2.615125   -2.610494
   -2.695778   -2.695740   -2.695682   -2.695585   -2.695489   -2.695392   -2.695296   -2.695199   -2.695102   -2.695009   -2.695005   -2.694896   -2.694787   -2.694678   -2.694569   -2.694459   -2.694355   -2.694350   -2.694077   -2.693805   -2.693531   -2.692158   -2.690776   -2.687971   -2.685082   -2.682095   -2.678999   -2.675788   -2.672462   -2.668910   -2.665213   -2.661393   -2.657449   -2.653375   -2.648962   -2.644374   -2.639664
   -2.726061   -2.726022   -2.725963   -2.725864   -2.725766   -2.725668   -2.725569   -2.725471   -2.725372   -2.725278   -2.725274   -2.725163   -2.725052   -2.724941   -2.724830   -2.724718   -2.724612   -2.724607   -2.724329   -2.724051   -2.723773   -2.722376   -2.720968   -2.718113   -2.715172   -2.712132   -2.708980   -2.705712   -2.702326   -2.698712   -2.694950   -2.691064   -2.687051   -2.682908   -2.678421   -2.673754   -2.668966
   -2.756538   -2.756498   -2.756438   -2.756338   -2.756238   -2.756138   -2.756038   -2.755938   -2.755837   -2.755741   -2.755737   -2.755624   -2.755511   -2.755398   -2.755285   -2.755171   -2.755063   -2.755058   -2.754776   -2.754493   -2.754209   -2.752786   -2.751353   -2.748446   -2.745451   -2.742356   -2.739147   -2.735820   -2.732373   -2.728693   -2.724863   -2.720907   -2.716821   -2.712604   -2.708035   -2.703285   -2.698411
   -2.787220   -2.787179   -2.787118   -2.787016   -2.786914   -2.786812   -2.786710   -2.786608   -2.786506   -2.786408   -2.786404   -2.786289   -2.786174   -2.786058   -2.785943   -2.785828   -2.785717   -2.785712   -2.785425   -2.785136   -2.784848   -2.783398   -2.781939   -2.778979   -2.775928   -2.772777   -2.769508   -2.766121   -2.762610   -2.758863   -2.754963   -2.750935   -2.746775   -2.742480   -2.737828   -2.732991   -2.728028
   -2.818168   -2.818126   -2.818064   -2.817960   -2.817855   -2.817751   -2.817647   -2.817542   -2.817437   -2.817337   -2.817333   -2.817215   -2.817097   -2.816979   -2.816861   -2.816743   -2.816630   -2.816625   -2.816330   -2.816035   -2.815740   -2.814256   -2.812763   -2.809737   -2.806622   -2.803406   -2.800074   -2.796623   -2.793048   -2.789231   -2.785259   -2.781156   -2.776919   -2.772545   -2.767807   -2.762880   -2.757826
   -2.849610   -2.849567   -2.849503   -2.849395   -2.849288   -2.849180   -2.849073   -2.848965   -2.848858   -2.848754   -2.848750   -2.848629   -2.848508   -2.848387   -2.848265   -2.848144   -2.848027   -2.848022   -2.847719   -2.847415   -2.847111   -2.845585   -2.844049   -2.840937   -2.837733   -2.834426   -2.831001   -2.827454   -2.823783   -2.819869   -2.815800   -2.811603   -2.807274   -2.802810   -2.797981   -2.792962   -2.787813
   -2.881607   -2.881563   -2.881496   -2.881386   -2.881275   -2.881165   -2.881054   -2.880943   -2.880832   -2.880726   -2.880721   -2.880597   -2.880472   -2.880347   -2.880222   -2.880097   -2.879977   -2.879972   -2.879659   -2.879347   -2.879033   -2.877461   -2.875880   -2.872674   -2.869376   -2.865971   -2.862445   -2.858795   -2.855018   -2.850991   -2.846805   -2.842488   -2.838036   -2.833447   -2.828483   -2.823329   -2.818050
   -2.914208   -2.914163   -2.914094   -2.913980   -2.913867   -2.913752   -2.913638   -2.913524   -2.913410   -2.913300   -2.913295   -2.913167   -2.913038   -2.912909   -2.912780   -2.912651   -2.912527   -2.912522   -2.912200   -2.911877   -2.911554   -2.909933   -2.908301   -2.904996   -2.901595   -2.898086   -2.894452   -2.890691   -2.886799   -2.882651   -2.878340   -2.873894   -2.869312   -2.864588   -2.859479   -2.854176   -2.848745
   -2.947313   -2.947267   -2.947197   -2.947081   -2.946965   -2.946848   -2.946731   -2.946615   -2.946498   -2.946386   -2.946381   -2.946250   -2.946118   -2.945987   -2.945855   -2.945723   -2.945597   -2.945591   -2.945262   -2.944932   -2.944602   -2.942945   -2.941275   -2.937890   -2.934403   -2.930799   -2.927062   -2.923188   -2.919175   -2.914896   -2.910450   -2.905867   -2.901143   -2.896275   -2.891011   -2.885547   -2.879954
   -2.980646   -2.980599   -2.980528   -2.980409   -2.980291   -2.980172   -2.980053   -2.979935   -2.979816   -2.979702   -2.979697   -2.979563   -2.979429   -2.979295   -2.979161   -2.979027   -2.978898   -2.978892   -2.978557   -2.978221   -2.977885   -2.976196   -2.974495   -2.971047   -2.967495   -2.963824   -2.960018   -2.956073   -2.951986   -2.947621   -2.943079   -2.938388   -2.933543   -2.928542   -2.923122   -2.917488   -2.911721
   -3.014211   -3.014163   -3.014090   -3.013970   -3.013849   -3.013728   -3.013607   -3.013486   -3.013365   -3.013249   -3.013244   -3.013107   -3.012971   -3.012834   -3.012698   -3.012561   -3.012430   -3.012424   -3.012082   -3.011740   -3.011397   -3.009677   -3.007944   -3.004431   -3.000811   -2.997071   -2.993194   -2.989175   -2.985010   -2.980564   -2.975936   -2.971157   -2.966223   -2.961128   -2.955607   -2.949866   -2.943976
   -3.048021   -3.047972   -3.047898   -3.047775   -3.047652   -3.047529   -3.047406   -3.047282   -3.047159   -3.047040   -3.047035   -3.046896   -3.046757   -3.046618   -3.046479   -3.046340   -3.046206   -3.046200   -3.045852   -3.045503   -3.045154   -3.043400   -3.041634   -3.038053   -3.034364   -3.030552   -3.026600   -3.022505   -3.018261   -3.013730   -3.009014   -3.004144   -2.999116   -2.993925   -2.988299   -2.982449   -2.976448
   -3.082140   -3.082089   -3.082014   -3.081888   -3.081762   -3.081636   -3.081509   -3.081383   -3.081257   -3.081135   -3.081130   -3.080988   -3.080845   -3.080703   -3.080560   -3.080418   -3.080281   -3.080275   -3.079918   -3.079561   -3.079203   -3.077408   -3.075601   -3.071939   -3.068171   -3.064281   -3.060252   -3.056076   -3.051750   -3.047132   -3.042325   -3.037360   -3.032235   -3.026945   -3.021209   -3.015246   -3.009130
   -3.116801   -3.116749   -3.116671   -3.116542   -3.116412   -3.116282   -3.116152   -3.116022   -3.115892   -3.115767   -3.115762   -3.115616   -3.115469   -3.115323   -3.115176   -3.115029   -3.114888   -3.114882   -3.114515   -3.114147   -3.113779   -3.111932   -3.110072   -3.106306   -3.102430   -3.098429   -3.094286   -3.089997   -3.085558   -3.080824   -3.075904   -3.070828   -3.065595   -3.060199   -3.054351   -3.048271   -3.042036
   -3.152080   -3.152026   -3.151946   -3.151813   -3.151679   -3.151545   -3.151412   -3.151278   -3.151144   -3.151015   -3.151010   -3.150859   -3.150708   -3.150557   -3.150405   -3.150254   -3.150109   -3.150103   -3.149724   -3.149346   -3.148966   -3.147062   -3.145147   -3.141266   -3.137274   -3.133155   -3.128889   -3.124474   -3.119906   -3.115034   -3.109971   -3.104751   -3.099369   -3.093821   -3.087816   -3.081581   -3.075197
   -3.188039   -3.187984   -3.187901   -3.187763   -3.187625   -3.187487   -3.187349   -3.187211   -3.187073   -3.186940   -3.186934   -3.186779   -3.186623   -3.186467   -3.186311   -3.186155   -3.186005   -3.185998   -3.185608   -3.185217   -3.184825   -3.182860   -3.180883   -3.176880   -3.172762   -3.168513   -3.164115   -3.159564   -3.154855   -3.149835   -3.144620   -3.139243   -3.133701   -3.127990   -3.121808   -3.115392   -3.108824
   -3.224728   -3.224671   -3.224586   -3.224443   -3.224301   -3.224159   -3.224016   -3.223874   -3.223731   -3.223594   -3.223588   -3.223428   -3.223267   -3.223106   -3.222945   -3.222784   -3.222629   -3.222623   -3.222219   -3.221816   -3.221412   -3.219384   -3.217343   -3.213210   -3.208957   -3.204569   -3.200027   -3.195327   -3.190467   -3.185286   -3.179904   -3.174358   -3.168643   -3.162756   -3.156384   -3.149772   -3.143007
   -3.262120   -3.262062   -3.261974   -3.261827   -3.261680   -3.261533   -3.261386   -3.261239   -3.261092   -3.260950   -3.260945   -3.260779   -3.260613   -3.260447   -3.260281   -3.260114   -3.259955   -3.259948   -3.259532   -3.259116   -3.258698   -3.256606   -3.254500   -3.250236   -3.245851   -3.241326   -3.236643   -3.231797   -3.226784   -3.221438   -3.215884   -3.210158   -3.204257   -3.198178   -3.191600   -3.184777   -3.177797
   -3.300281   -3.300221   -3.300130   -3.299978   -3.299826   -3.299674   -3.299522   -3.299370   -3.299218   -3.299072   -3.299066   -3.298894   -3.298723   -3.298551   -3.298380   -3.298208   -3.298043   -3.298036   -3.297606   -3.297175   -3.296744   -3.294580   -3.292404   -3.287997   -3.283466   -3.278793   -3.273957   -3.268953   -3.263779   -3.258264   -3.252534   -3.246629   -3.240546   -3.234279   -3.227494   -3.220454   -3.213251
   -3.339303   -3.339240   -3.339146   -3.338989   -3.338832   -3.338674   -3.338517   -3.338359   -3.338202   -3.338050   -3.338044   -3.337866   -3.337688   -3.337511   -3.337333   -3.337155   -3.336984   -3.336977   -3.336531   -3.336085   -3.335638   -3.333396   -3.331141   -3.326577   -3.321886   -3.317049   -3.312045   -3.306870   -3.301519   -3.295817   -3.289896   -3.283797   -3.277514   -3.271044   -3.264041   -3.256778   -3.249349
   -3.379280   -3.379214   -3.379117   -3.378953   -3.378790   -3.378627   -3.378464   -3.378300   -3.378136   -3.377979   -3.377973   -3.377788   -3.377604   -3.377419   -3.377235   -3.377050   -3.376873   -3.376865   -3.376402   -3.375939   -3.375475   -3.373148   -3.370809   -3.366073   -3.361207   -3.356190   -3.351002   -3.345637   -3.340092   -3.334185   -3.328053   -3.321738   -3.315237   -3.308545   -3.301304   -3.293797   -3.286121
   -3.420310   -3.420243   -3.420141   -3.419971   -3.419801   -3.419631   -3.419461   -3.419291   -3.419121   -3.418957   -3.418951   -3.418759   -3.418567   -3.418375   -3.418182   -3.417990   -3.417805   -3.417798   -3.417316   -3.416834   -3.416351   -3.413930   -3.411495   -3.406571   -3.401511   -3.396299   -3.390909   -3.385339   -3.379585   -3.373455   -3.367094   -3.360545   -3.353805   -3.346869   -3.339365   -3.331589   -3.323643
   -3.462557   -3.462486   -3.462379   -3.462202   -3.462024   -3.461847   -3.461669   -3.461492   -3.461314   -3.461143   -3.461136   -3.460935   -3.460735   -3.460534   -3.460334   -3.460133   -3.459940   -3.459932   -3.459429   -3.458925   -3.458421   -3.455892   -3.453350   -3.448210   -3.442933   -3.437498   -3.431883   -3.426082   -3.420092   -3.413715   -3.407100   -3.400295   -3.393294   -3.386094   -3.378307   -3.370240   -3.362000
   -3.506243   -3.506168   -3.506056   -3.505870   -3.505683   -3.505497   -3.505310   -3.505123   -3.504936   -3.504757   -3.504749   -3.504539   -3.504328   -3.504117   -3.503906   -3.503695   -3.503492   -3.503484   -3.502955   -3.502425   -3.501895   -3.499239   -3.496570   -3.491179   -3.485650   -3.479961   -3.474087   -3.468023   -3.461765   -3.455107   -3.448206   -3.441110   -3.433816   -3.426320   -3.418217   -3.409828   -3.401265
   -3.551803   -3.551724   -3.551605   -3.551407   -3.551209   -3.551011   -3.550813   -3.550615   -3.550416   -3.550226   -3.550218   -3.549995   -3.549771   -3.549547   -3.549324   -3.549100   -3.548885   -3.548876   -3.548314   -3.547753   -3.547191   -3.544373   -3.541545   -3.535836   -3.529987   -3.523977   -3.517780   -3.511394   -3.504813   -3.497822   -3.490587   -3.483158   -3.475530   -3.467696   -3.459234   -3.450481   -3.441555
   -3.599720   -3.599635   -3.599508   -3.599296   -3.599083   -3.598871   -3.598659   -3.598447   -3.598234   -3.598030   -3.598022   -3.597782   -3.597543   -3.597303   -3.597064   -3.596824   -3.596594   -3.596584   -3.595983   -3.595381   -3.594779   -3.591764   -3.588739   -3.582640   -3.576401   -3.569999   -3.563407   -3.556623   -3.549642   -3.542234   -3.534578   -3.526729   -3.518684   -3.510438   -3.501547   -3.492369   -3.483026
   -3.650611   -3.650520   -3.650382   -3.650153   -3.649924   -3.649694   -3.649465   -3.649235   -3.649006   -3.648785   -3.648776   -3.648517   -3.648259   -3.648000   -3.647741   -3.647481   -3.647233   -3.647222   -3.646572   -3.645922   -3.645272   -3.642014   -3.638746   -3.632161   -3.625431   -3.618536   -3.611451   -3.604172   -3.596697   -3.588779   -3.580611   -3.572252   -3.563699   -3.554949   -3.545527   -3.535817   -3.525951
   -3.705019   -3.704919   -3.704769   -3.704519   -3.704268   -3.704018   -3.703767   -3.703516   -3.703266   -3.703025   -3.703015   -3.702732   -3.702450   -3.702167   -3.701884   -3.701601   -3.701329   -3.701318   -3.700608   -3.699899   -3.699189   -3.695636   -3.692078   -3.684922   -3.677624   -3.670158   -3.662493   -3.654627   -3.646556   -3.638013   -3.629209   -3.620211   -3.611028   -3.601654   -3.591584   -3.581230   -3.570732
   -3.764241   -3.764128   -3.763960   -3.763679   -3.763399   -3.763118   -3.762837   -3.762556   -3.762275   -3.762006   -3.761995   -3.761678   -3.761362   -3.761045   -3.760729   -3.760412   -3.760108   -3.760096   -3.759302   -3.758508   -3.757714   -3.753748   -3.749784   -3.741835   -3.733761   -3.725532   -3.717114   -3.708504   -3.699699   -3.690408   -3.680862   -3.671132   -3.661212   -3.651100   -3.640245   -3.629096   -3.617814
   -3.830895   -3.830764   -3.830566   -3.830236   -3.829907   -3.829577   -3.829248   -3.828918   -3.828589   -3.828273   -3.828260   -3.827889   -3.827518   -3.827147   -3.826777   -3.826406   -3.826051   -3.826036   -3.825108   -3.824180   -3.823253   -3.818633   -3.814035   -3.804868   -3.795623   -3.786263   -3.776749   -3.767075   -3.757237   -3.746910   -3.736353   -3.725643   -3.714774   -3.703740   -3.691941   -3.679868   -3.667688
   -3.911495   -3.911321   -3.911061   -3.910628   -3.910195   -3.909763   -3.909331   -3.908900   -3.908469   -3.908056   -3.908039   -3.907554   -3.907071   -3.906588   -3.906105   -3.905623   -3.905161   -3.905142   -3.903937   -3.902735   -3.901538   -3.895611   -3.889776   -3.878311   -3.866949   -3.855621   -3.844262   -3.832854   -3.821379   -3.809456   -3.797380   -3.785234   -3.773004   -3.760675   -3.747575   -3.734256   -3.720893
   -4.047430   -4.046868   -4.046035   -4.044672   -4.043338   -4.042033   -4.040753   -4.039497   -4.038264   -4.037102   -4.037054   -4.035717   -4.034408   -4.033124   -4.031865   -4.030628   -4.029461   -4.029413   -4.026444   -4.023589   -4.020832   -4.008217   -3.997012   -3.977202   -3.959418   -3.942880   -3.927143   -3.911972   -3.897204   -3.882260   -3.867464   -3.852865   -3.838404   -3.824032   -3.808948   -3.793785   -3.778725
 -999.000000 -999.000000 -999.000000 -999.000000 -999.000000 -999.000000 -999.000000 -999.000000 -999.000000 -999.000000 -999.000000 -999.000000 -999.000000 -999.000000 -999.000000 -999.000000 -999.000000 -999.000000 -999.000000 -999.000000 -999.000000 -999.000000 -999.000000 -999.000000 -999.000000 -999.000000 -999.000000   -4.039145   -4.006175   -3.979987   -3.957193   -3.936474   -3.917094   -3.898635   -3.879876   -3.861510   -3.843658
 -999.000000 -999.000000 -999.000000 -999.000000 -999.000000 -999.000000 -999.000000 -999.000000 -999.000000 -999.000000 -999.000000 -999.000000 -999.000000 -999.000000 -999.000000 -999.000000 -999.000000 -999.000000 -999.000000 -999.000000 -999.000000 -999.000000 -999.000000 -999.000000 -999.000000 -999.000000 -999.000000 -999.000000 -999.000000 -999.000000 -999.000000 -999.000000   -4.044186   -4.003926   -3.972675   -3.945841   -3.921742
 -999.000000 -999.000000 -999.000000 -999.000000 -999.000000 -999.000000 -999.000000 -999.000000 -999.000000 -999.000000 -999.000000 -999.000000 -999.000000 -999.000000 -999.000000 -999.000000 -999.000000 -999.000000 -999.000000 -999.000000 -999.000000 -999.000000 -999.000000 -999.000000 -999.000000 -999.000000 -999.000000 -999.000000 -999.000000 -999.000000 -999.000000 -999.000000 -999.000000 -999.000000 -999.000000 -999.000000   -4.047484
#
# dtdh (rows - delta, columns - depth)
#
   -0.171379   -0.171379   -0.171378   -0.171377   -0.171377   -0.171376   -0.171375   -0.171374   -0.171374   -0.171373   -0.152679   -0.152678   -0.152677   -0.152676   -0.152675   -0.152675   -0.152674   -0.122925   -0.122914   -0.122902   -0.122891   -0.122835   -0.122779   -0.121436   -0.119325   -0.116782   -0.114218   -0.111753   -0.109392   -0.103393   -0.101497   -0.099663 -999.000000 -999.000000 -999.000000 -999.000000 -999.000000
   -0.171350   -0.171350   -0.171349   -0.171349   -0.171348   -0.171347   -0.171346   -0.171346   -0.171345   -0.171344   -0.152646   -0.152645   -0.152645   -0.152644   -0.152643   -0.152642   -0.152641   -0.122884   -0.122873   -0.122862   -0.122851   -0.122794   -0.122737   -0.121393   -0.119281   -0.116736   -0.114170   -0.111703   -0.109340   -0.103338   -0.101440   -0.099603   -0.097825   -0.096109   -0.089310   -0.088137   -0.087278
   -0.171322   -0.171321   -0.171321   -0.171320   -0.171319   -0.171319   -0.171318   -0.171317   -0.171316   -0.171315   -0.152614   -0.152613   -0.152612   -0.152612   -0.152611   -0.152610   -0.152609   -0.122844   -0.122833   -0.122822   -0.122810   -0.122753   -0.122696   -0.121351   -0.119237   -0.116691   -0.114124   -0.111655   -0.109290   -0.103284   -0.101383   -0.099545   -0.097765   -0.096046   -0.089242   -0.088067   -0.087206
   -0.171294   -0.171293   -0.171293   -0.171292   -0.171291   -0.171291   -0.171290   -0.171289   -0.171288   -0.171287   -0.152583   -0.152582   -0.152581   -0.152580   -0.152579   -0.152578   -0.152577   -0.122805   -0.122794   -0.122782   -0.122771   -0.122713   -0.122656   -0.121310   -0.119195   -0.116647   -0.114077   -0.111607   -0.109240   -0.103230   -0.101328   -0.099487   -0.097705   -0.095985   -0.089174   -0.087997   -0.087134
   -0.171266   -0.171266   -0.171265   -0.171264   -0.171264   -0.171263   -0.171262   -0.171261   -0.171260   -0.171259   -0.152551   -0.152550   -0.152549   -0.152548   -0.152548   -0.152547   -0.152546   -0.122766   -0.122754   -0.122743   -0.122731   -0.122674   -0.122616   -0.121269   -0.119152   -0.116603   -0.114032   -0.111559   -0.109191   -0.103177   -0.101273   -0.099430   -0.097646   -0.095923   -0.089107   -0.087928   -0.087063
   -0.171238   -0.171237   -0.171237   -0.171236   -0.171235   -0.171234   -0.171233   -0.171232   -0.171232   -0.171231   -0.152519   -0.152518   -0.152517   -0.152516   -0.152515   -0.152514   -0.152513   -0.122726   -0.122714   -0.122703   -0.122691   -0.122633   -0.122575   -0.121227   -0.119109   -0.116558   -0.113985   -0.111511   -0.109141   -0.103124   -0.101218   -0.099373   -0.097587   -0.095863   -0.089041   -0.087859   -0.086993
   -0.171209   -0.171208   -0.171208   -0.171207   -0.171206   -0.171205   -0.171204   -0.171203   -0.171202   -0.171202   -0.152486   -0.152485   -0.152484   -0.152483   -0.152482   -0.152481   -0.152481   -0.122685   -0.122673   -0.122662   -0.122650   -0.122592   -0.122534   -0.121184   -0.119065   -0.116512   -0.113938   -0.111462   -0.109090   -0.103069   -0.101161   -0.099315   -0.097527   -0.095801   -0.088973   -0.087790   -0.086922
   -0.171179   -0.171178   -0.171178   -0.171177   -0.171176   -0.171175   -0.171174   -0.171173   -0.171172   -0.171172   -0.152453   -0.152452   -0.152451   -0.152450   -0.152449   -0.152448   -0.152447   -0.122643   -0.122631   -0.122620   -0.122608   -0.122549   -0.122491   -0.121141   -0.119020   -0.116466   -0.113890   -0.111412   -0.109038   -0.103013   -0.101104   -0.099256   -0.097466   -0.095738   -0.088904   -0.087719   -0.086849
   -0.171148   -0.171148   -0.171147   -0.171146   -0.171146   -0.171145   -0.171144   -0.171143   -0.171142   -0.171141   -0.152418   -0.152417   -0.152416   -0.152415   -0.152414   -0.152413   -0.152412   -0.122600   -0.122588   -0.122577   -0.122565   -0.122506   -0.122447   -0.121096   -0.118974   -0.116418   -0.113840   -0.111361   -0.108985   -0.102956   -0.101045   -0.099195   -0.097403   -0.095673   -0.088833   -0.087647   -0.086775
   -0.171117   -0.171117   -0.171116   -0.171115   -0.171115   -0.171114   -0.171113   -0.171112   -0.171111   -0.171110   -0.152383   -0.152382   -0.152381   -0.152380   -0.152379   -0.152378   -0.152377   -0.122556   -0.122545   -0.122533   -0.122521   -0.122462   -0.122403   -0.121050   -0.118926   -0.116369   -0.113789   -0.111308   -0.108931   -0.102898   -0.100985   -0.099133   -0.097339   -0.095607   -0.088761   -0.087572   -0.086699
   -0.171086   -0.171085   -0.171085   -0.171084   -0.171083   -0.171082   -0.171081   -0.171080   -0.171079   -0.171078   -0.152348   -0.152347   -0.152346   -0.152345   -0.152344   -0.152342   -0.152341   -0.122512   -0.122500   -0.122488   -0.122476   -0.122417   -0.122357   -0.121004   -0.118879   -0.116319   -0.113738   -0.111255   -0.108875   -0.102839   -0.100923   -0.099070   -0.097274   -0.095539   -0.088687   -0.087497   -0.086621
   -0.171054   -0.171054   -0.171053   -0.171052   -0.171051   -0.171050   -0.171049   -0.171048   -0.171047   -0.171046   -0.152312   -0.152311   -0.152310   -0.152309   -0.152307   -0.152306   -0.152305   -0.122467   -0.122455   -0.122443   -0.122431   -0.122371   -0.122312   -0.120957   -0.118830   -0.116269   -0.113686   -0.111201   -0.108819   -0.102779   -0.100861   -0.099005   -0.097207   -0.095471   -0.088612   -0.087420   -0.086542
   -0.171022   -0.171021   -0.171021   -0.171020   -0.171019   -0.171018   -0.171017   -0.171016   -0.171015   -0.171014   -0.152275   -0.152274   -0.152273   -0.152272   -0.152271   -0.152270   -0.152269   -0.122421   -0.122409   -0.122397   -0.122385   -0.122325   -0.122265   -0.120909   -0.118781   -0.116218   -0.113633   -0.111146   -0.108762   -0.102718   -0.100798   -0.098940   -0.097140   -0.095401   -0.088536   -0.087341   -0.086462
   -0.170989   -0.170988   -0.170988   -0.170987   -0.170986   -0.170985   -0.170984   -0.170983   -0.170982   -0.170981   -0.152238   -0.152237   -0.152236   -0.152235   -0.152234   -0.152232   -0.152231   -0.122375   -0.122363   -0.122351   -0.122339   -0.122278   -0.122218   -0.120861   -0.118731   -0.116166   -0.113579   -0.111090   -0.108705   -0.102656   -0.100734   -0.098874   -0.097072   -0.095331   -0.088459   -0.087262   -0.086381
   -0.170955   -0.170955   -0.170954   -0.170953   -0.170952   -0.170951   -0.170950   -0.170949   -0.170948   -0.170947   -0.152200   -0.152199   -0.152198   -0.152197   -0.152196   -0.152194   -0.152193   -0.122328   -0.122315   -0.122303   -0.122291   -0.122230   -0.122170   -0.120811   -0.118680   -0.116113   -0.113524   -0.111034   -0.108646   -0.102593   -0.100669   -0.098807   -0.097002   -0.095259   -0.088381   -0.087182   -0.086299
   -0.170921   -0.170920   -0.170920   -0.170919   -0.170918   -0.170917   -0.170915   -0.170914   -0.170913   -0.170912   -0.152161   -0.152160   -0.152159   -0.152158   -0.152157   -0.152155   -0.152154   -0.122279   -0.122267   -0.122255   -0.122243   -0.122182   -0.122120   -0.120761   -0.118628   -0.116059   -0.113468   -0.110976   -0.108586   -0.102528   -0.100603   -0.098738   -0.096931   -0.095186   -0.088301   -0.087100   -0.086215
   -0.170886   -0.170885   -0.170885   -0.170884   -0.170882   -0.170881   -0.170880   -0.170879   -0.170878   -0.170877   -0.152122   -0.152121   -0.152119   -0.152118   -0.152117   -0.152116   -0.152115   -0.122230   -0.122217   -0.122205   -0.122193   -0.122131   -0.122070   -0.120709   -0.118575   -0.116004   -0.113411   -0.110916   -0.108525   -0.102462   -0.100535   -0.098668   -0.096859   -0.095111   -0.088220   -0.087016   -0.086129
   -0.170850   -0.170850   -0.170849   -0.170848   -0.170847   -0.170845   -0.170844   -0.170843   -0.170842   -0.170841   -0.152081   -0.152080   -0.152079   -0.152078   -0.152076   -0.152075   -0.152074   -0.122179   -0.122167   -0.122154   -0.122142   -0.122080   -0.122018   -0.120656   -0.118520   -0.115948   -0.113353   -0.110856   -0.108462   -0.102395   -0.100465   -0.098596   -0.096785   -0.095035   -0.088136   -0.086930   -0.086041
   -0.170814   -0.170813   -0.170812   -0.170811   -0.170810   -0.170809   -0.170808   -0.170807   -0.170806   -0.170804   -0.152040   -0.152039   -0.152038   -0.152036   -0.152035   -0.152034   -0.152033   -0.122128   -0.122115   -0.122103   -0.122091   -0.122028   -0.121966   -0.120603   -0.118465   -0.115890   -0.113293   -0.110794   -0.108398   -0.102326   -0.100394   -0.098523   -0.096709   -0.094957   -0.088051   -0.086843   -0.085952
   -0.170777   -0.170776   -0.170775   -0.170774   -0.170773   -0.170772   -0.170771   -0.170770   -0.170768   -0.170767   -0.151999   -0.151997   -0.151996   -0.151995   -0.151993   -0.151992   -0.151991   -0.122075   -0.122063   -0.122051   -0.122038   -0.121975   -0.121913   -0.120548   -0.118408   -0.115832   -0.113233   -0.110731   -0.108333   -0.102257   -0.100322   -0.098449   -0.096632   -0.094877   -0.087964   -0.086753   -0.085860
   -0.170739   -0.170739   -0.170738   -0.170737   -0.170735   -0.170734   -0.170733   -0.170732   -0.170731   -0.170729   -0.151956   -0.151955   -0.151953   -0.151952   -0.151951   -0.151949   -0.151948   -0.122022   -0.122010   -0.121997   -0.121985   -0.121922   -0.121859   -0.120493   -0.118351   -0.115773   -0.113171   -0.110668   -0.108267   -0.102186   -0.100249   -0.098373   -0.096554   -0.094796   -0.087876   -0.086663   -0.085767
   -0.170701   -0.170700   -0.170700   -0.170698   -0.170697   -0.170696   -0.170695   -0.170693   -0.170692   -0.170691   -0.151913   -0.151911   -0.151910   -0.151909   -0.151907   -0.151906   -0.151905   -0.121968   -0.121956   -0.121943   -0.121930   -0.121867   -0.121804   -0.120436   -0.118293   -0.115713   -0.113109   -0.110603   -0.108200   -0.102113   -0.100174   -0.098296   -0.096475   -0.094714   -0.087786   -0.086570   -0.085673
   -0.170662   -0.170661   -0.170661   -0.170659   -0.170658   -0.170657   -0.170656   -0.170654   -0.170653   -0.170652   -0.151869   -0.151867   -0.151866   -0.151865   -0.151863   -0.151862   -0.151861   -0.121913   -0.121901   -0.121888   -0.121875   -0.121812   -0.121748   -0.120379   -0.118234   -0.115651   -0.113045   -0.110537   -0.108131   -0.102040   -0.100098   -0.098218   -0.096394   -0.094631   -0.087695   -0.086477   -0.085577
   -0.170622   -0.170622   -0.170621   -0.170620   -0.170618   -0.170617   -0.170616   -0.170615   -0.170613   -0.170612   -0.151824   -0.151823   -0.151821   -0.151820   -0.151818   -0.151817   -0.151816   -0.121857   -0.121845   -0.121832   -0.121819   -0.121755   -0.121691   -0.120320   -0.118173   -0.115589   -0.112980   -0.110470   -0.108062   -0.101965   -0.100021   -0.098138   -0.096311   -0.094546   -0.087602   -0.086381   -0.085479
   -0.170582   -0.170581   -0.170581   -0.170579   -0.170578   -0.170577   -0.170575   -0.170574   -0.170573   -0.170571   -0.151779   -0.151777   -0.151776   -0.151774   -0.151773   -0.151771   -0.151770   -0.121800   -0.121788   -0.121775   -0.121762   -0.121697   -0.121633   -0.120261   -0.118112   -0.115525   -0.112914   -0.110401   -0.107991   -0.101889   -0.099943   -0.098057   -0.096228   -0.094459   -0.087507   -0.086284   -0.085380
   -0.170541   -0.170540   -0.170539   -0.170538   -0.170537   -0.170535   -0.170534   -0.170533   -0.170531   -0.170530   -0.151732   -0.151731   -0.151729   -0.151728   -0.151726   -0.151725   -0.151723   -0.121742   -0.121729   -0.121716   -0.121703   -0.121638   -0.121573   -0.120200   -0.118050   -0.115460   -0.112847   -0.110332   -0.107919   -0.101812   -0.099863   -0.097974   -0.096142   -0.094371   -0.087411   -0.086185   -0.085278
   -0.170499   -0.170498   -0.170497   -0.170496   -0.170494   -0.170493   -0.170492   -0.170490   -0.170489   -0.170488   -0.151684   -0.151683   -0.151681   -0.151680   -0.151678   -0.151677   -0.151675   -0.121682   -0.121669   -0.121656   -0.121643   -0.121578   -0.121513   -0.120138   -0.117985   -0.115394   -0.112779   -0.110261   -0.107845   -0.101733   -0.099781   -0.097890   -0.096055   -0.094282   -0.087313   -0.086084   -0.085175
   -0.170455   -0.170455   -0.170454   -0.170452   -0.170451   -0.170449   -0.170448   -0.170447   -0.170445   -0.170444   -0.151635   -0.151634   -0.151632   -0.151631   -0.151629   -0.151627   -0.151626   -0.121621   -0.121608   -0.121595   -0.121582   -0.121516   -0.121450   -0.120074   -0.117919   -0.115326   -0.112708   -0.110187   -0.107770   -0.101652   -0.099697   -0.097803   -0.095966   -0.094190   -0.087212   -0.085981   -0.085070
   -0.170410   -0.170410   -0.170409   -0.170407   -0.170406   -0.170405   -0.170403   -0.170402   -0.170400   -0.170399   -0.151585   -0.151583   -0.151581   -0.151580   -0.151578   -0.151577   -0.151575   -0.121558   -0.121544   -0.121531   -0.121518   -0.121452   -0.121386   -0.120008   -0.117851   -0.115255   -0.112635   -0.110112   -0.107692   -0.101568   -0.099611   -0.097714   -0.095875   -0.094095   -0.087109   -0.085875   -0.084962
   -0.170364   -0.170364   -0.170363   -0.170361   -0.170360   -0.170358   -0.170357   -0.170355   -0.170354   -0.170353   -0.151532   -0.151531   -0.151529   -0.151528   -0.151526   -0.151524   -0.151523   -0.121492   -0.121479   -0.121466   -0.121453   -0.121386   -0.121319   -0.119940   -0.117781   -0.115183   -0.112560   -0.110034   -0.107611   -0.101482   -0.099522   -0.097623   -0.095780   -0.093998   -0.087003   -0.085766   -0.084850
   -0.170317   -0.170317   -0.170316   -0.170314   -0.170313   -0.170311   -0.170310   -0.170308   -0.170307   -0.170305   -0.151479   -0.151478   -0.151476   -0.151474   -0.151473   -0.151471   -0.151470   -0.121426   -0.121413   -0.121399   -0.121386   -0.121319   -0.121252   -0.119871   -0.117710   -0.115109   -0.112483   -0.109955   -0.107529   -0.101393   -0.099431   -0.097528   -0.095683   -0.093897   -0.086893   -0.085654   -0.084736
   -0.170269   -0.170269   -0.170268   -0.170266   -0.170265   -0.170263   -0.170262   -0.170260   -0.170259   -0.170257   -0.151425   -0.151424   -0.151422   -0.151420   -0.151419   -0.151417   -0.151415   -0.121358   -0.121345   -0.121331   -0.121318   -0.121250   -0.121183   -0.119800   -0.117637   -0.115033   -0.112405   -0.109874   -0.107445   -0.101303   -0.099337   -0.097432   -0.095583   -0.093795   -0.086781   -0.085539   -0.084618
   -0.170221   -0.170220   -0.170219   -0.170218   -0.170216   -0.170215   -0.170213   -0.170211   -0.170210   -0.170208   -0.151370   -0.151369   -0.151367   -0.151365   -0.151363   -0.151362   -0.151360   -0.121289   -0.121276   -0.121262   -0.121249   -0.121181   -0.121112   -0.119728   -0.117563   -0.114956   -0.112325   -0.109791   -0.107359   -0.101211   -0.099243   -0.097334   -0.095482   -0.093690   -0.086667   -0.085421   -0.084497
   -0.170171   -0.170170   -0.170170   -0.170168   -0.170166   -0.170165   -0.170163   -0.170162   -0.170160   -0.170158   -0.151314   -0.151312   -0.151311   -0.151309   -0.151307   -0.151305   -0.151304   -0.121219   -0.121205   -0.121192   -0.121178   -0.121110   -0.121041   -0.119655   -0.117487   -0.114878   -0.112244   -0.109707   -0.107272   -0.101117   -0.099146   -0.097234   -0.095379   -0.093584   -0.086550   -0.085302   -0.084375
   -0.170120   -0.170119   -0.170118   -0.170117   -0.170115   -0.170114   -0.170112   -0.170110   -0.170109   -0.170107   -0.151256   -0.151255   -0.151253   -0.151251   -0.151249   -0.151247   -0.151246   -0.121147   -0.121133   -0.121119   -0.121105   -0.121036   -0.120967   -0.119579   -0.117410   -0.114798   -0.112161   -0.109621   -0.107183   -0.101022   -0.099047   -0.097132   -0.095274   -0.093475   -0.086431   -0.085179   -0.084250
   -0.170067   -0.170067   -0.170066   -0.170064   -0.170062   -0.170061   -0.170059   -0.170058   -0.170056   -0.170054   -0.151197   -0.151195   -0.151193   -0.151191   -0.151190   -0.151188   -0.151186   -0.121072   -0.121058   -0.121044   -0.121031   -0.120961   -0.120892   -0.119502   -0.117330   -0.114715   -0.112075   -0.109532   -0.107091   -0.100923   -0.098946   -0.097028   -0.095166   -0.093364   -0.086310   -0.085055   -0.084122
   -0.170013   -0.170013   -0.170012   -0.170010   -0.170008   -0.170006   -0.170005   -0.170003   -0.170001   -0.170000   -0.151136   -0.151134   -0.151132   -0.151130   -0.151128   -0.151126   -0.151124   -0.120995   -0.120981   -0.120967   -0.120953   -0.120884   -0.120813   -0.119422   -0.117247   -0.114630   -0.111987   -0.109441   -0.106997   -0.100822   -0.098841   -0.096920   -0.095055   -0.093250   -0.086185   -0.084927   -0.083992
   -0.169957   -0.169957   -0.169956   -0.169954   -0.169952   -0.169950   -0.169949   -0.169947   -0.169945   -0.169943   -0.151072   -0.151071   -0.151069   -0.151067   -0.151065   -0.151063   -0.151061   -0.120916   -0.120902   -0.120888   -0.120874   -0.120803   -0.120733   -0.119340   -0.117162   -0.114542   -0.111896   -0.109347   -0.106900   -0.100718   -0.098734   -0.096809   -0.094941   -0.093132   -0.086056   -0.084795   -0.083857
   -0.169900   -0.169899   -0.169898   -0.169896   -0.169894   -0.169893   -0.169891   -0.169889   -0.169887   -0.169885   -0.151007   -0.151005   -0.151003   -0.151001   -0.150999   -0.150997   -0.150995   -0.120834   -0.120820   -0.120806   -0.120792   -0.120721   -0.120650   -0.119255   -0.117075   -0.114451   -0.111802   -0.109250   -0.106799   -0.100610   -0.098623   -0.096695   -0.094823   -0.093011   -0.085924   -0.084659   -0.083718
   -0.169840   -0.169839   -0.169838   -0.169836   -0.169835   -0.169833   -0.169831   -0.169829   -0.169827   -0.169826   -0.150940   -0.150938   -0.150936   -0.150934   -0.150932   -0.150930   -0.150928   -0.120750   -0.120735   -0.120721   -0.120707   -0.120635   -0.120564   -0.119167   -0.116984   -0.114358   -0.111706   -0.109150   -0.106696   -0.100499   -0.098508   -0.096577   -0.094701   -0.092886   -0.085787   -0.084519   -0.083575
   -0.169778   -0.169777   -0.169776   -0.169775   -0.169773   -0.169771   -0.169769   -0.169767   -0.169765   -0.169764   -0.150870   -0.150868   -0.150866   -0.150864   -0.150862   -0.150860   -0.150858   -0.120662   -0.120648   -0.120633   -0.120619   -0.120547   -0.120475   -0.119076   -0.116891   -0.114261   -0.111606   -0.109046   -0.106589   -0.100384   -0.098390   -0.096455   -0.094576   -0.092756   -0.085645   -0.084374   -0.083427
   -0.169714   -0.169713   -0.169712   -0.169711   -0.169709   -0.169707   -0.169705   -0.169703   -0.169701   -0.169699   -0.150798   -0.150796   -0.150794   -0.150791   -0.150789   -0.150787   -0.150785   -0.120571   -0.120557   -0.120542   -0.120528   -0.120456   -0.120383   -0.118982   -0.116794   -0.114161   -0.111502   -0.108939   -0.106478   -0.100266   -0.098268   -0.096329   -0.094446   -0.092623   -0.085499   -0.084224   -0.083275
   -0.169648   -0.169647   -0.169646   -0.169644   -0.169642   -0.169640   -0.169638   -0.169636   -0.169634   -0.169632   -0.150723   -0.150720   -0.150718   -0.150716   -0.150714   -0.150712   -0.150710   -0.120477   -0.120462   -0.120448   -0.120433   -0.120360   -0.120287   -0.118884   -0.116693   -0.114057   -0.111394   -0.108828   -0.106363   -0.100143   -0.098141   -0.096199   -0.094312   -0.092485   -0.085348   -0.084070   -0.083117
   -0.169578   -0.169578   -0.169576   -0.169575   -0.169573   -0.169571   -0.169569   -0.169567   -0.169565   -0.169563   -0.150644   -0.150642   -0.150640   -0.150638   -0.150635   -0.150633   -0.150631   -0.120379   -0.120364   -0.120349   -0.120335   -0.120261   -0.120187   -0.118782   -0.116588   -0.113949   -0.111283   -0.108713   -0.106244   -0.100015   -0.098009   -0.096063   -0.094173   -0.092341   -0.085192   -0.083910   -0.082954
   -0.169506   -0.169505   -0.169504   -0.169502   -0.169500   -0.169498   -0.169496   -0.169494   -0.169492   -0.169490   -0.150562   -0.150560   -0.150558   -0.150555   -0.150553   -0.150551   -0.150549   -0.120275   -0.120261   -0.120246   -0.120231   -0.120157   -0.120083   -0.118675   -0.116479   -0.113836   -0.111166   -0.108592   -0.106120   -0.099882   -0.097872   -0.095922   -0.094028   -0.092193   -0.085029   -0.083743   -0.082784
   -0.169429   -0.169428   -0.169427   -0.169425   -0.169423   -0.169421   -0.169419   -0.169417   -0.169415   -0.169413   -0.150475   -0.150473   -0.150471   -0.150469   -0.150466   -0.150464   -0.150462   -0.120167   -0.120152   -0.120137   -0.120122   -0.120048   -0.119973   -0.118563   -0.116364   -0.113717   -0.111043   -0.108466   -0.105989   -0.099742   -0.097729   -0.095775   -0.093876   -0.092037   -0.084860   -0.083570   -0.082608
   -0.169347   -0.169346   -0.169345   -0.169343   -0.169341   -0.169339   -0.169337   -0.169335   -0.169333   -0.169331   -0.150383   -0.150381   -0.150378   -0.150376   -0.150374   -0.150371   -0.150369   -0.120051   -0.120036   -0.120021   -0.120006   -0.119931   -0.119856   -0.118444   -0.116242   -0.113591   -0.110914   -0.108332   -0.105852   -0.099595   -0.097578   -0.095620   -0.093718   -0.091875   -0.084682   -0.083389   -0.082424
   -0.169259   -0.169258   -0.169257   -0.169255   -0.169253   -0.169251   -0.169249   -0.169247   -0.169244   -0.169242   -0.150283   -0.150281   -0.150279   -0.150276   -0.150274   -0.150272   -0.150269   -0.119926   -0.119911   -0.119896   -0.119881   -0.119805   -0.119730   -0.118316   -0.116111   -0.113457   -0.110775   -0.108190   -0.105706   -0.099439   -0.097418   -0.095457   -0.093550   -0.091703   -0.084495   -0.083199   -0.082230
   -0.169163   -0.169163   -0.169161   -0.169159   -0.169157   -0.169155   -0.169153   -0.169151   -0.169149   -0.169146   -0.150175   -0.150173   -0.150171   -0.150168   -0.150166   -0.150163   -0.150161   -0.119790   -0.119775   -0.119760   -0.119745   -0.119669   -0.119594   -0.118178   -0.115969   -0.113311   -0.110626   -0.108036   -0.105548   -0.099272   -0.097247   -0.095281   -0.093371   -0.091520   -0.084297   -0.082997   -0.082026
   -0.169058   -0.169057   -0.169056   -0.169053   -0.169051   -0.169049   -0.169047   -0.169045   -0.169043   -0.169041   -0.150056   -0.150054   -0.150051   -0.150049   -0.150046   -0.150044   -0.150042   -0.119640   -0.119625   -0.119610   -0.119595   -0.119519   -0.119444   -0.118026   -0.115814   -0.113153   -0.110464   -0.107870   -0.105378   -0.099090   -0.097062   -0.095092   -0.093178   -0.091323   -0.084083   -0.082780   -0.081807
   -0.168937   -0.168936   -0.168934   -0.168932   -0.168930   -0.168928   -0.168926   -0.168924   -0.168921   -0.168919   -0.149919   -0.149917   -0.149915   -0.149912   -0.149910   -0.149908   -0.149905   -0.119469   -0.119454   -0.119439   -0.119424   -0.119349   -0.119274   -0.117855   -0.115641   -0.112976   -0.110283   -0.107686   -0.105190   -0.098892   -0.096860   -0.094887   -0.092969   -0.091110   -0.083853   -0.082547   -0.081572
   -0.168787   -0.168786   -0.168785   -0.168783   -0.168781   -0.168779   -0.168777   -0.168775   -0.168773   -0.168771   -0.149752   -0.149750   -0.149747   -0.149745   -0.149743   -0.149741   -0.149738   -0.119260   -0.119245   -0.119231   -0.119216   -0.119143   -0.119069   -0.117651   -0.115437   -0.112770   -0.110075   -0.107476   -0.104977   -0.098668   -0.096633   -0.094658   -0.092738   -0.090876   -0.083601   -0.082293   -0.081317
   -0.168528   -0.168528   -0.168527   -0.168527   -0.168526   -0.168526   -0.168525   -0.168525   -0.168524   -0.168523   -0.149473   -0.149472   -0.149472   -0.149471   -0.149470   -0.149470   -0.149469   -0.118921   -0.118911   -0.118901   -0.118890   -0.118833   -0.118772   -0.117371   -0.115166   -0.112506   -0.109814   -0.107217   -0.104720   -0.098401   -0.096368   -0.094393   -0.092473   -0.090610   -0.083317   -0.082010   -0.081034
 -999.000000 -999.000000 -999.000000 -999.000000 -999.000000 -999.000000 -999.000000 -999.000000 -999.000000 -999.000000 -999.000000 -999.000000 -999.000000 -999.000000 -999.000000 -999.000000 -999.000000 -999.000000 -999.000000 -999.000000 -999.000000 -999.000000 -999.000000 -999.000000 -999.000000 -999.000000 -999.000000   -0.106789   -0.104341   -0.098035   -0.096021   -0.094058   -0.092147   -0.090291   -0.082982   -0.081680   -0.080711
 -999.000000 -999.000000 -999.000000 -999.000000 -999.000000 -999.000000 -999.000000 -999.000000 -999.000000 -999.000000 -999.000000 -999.000000 -999.000000 -999.000000 -999.000000 -999.000000 -999.000000 -999.000000 -999.000000 -999.000000 -999.000000 -999.000000 -999.000000 -999.000000 -999.000000 -999.000000 -999.000000 -999.000000 -999.000000 -999.000000 -999.000000 -999.000000   -0.091604   -0.089828   -0.082533   -0.081261   -0.080312
 -999.000000 -999.000000 -999.000000 -999.000000 -999.000000 -999.000000 -999.000000 -999.000000 -999.000000 -999.000000 -999.000000 -999.000000 -999.000000 -999.000000 -999.000000 -999.000000 -999.000000 -999.000000 -999.000000 -999.000000 -999.000000 -999.000000 -999.000000 -999.000000 -999.000000 -999.000000 -999.000000 -999.000000 -999.000000 -999.000000 -999.000000 -999.000000 -999.000000 -999.000000 -999.000000 -999.000000   -0.079650
#
# iasp91 travel-time table for PKKPbc
#
