#
# iasp91 travel-time table for SP
#
# number of distance and depth samples
54 37
# delta samples
85.000 86.000 87.000 88.000 89.000 90.000 91.000 92.000 93.000 94.000 95.000 96.000 97.000 98.000 99.000 100.000 101.000 102.000 103.000 104.000 105.000 106.000 107.000 108.000 109.000 
110.000 111.000 112.000 113.000 114.000 115.000 116.000 117.000 118.000 119.000 120.000 121.000 122.000 123.000 124.000 125.000 126.000 127.000 128.000 129.000 130.000 131.000 132.000 133.000 134.000 
135.000 136.000 137.000 138.000 
# depth samples
    0.000000    1.000000    2.500000    5.000000    7.500000   10.000000   12.500000   15.000000   17.500000   19.900000   20.000000   22.500000   25.000000   27.500000   30.000000   32.500000   34.900000   35.000000   40.000000   45.000000   50.000000   75.000000  100.000000  150.000000  200.000000  250.000000  300.000000  350.000000  400.000000  450.000000  500.000000  550.000000  600.000000  650.000000  700.000000  750.000000  800.000000
#
# travel times (rows - delta, columns - depth)
#
 -999.000000 -999.000000 -999.000000 -999.000000 -999.000000 -999.000000 -999.000000 -999.000000 -999.000000 -999.000000 -999.000000 -999.000000 -999.000000 -999.000000 -999.000000 -999.000000 -999.000000 -999.000000 -999.000000 -999.000000 -999.000000 -999.000000 -999.000000 -999.000000 -999.000000 -999.000000 -999.000000 -999.000000 -999.000000 -999.000000 -999.000000 -999.000000 -999.000000 -999.000000 -999.000000 1316.322754 1310.641846
 -999.000000 -999.000000 -999.000000 -999.000000 -999.000000 -999.000000 -999.000000 -999.000000 -999.000000 -999.000000 -999.000000 -999.000000 -999.000000 -999.000000 -999.000000 -999.000000 -999.000000 -999.000000 -999.000000 -999.000000 -999.000000 -999.000000 -999.000000 -999.000000 -999.000000 -999.000000 -999.000000 -999.000000 -999.000000 -999.000000 -999.000000 -999.000000 1346.843018 1339.689453 1333.350830 1327.434082 1321.748291
 -999.000000 -999.000000 -999.000000 -999.000000 -999.000000 -999.000000 -999.000000 -999.000000 -999.000000 -999.000000 -999.000000 -999.000000 -999.000000 -999.000000 -999.000000 -999.000000 -999.000000 -999.000000 -999.000000 -999.000000 -999.000000 -999.000000 -999.000000 -999.000000 -999.000000 -999.000000 -999.000000 -999.000000 -999.000000 1380.981323 1373.042725 1365.369263 1357.956299 1350.800171 1344.457153 1338.533813 1332.839355
 -999.000000 -999.000000 -999.000000 -999.000000 -999.000000 -999.000000 -999.000000 -999.000000 -999.000000 -999.000000 -999.000000 -999.000000 -999.000000 -999.000000 -999.000000 -999.000000 -999.000000 -999.000000 -999.000000 -999.000000 -999.000000 -999.000000 -999.000000 -999.000000 -999.000000 -999.000000 1418.524658 1409.338379 1400.399170 1392.094849 1384.154297 1376.477783 1369.060547 1361.898926 1355.548096 1349.614868 1343.908081
 -999.000000 -999.000000 -999.000000 -999.000000 -999.000000 -999.000000 -999.000000 -999.000000 -999.000000 -999.000000 -999.000000 -999.000000 -999.000000 -999.000000 -999.000000 -999.000000 -999.000000 -999.000000 -999.000000 -999.000000 -999.000000 1473.425415 1468.465332 1458.593628 1448.772705 1439.077393 1429.637573 1420.449341 1411.507446 1403.199585 1395.254517 1387.572266 1380.148071 1372.978149 1366.616577 1360.670044 1354.947754
 1501.823364 1501.542969 1501.122437 1500.421753 1499.720947 1499.020264 1498.319580 1497.618896 1496.918213 1496.245728 1496.217651 1495.599976 1494.982178 1494.364502 1493.746948 1493.129395 1492.536499 1492.511841 1491.512817 1490.514404 1489.516724 1484.538818 1479.578125 1469.704712 1459.881714 1450.183716 1440.740601 1431.548340 1422.601807 1414.288086 1406.335815 1398.645508 1391.211792 1384.031006 1377.655640 1371.693115 1365.952515
 1512.931274 1512.650879 1512.230347 1511.529541 1510.828613 1510.127808 1509.427002 1508.726318 1508.025635 1507.352905 1507.324951 1506.707031 1506.089233 1505.471558 1504.853760 1504.236084 1503.643188 1503.618530 1502.619141 1501.620483 1500.622559 1495.643188 1490.680908 1480.804077 1470.977051 1461.274658 1451.826172 1442.627930 1433.674561 1425.352783 1417.391357 1409.690552 1402.245117 1395.051025 1388.659668 1382.678589 1376.917480
 1524.024780 1523.744385 1523.323730 1522.622681 1521.921753 1521.220825 1520.519897 1519.818970 1519.118042 1518.445312 1518.417358 1517.799316 1517.181274 1516.563354 1515.945435 1515.327515 1514.734497 1514.709839 1513.709961 1512.710938 1511.712524 1506.730835 1501.766235 1491.884155 1482.051392 1472.342529 1462.887085 1453.681030 1444.718994 1436.387207 1428.414551 1420.701172 1413.242065 1406.032837 1399.623291 1393.621704 1387.837891
 1535.096436 1534.815918 1534.395142 1533.693970 1532.992798 1532.291626 1531.590454 1530.889404 1530.188354 1529.515259 1529.487305 1528.869019 1528.250854 1527.632568 1527.014526 1526.396362 1525.802979 1525.778442 1524.777954 1523.778320 1522.779297 1517.794556 1512.826660 1502.937744 1493.097534 1483.380859 1473.916626 1464.701172 1455.728882 1447.385254 1439.399658 1431.672119 1424.197632 1416.971558 1410.542114 1404.518188 1398.710205
 1546.139160 1545.858521 1545.437622 1544.736206 1544.034668 1543.333252 1542.631836 1541.930542 1541.229248 1540.555908 1540.527954 1539.909424 1539.290894 1538.672363 1538.053955 1537.435547 1536.841919 1536.817261 1535.816040 1534.815674 1533.815918 1528.827271 1523.855469 1513.958252 1504.109375 1494.383179 1484.908936 1475.682617 1466.698608 1458.341797 1450.341675 1442.598633 1435.107178 1427.862915 1421.412109 1415.364624 1409.531006
 1557.146606 1556.865967 1556.444824 1555.743042 1555.041260 1554.339600 1553.637817 1552.936157 1552.234619 1551.561035 1551.532959 1550.914062 1550.295166 1549.676392 1549.057617 1548.438843 1547.844849 1547.820190 1546.818237 1545.816895 1544.816284 1539.823120 1534.846680 1524.939941 1515.081055 1505.344360 1495.858765 1486.620361 1477.623413 1469.252075 1461.236328 1453.476440 1445.967041 1438.703491 1432.230103 1426.157715 1420.297485
 1568.113403 1567.832520 1567.411255 1566.709106 1566.006958 1565.304932 1564.602905 1563.900879 1563.198853 1562.525024 1562.496948 1561.877686 1561.258423 1560.639160 1560.020020 1559.400757 1558.806396 1558.781738 1557.778809 1556.776489 1555.774902 1550.776733 1545.795166 1535.877686 1526.007812 1516.259399 1506.761597 1497.510010 1488.499146 1480.112427 1472.080078 1464.302368 1456.773804 1449.489990 1442.993164 1436.894897 1431.007324
 1579.034302 1578.753296 1578.331787 1577.629272 1576.926758 1576.224365 1575.521973 1574.819580 1574.117188 1573.442993 1573.414917 1572.795166 1572.175415 1571.555786 1570.936157 1570.316650 1569.721802 1569.697144 1568.692993 1567.689697 1566.687012 1561.683350 1556.696167 1546.767212 1536.885376 1527.124634 1517.613525 1508.348022 1499.322388 1490.919434 1482.869385 1475.072998 1467.524780 1460.219971 1453.698853 1447.574219 1441.658691
 1589.905518 1589.624268 1589.202515 1588.499634 1587.796753 1587.093872 1586.390991 1585.688232 1584.985474 1584.310791 1584.282837 1583.662598 1583.042358 1582.422241 1581.802246 1581.182129 1580.586914 1580.562256 1579.557007 1578.552490 1577.548584 1572.539062 1567.545898 1557.604736 1547.710205 1537.936157 1528.411255 1519.131104 1510.090088 1501.670044 1493.601807 1485.786255 1478.217529 1470.891235 1464.345337 1458.193848 1452.249634
 1600.723145 1600.441772 1600.019775 1599.316406 1598.613037 1597.909790 1597.206543 1596.503296 1595.800049 1595.125000 1595.096924 1594.476196 1593.855591 1593.234985 1592.614380 1591.993896 1591.398193 1591.373413 1590.366943 1589.361206 1588.356079 1583.340454 1578.340942 1568.386841 1558.479004 1548.691284 1539.151855 1529.856567 1520.799561 1512.362061 1504.275146 1496.439819 1488.850342 1481.501953 1474.930908 1468.751953 1462.778809
 1611.484131 1611.202515 1610.780273 1610.076416 1609.372681 1608.668945 1607.965210 1607.261597 1606.557861 1605.882446 1605.854370 1605.233154 1604.611938 1603.990845 1603.369751 1602.748657 1602.152466 1602.127686 1601.119995 1600.112915 1599.106567 1594.084473 1589.078369 1579.110962 1569.189453 1559.387573 1549.833252 1540.522339 1531.448975 1522.993530 1514.887573 1507.032104 1499.421265 1492.050537 1485.453735 1479.247070 1473.244629
 1622.185913 1621.904297 1621.481689 1620.777466 1620.073120 1619.369019 1618.664795 1617.960693 1617.256592 1616.580566 1616.552490 1615.930786 1615.309082 1614.687378 1614.065796 1613.444214 1612.847534 1612.822754 1611.813721 1610.805298 1609.797607 1604.768799 1599.756104 1589.774902 1579.839233 1570.022827 1560.453369 1551.126465 1542.036499 1533.562622 1525.437134 1517.561157 1509.928833 1502.535278 1495.912476 1489.677734 1483.645630
 1632.826660 1632.544678 1632.121826 1631.417114 1630.712402 1630.007690 1629.303101 1628.598511 1627.893921 1627.217529 1627.189331 1626.567017 1625.944824 1625.322632 1624.700439 1624.078369 1623.481079 1623.456299 1622.445923 1621.436279 1620.427246 1615.391602 1610.371948 1600.376709 1590.426636 1580.595337 1571.010254 1561.667114 1552.560181 1544.067627 1535.922485 1528.025635 1520.371338 1512.954712 1506.305786 1500.042603 1493.980713
 1643.404175 1643.122070 1642.698853 1641.993652 1641.288452 1640.583374 1639.878174 1639.173096 1638.468018 1637.791138 1637.762939 1637.140137 1636.517334 1635.894653 1635.271851 1634.649170 1634.051392 1634.026611 1633.014893 1632.003784 1630.993408 1625.950806 1620.924072 1610.914551 1600.949829 1591.103394 1581.502441 1572.142822 1563.018555 1554.507202 1546.341919 1538.423950 1530.747559 1523.307739 1516.632202 1510.340698 1504.249268
 1653.916748 1653.634521 1653.211060 1652.505371 1651.799683 1651.093994 1650.388306 1649.682739 1648.977173 1648.299805 1648.271606 1647.648193 1647.024902 1646.401611 1645.778320 1645.155029 1644.556763 1644.531860 1643.518677 1642.506226 1641.494385 1636.444824 1631.410889 1621.386841 1611.407104 1601.545288 1591.928345 1582.552002 1573.410156 1564.879639 1556.694092 1548.755005 1541.056274 1533.593262 1526.891479 1520.571899 1514.451050
 1664.362915 1664.080444 1663.656616 1662.950439 1662.244263 1661.538086 1660.831909 1660.125854 1659.419800 1658.741943 1658.713745 1658.089722 1657.465820 1656.841919 1656.218018 1655.594238 1654.995361 1654.970581 1653.955933 1652.942017 1651.928833 1646.871948 1641.830811 1631.791870 1621.797119 1611.919800 1602.286499 1592.893188 1583.733765 1575.184082 1566.978271 1559.017944 1551.297241 1543.811035 1537.083374 1530.735840 1524.585938
 1674.740967 1674.458374 1674.034302 1673.327515 1672.620850 1671.914185 1671.207520 1670.500854 1669.794312 1669.115967 1669.087769 1668.463135 1667.838623 1667.214233 1666.589722 1665.965332 1665.365967 1665.341064 1664.324951 1663.309692 1662.294922 1657.230835 1652.182373 1642.128540 1632.118530 1622.225464 1612.576050 1603.165771 1593.988770 1585.420044 1577.194214 1569.212891 1561.470215 1553.961182 1547.207642 1540.772583 1534.266357
 1685.049927 1684.766968 1684.342651 1683.635376 1682.928223 1682.220947 1681.513794 1680.806641 1680.099609 1679.420776 1679.392578 1678.767334 1678.142334 1677.517212 1676.892212 1676.267212 1675.667236 1675.642334 1674.624878 1673.608032 1672.591919 1667.520508 1662.464722 1652.395996 1642.370850 1632.462280 1622.796631 1613.369629 1604.175171 1595.587524 1587.341675 1579.339600 1571.554443 1563.761963 1556.696411 1549.995361 1543.484741
 1695.289185 1695.006104 1694.581421 1693.873657 1693.166016 1692.458252 1691.750610 1691.042969 1690.335327 1689.656006 1689.627808 1689.001953 1688.376343 1687.750732 1687.125122 1686.499512 1685.898926 1685.874023 1684.855103 1683.836914 1682.819336 1677.740723 1672.677612 1662.594116 1652.553833 1642.629883 1632.948242 1623.504517 1614.292847 1605.544067 1597.052856 1588.799194 1580.776978 1572.981079 1565.911255 1559.205200 1552.688721
 1705.458862 1705.175537 1704.750488 1704.042236 1703.333984 1702.625854 1701.917603 1701.209473 1700.501343 1699.821533 1699.793213 1699.166992 1698.540649 1697.914429 1697.288330 1696.662109 1696.061035 1696.036133 1695.015747 1693.996094 1692.977173 1687.891357 1682.821045 1672.722778 1662.649902 1652.533691 1642.655151 1633.009766 1623.591431 1614.764404 1606.270020 1598.012695 1589.986450 1582.185913 1575.110474 1568.398071 1561.874390
 1715.335205 1715.049316 1714.620605 1713.906128 1713.191528 1712.477051 1711.762573 1711.048218 1710.333740 1709.647949 1709.619385 1708.986084 1708.352661 1707.719360 1707.086060 1706.452881 1705.844971 1705.819702 1704.781982 1703.744995 1702.708496 1697.535522 1692.377563 1682.103271 1671.871216 1661.752686 1651.871460 1642.223145 1632.801514 1623.970703 1615.472168 1607.210327 1599.178833 1591.372559 1584.290405 1577.570312 1571.038208
 1724.553101 1724.267212 1723.838379 1723.123779 1722.409180 1721.694702 1720.980103 1720.265625 1719.551147 1718.865234 1718.836670 1718.203125 1717.569702 1716.936279 1716.302979 1715.669556 1715.061523 1715.036377 1713.998413 1712.961060 1711.924438 1706.750122 1701.590942 1691.313965 1681.078857 1670.957275 1661.072632 1651.420410 1641.994751 1633.159302 1624.655640 1616.388062 1608.350464 1600.537476 1593.447388 1586.718384 1580.176636
 1733.756104 1733.470215 1733.041382 1732.326660 1731.611938 1730.897339 1730.182617 1729.468018 1728.753418 1728.067383 1728.038940 1727.405273 1726.771729 1726.138184 1725.504639 1724.871216 1724.263062 1724.237793 1723.199585 1722.161987 1721.125000 1715.949097 1710.788208 1700.507812 1690.269043 1680.143433 1670.254639 1660.597900 1651.167236 1642.326294 1633.816650 1625.542480 1617.497681 1609.677124 1602.578003 1595.839111 1589.286377
 1742.940552 1742.654663 1742.225708 1741.510864 1740.796021 1740.081177 1739.366455 1738.651611 1737.936890 1737.250732 1737.222290 1736.588501 1735.954712 1735.321045 1734.687378 1734.053711 1733.445435 1733.420166 1732.381592 1731.343628 1730.306274 1725.128418 1719.965576 1709.680908 1699.437866 1689.307617 1679.413818 1669.751831 1660.315552 1651.468262 1642.951660 1634.670044 1626.617310 1618.787964 1611.678833 1604.928833 1598.364014
 1752.102661 1751.816528 1751.387573 1750.672607 1749.957520 1749.242554 1748.527710 1747.812744 1747.097778 1746.411499 1746.383057 1745.749023 1745.115112 1744.481323 1743.847412 1743.213623 1742.605103 1742.579956 1741.540771 1740.502441 1739.464600 1734.284546 1729.119385 1718.829834 1708.581787 1698.446289 1688.546875 1678.878906 1669.436157 1660.581665 1652.057373 1643.767456 1635.705688 1627.866821 1620.746460 1613.984131 1607.406128
 1761.238647 1760.952515 1760.523438 1759.808228 1759.093018 1758.377930 1757.662842 1756.947754 1756.232666 1755.546143 1755.517578 1754.883423 1754.249390 1753.615234 1752.981201 1752.347168 1751.738525 1751.713257 1750.673706 1749.634766 1748.596436 1743.413818 1738.245972 1727.951050 1717.697266 1707.555908 1697.650146 1687.975342 1678.525513 1669.663086 1661.130127 1652.831055 1644.759399 1636.909912 1629.777466 1623.001709 1616.409424
 1770.345215 1770.059082 1769.629761 1768.914429 1768.199097 1767.483643 1766.768311 1766.053101 1765.337769 1764.651123 1764.622559 1763.988159 1763.353882 1762.719482 1762.085205 1761.450928 1760.842163 1760.816895 1759.776733 1758.737183 1757.698364 1752.512695 1747.342041 1737.041016 1726.780884 1716.632812 1706.720093 1697.037842 1687.580078 1678.708862 1670.166504 1661.857300 1653.774902 1645.913940 1638.768311 1631.978149 1625.370361
 1779.418701 1779.132446 1778.703125 1777.987427 1777.271851 1776.556274 1775.840698 1775.125244 1774.409668 1773.722778 1773.694214 1773.059570 1772.425049 1771.790405 1771.155884 1770.521362 1769.912231 1769.886963 1768.846191 1767.806030 1766.766602 1761.577759 1756.403809 1746.096069 1735.828979 1725.673584 1715.753174 1706.062744 1696.596313 1687.715576 1679.162964 1670.842896 1662.748901 1654.875488 1647.716064 1640.911621 1634.289795
 1788.455444 1788.169067 1787.739624 1787.023682 1786.307861 1785.592041 1784.876221 1784.160522 1783.444702 1782.757568 1782.729004 1782.094116 1781.459229 1780.824341 1780.189575 1779.554810 1778.945435 1778.920044 1777.878662 1776.837769 1775.797607 1770.605347 1765.427734 1755.112671 1744.837891 1734.674683 1724.745728 1715.046509 1705.570801 1696.679810 1688.116333 1679.785034 1671.679810 1663.795166 1656.623657 1649.807007 1643.172852
 1797.451904 1797.165405 1796.735718 1796.019653 1795.303467 1794.587402 1793.871338 1793.155273 1792.439331 1791.751953 1791.723267 1791.088135 1790.452881 1789.817749 1789.182617 1788.547485 1787.937866 1787.912598 1786.870361 1785.828735 1784.787842 1779.591675 1774.410156 1764.087158 1753.804321 1743.632568 1733.694946 1723.986816 1714.501953 1705.601562 1697.028564 1688.687622 1680.572632 1672.678223 1665.496216 1658.668457 1652.023071
 1806.404663 1806.118164 1805.688232 1804.971924 1804.255493 1803.539062 1802.822754 1802.106445 1801.390137 1800.702515 1800.673950 1800.038330 1799.402832 1798.767334 1798.131958 1797.496582 1796.886597 1796.861206 1795.818237 1794.775879 1793.734131 1788.534180 1783.348877 1773.018188 1762.727783 1752.548462 1742.603271 1732.887451 1723.394897 1714.486328 1705.904907 1697.555420 1689.431641 1681.528320 1674.336426 1667.498535 1660.842773
 1815.316040 1815.029419 1814.599365 1813.882812 1813.166138 1812.449585 1811.732910 1811.016357 1810.299805 1809.611938 1809.583374 1808.947510 1808.311768 1807.676025 1807.040283 1806.404663 1805.794312 1805.769043 1804.725342 1803.682373 1802.640015 1797.436768 1792.248169 1781.910889 1771.613892 1761.427979 1751.476074 1741.753418 1732.253784 1723.337769 1714.748535 1706.391235 1698.259399 1690.347656 1683.146606 1676.299072 1669.633545
 1824.191284 1823.904541 1823.474487 1822.757568 1822.040771 1821.323853 1820.607056 1819.890259 1819.173584 1818.485474 1818.456909 1817.820801 1817.184814 1816.548828 1815.912842 1815.276978 1814.666504 1814.641113 1813.596924 1812.553345 1811.510254 1806.304077 1801.112549 1790.769287 1780.466309 1770.274414 1760.316284 1750.587280 1741.081177 1732.158203 1723.561890 1715.197144 1707.057617 1699.138062 1691.928345 1685.071655 1678.396606
 1833.033691 1832.746948 1832.316650 1831.599609 1830.882568 1830.165527 1829.448486 1828.731567 1828.014648 1827.326294 1827.297729 1826.661377 1826.025146 1825.389038 1824.752808 1824.116699 1823.505981 1823.480591 1822.435791 1821.391724 1820.348145 1815.139282 1809.944946 1799.596191 1789.287720 1779.090210 1769.126221 1759.391357 1749.879150 1740.949585 1732.346313 1723.974487 1715.827759 1707.900513 1700.682495 1693.816895 1687.132812
 1841.845581 1841.558716 1841.128296 1840.411133 1839.693848 1838.976685 1838.259521 1837.542358 1836.825195 1836.136719 1836.108032 1835.471558 1834.835205 1834.198730 1833.562378 1832.926025 1832.315063 1832.289795 1831.244507 1830.199829 1829.155762 1823.944336 1818.747437 1808.393555 1798.079712 1787.876831 1777.907471 1768.166748 1758.648682 1749.712891 1741.103149 1732.724487 1724.570557 1716.636108 1709.410034 1702.535889 1695.842896
 1850.628540 1850.341553 1849.911011 1849.193604 1848.476196 1847.758789 1847.041504 1846.324097 1845.606812 1844.918213 1844.889526 1844.252808 1843.616211 1842.979614 1842.343018 1841.706421 1841.095337 1841.070068 1840.024292 1838.979126 1837.934570 1832.720703 1827.521362 1817.162476 1806.843628 1796.635620 1786.660889 1776.914795 1767.391113 1758.449219 1749.833008 1741.447754 1733.287109 1725.345581 1718.111572 1711.229248 1704.527710
 1859.383545 1859.096436 1858.665894 1857.948242 1857.230713 1856.513184 1855.795654 1855.078125 1854.360596 1853.671875 1853.643188 1853.006348 1852.369507 1851.732666 1851.095947 1850.459229 1849.847900 1849.822510 1848.776245 1847.730713 1846.685669 1841.469482 1836.267700 1825.904053 1815.580322 1805.367432 1795.387573 1785.636108 1776.106934 1767.159180 1758.536865 1750.145264 1741.977905 1734.029541 1726.787842 1719.897339 1713.187134
 1868.111572 1867.824463 1867.393799 1866.676025 1865.958252 1865.240601 1864.522827 1863.805176 1863.087524 1862.398682 1862.369995 1861.732910 1861.095825 1860.458862 1859.821899 1859.184937 1858.573608 1858.548218 1857.501465 1856.455444 1855.410034 1850.191406 1844.987427 1834.619141 1824.290771 1814.072998 1804.088135 1794.331665 1784.797119 1775.843628 1767.215332 1758.817383 1750.643433 1742.688110 1735.438477 1728.539185 1721.819580
 1876.813354 1876.526245 1876.095459 1875.377563 1874.659668 1873.941772 1873.223999 1872.506104 1871.788330 1871.099243 1871.070557 1870.433350 1869.796143 1869.158936 1868.521851 1867.884644 1867.273071 1867.247681 1866.200562 1865.154053 1864.108154 1858.887451 1853.681152 1843.308350 1832.975342 1822.752930 1812.763306 1803.001587 1793.461792 1784.502441 1775.867920 1767.463379 1759.282349 1751.319458 1744.061157 1737.152466 1730.422729
 1885.489624 1885.202393 1884.771606 1884.053467 1883.335449 1882.617432 1881.899414 1881.181396 1880.463501 1879.774292 1879.745605 1879.108154 1878.470825 1877.833374 1877.196167 1876.558838 1875.947021 1875.921631 1874.874023 1873.827148 1872.780884 1867.557861 1862.349365 1851.972046 1841.634399 1831.407104 1821.412354 1811.645264 1802.099731 1793.134155 1784.492798 1776.081055 1767.892334 1759.921265 1752.653442 1745.734375 1738.993530
 1894.139893 1893.852539 1893.421631 1892.703369 1891.985229 1891.266968 1890.548828 1889.830688 1889.112549 1888.423096 1888.394409 1887.756836 1887.119263 1886.481812 1885.844238 1885.206787 1884.594849 1884.569458 1883.521362 1882.473999 1881.427246 1876.201904 1870.991089 1860.608887 1850.266235 1840.033569 1830.033203 1820.260376 1810.708618 1801.736084 1793.087402 1784.667725 1776.470581 1768.490479 1761.212646 1754.282715 1747.530640
 1902.761963 1902.474487 1902.043457 1901.325073 1900.606689 1899.888306 1899.169922 1898.451660 1897.733276 1897.043701 1897.015015 1896.377197 1895.739502 1895.101685 1894.463989 1893.826294 1893.214233 1893.188721 1892.140259 1891.092407 1890.045044 1884.817261 1879.603760 1869.216309 1858.868042 1848.629761 1838.623291 1828.843872 1819.285278 1810.305298 1801.648682 1793.220703 1785.014893 1777.025635 1769.737671 1762.796997 1756.033569
 1911.353027 1911.065552 1910.634399 1909.915771 1909.197144 1908.478638 1907.760010 1907.041504 1906.322998 1905.633301 1905.604614 1904.966553 1904.328491 1903.690552 1903.052612 1902.414795 1901.802368 1901.776978 1900.727905 1899.679443 1898.631592 1893.401001 1888.184692 1877.791260 1867.437134 1857.192505 1847.179565 1837.393555 1827.828003 1818.840332 1810.175781 1801.739380 1793.524902 1785.526611 1778.228516 1771.276978 1764.502319
 1919.910400 1919.622925 1919.191528 1918.472778 1917.753906 1917.035156 1916.316406 1915.597656 1914.878906 1914.188965 1914.160278 1913.521973 1912.883789 1912.245605 1911.607422 1910.969238 1910.356689 1910.331299 1909.281616 1908.232544 1907.184204 1901.950684 1896.731445 1886.332031 1875.971802 1865.721069 1855.701538 1845.908813 1836.336182 1827.341064 1818.668335 1810.223633 1802.000488 1793.993042 1786.684814 1779.722412 1772.936279
 1928.433228 1928.145630 1927.714233 1926.995117 1926.276123 1925.557129 1924.838135 1924.119263 1923.400269 1922.710205 1922.681396 1922.042969 1921.404419 1920.765991 1920.127686 1919.489258 1918.876465 1918.850952 1917.800781 1916.751221 1915.702148 1910.465698 1905.243530 1894.838257 1884.471924 1874.214844 1864.188965 1854.389404 1844.809692 1835.807007 1827.126343 1818.673340 1810.441284 1802.424561 1795.105835 1788.132202 1781.334106
 1936.921265 1936.633545 1936.202026 1935.482788 1934.763550 1934.044434 1933.325195 1932.606079 1931.886841 1931.196533 1931.167847 1930.529053 1929.890381 1929.251709 1928.613037 1927.974487 1927.361450 1927.335938 1926.285156 1925.234985 1924.185425 1918.946045 1913.720947 1903.309692 1892.937256 1882.673950 1872.641479 1862.835083 1853.248291 1844.237793 1835.548950 1827.087158 1818.845947 1810.819580 1803.489990 1796.504639 1789.694214
 1945.374268 1945.086548 1944.654785 1943.935425 1943.215942 1942.496582 1941.777222 1941.057861 1940.338501 1939.647949 1939.619141 1938.980225 1938.341309 1937.702393 1937.063477 1936.424561 1935.811279 1935.785889 1934.734497 1933.683716 1932.633545 1927.391235 1922.163208 1911.745850 1901.367188 1891.097412 1881.058105 1871.244629 1861.650513 1852.631958 1843.934448 1835.463623 1827.212891 1819.176392 1811.835449 -999.000000 -999.000000
 1953.791382 1953.503540 1953.071655 1952.352051 1951.632446 1950.912720 1950.193115 1949.473511 1948.754028 1948.063232 1948.034546 1947.395264 1946.756104 1946.116943 1945.477783 1944.838745 1944.225220 1944.199707 1943.147705 1942.096313 1941.045654 1935.800171 1930.569092 1920.145386 1909.760132 1899.483643 1889.437378 1879.616455 1870.014648 1860.987549 1852.281128 -999.000000 -999.000000 -999.000000 -999.000000 -999.000000 -999.000000
 1962.170776 1961.882812 1961.450806 1960.730957 1960.011108 1959.291260 1958.571411 1957.851562 1957.131836 1956.440796 1956.412109 1955.772583 1955.133179 1954.493774 1953.854370 1953.214966 1952.601196 1952.575684 1951.523071 1950.471069 1949.419678 1944.171143 1938.936768 1928.506348 1918.114380 1907.830811 -999.000000 -999.000000 -999.000000 -999.000000 -999.000000 -999.000000 -999.000000 -999.000000 -999.000000 -999.000000 -999.000000
#
# dtdd (rows - delta, columns - depth)
#
 -999.000000 -999.000000 -999.000000 -999.000000 -999.000000 -999.000000 -999.000000 -999.000000 -999.000000 -999.000000 -999.000000 -999.000000 -999.000000 -999.000000 -999.000000 -999.000000 -999.000000 -999.000000 -999.000000 -999.000000 -999.000000 -999.000000 -999.000000 -999.000000 -999.000000 -999.000000 -999.000000 -999.000000 -999.000000 -999.000000 -999.000000 -999.000000 -999.000000 -999.000000 -999.000000   11.114464   11.111547
 -999.000000 -999.000000 -999.000000 -999.000000 -999.000000 -999.000000 -999.000000 -999.000000 -999.000000 -999.000000 -999.000000 -999.000000 -999.000000 -999.000000 -999.000000 -999.000000 -999.000000 -999.000000 -999.000000 -999.000000 -999.000000 -999.000000 -999.000000 -999.000000 -999.000000 -999.000000 -999.000000 -999.000000 -999.000000 -999.000000 -999.000000 -999.000000   11.115199   11.114185   11.111518   11.106852   11.099977
 -999.000000 -999.000000 -999.000000 -999.000000 -999.000000 -999.000000 -999.000000 -999.000000 -999.000000 -999.000000 -999.000000 -999.000000 -999.000000 -999.000000 -999.000000 -999.000000 -999.000000 -999.000000 -999.000000 -999.000000 -999.000000 -999.000000 -999.000000 -999.000000 -999.000000 -999.000000 -999.000000 -999.000000 -999.000000   11.115236   11.114567   11.112896   11.110089   11.105997   11.099888   11.091606   11.081052
 -999.000000 -999.000000 -999.000000 -999.000000 -999.000000 -999.000000 -999.000000 -999.000000 -999.000000 -999.000000 -999.000000 -999.000000 -999.000000 -999.000000 -999.000000 -999.000000 -999.000000 -999.000000 -999.000000 -999.000000 -999.000000 -999.000000 -999.000000 -999.000000 -999.000000 -999.000000   11.115075   11.114292   11.112829   11.110485   11.107162   11.102758   11.097143   11.090170   11.080848   11.069201   11.055231
 -999.000000 -999.000000 -999.000000 -999.000000 -999.000000 -999.000000 -999.000000 -999.000000 -999.000000 -999.000000 -999.000000 -999.000000 -999.000000 -999.000000 -999.000000 -999.000000 -999.000000 -999.000000 -999.000000 -999.000000 -999.000000   11.115214   11.115054   11.114381   11.113219   11.111529   11.109240   11.106283   11.102589   11.097847   11.092030   11.085064   11.076820   11.067153   11.054835   11.040099   11.023154
   11.112587   11.112566   11.112535   11.112480   11.112426   11.112370   11.112315   11.112259   11.112203   11.112147   11.112145   11.112080   11.112014   11.111947   11.111878   11.111811   11.111744   11.111741   11.111567   11.111388   11.111205   11.110218   11.109115   11.106542   11.103467   11.099837   11.095553   11.090550   11.084757   11.077762   11.069604   11.060237   11.049535   11.037409   11.022486   11.005168   10.985686
   11.102020   11.101974   11.101905   11.101788   11.101670   11.101553   11.101435   11.101315   11.101196   11.101081   11.101076   11.100939   11.100801   11.100662   11.100523   11.100384   11.100248   11.100243   11.099892   11.099536   11.099175   11.097301   11.095305   11.090938   11.086058   11.080598   11.074436   11.067506   11.059739   11.050629   11.040313   11.028811   11.016019   11.001824   10.984661   10.965069   10.943363
   11.083804   11.083735   11.083629   11.083453   11.083276   11.083099   11.082921   11.082743   11.082563   11.082391   11.082384   11.082179   11.081974   11.081768   11.081561   11.081354   11.081154   11.081145   11.080627   11.080104   11.079576   11.076863   11.074024   11.067964   11.061380   11.054196   11.046275   11.037582   11.028064   11.017149   11.005016   10.991686   10.977060   10.961030   10.941899   10.920412   10.896965
   11.058312   11.058220   11.058081   11.057848   11.057615   11.057382   11.057148   11.056913   11.056678   11.056452   11.056442   11.056173   11.055904   11.055634   11.055364   11.055093   11.054832   11.054820   11.054144   11.053463   11.052777   11.049273   11.045650   11.038034   11.029930   11.021253   11.011847   11.001657   10.990630   10.978127   10.964376   10.949422   10.933212   10.915671   10.895001   10.871988   10.847070
   11.026076   11.025964   11.025796   11.025515   11.025233   11.024951   11.024668   11.024384   11.024100   11.023828   11.023816   11.023493   11.023169   11.022843   11.022518   11.022192   11.021878   11.021865   11.021054   11.020238   11.019419   11.015247   11.010959   11.002022   10.992606   10.982619   10.971890   10.960364   10.947993   10.934114   10.919020   10.902779   10.885310   10.866528   10.844542   10.820220   10.794042
   10.987985   10.987855   10.987661   10.987337   10.987013   10.986688   10.986362   10.986035   10.985708   10.985394   10.985381   10.985009   10.984636   10.984262   10.983889   10.983514   10.983153   10.983138   10.982208   10.981273   10.980333   10.975567   10.970683   10.960563   10.949974   10.938840   10.926986   10.914365   10.900932   10.885957   10.869758   10.852419   10.833863   10.814007   10.790894   10.765537   10.738486
   10.944585   10.944441   10.944223   10.943862   10.943500   10.943137   10.942774   10.942410   10.942045   10.941694   10.941680   10.941265   10.940850   10.940434   10.940019   10.939602   10.939200   10.939184   10.938149   10.937112   10.936069   10.930794   10.925410   10.914320   10.902803   10.890757   10.877987   10.864451   10.850105   10.834177   10.817021   10.798731   10.779266   10.758586   10.734699   10.708615   10.680882
   10.896695   10.896539   10.896304   10.895912   10.895520   10.895126   10.894733   10.894340   10.893945   10.893565   10.893550   10.893101   10.892653   10.892202   10.891752   10.891301   10.890867   10.890849   10.889732   10.888611   10.887486   10.881796   10.876002   10.864098   10.851780   10.838940   10.825375   10.811042   10.795900   10.779178   10.761278   10.742314   10.722222   10.700933   10.676424   10.649740   10.621449
   10.844952   10.844785   10.844534   10.844116   10.843697   10.843278   10.842858   10.842438   10.842016   10.841612   10.841596   10.841117   10.840638   10.840159   10.839679   10.839198   10.838737   10.838717   10.837527   10.836333   10.835135   10.829086   10.822933   10.810320   10.797302   10.783789   10.769585   10.754652   10.738955   10.721680   10.703230   10.683728   10.663112   10.641314   10.616290   10.589114   10.560360
   10.789753   10.789577   10.789313   10.788873   10.788431   10.787990   10.787548   10.787106   10.786662   10.786237   10.786219   10.785716   10.785213   10.784708   10.784204   10.783698   10.783213   10.783193   10.781942   10.780689   10.779432   10.773093   10.766660   10.753515   10.740008   10.726027   10.711357   10.695965   10.679812   10.662070   10.643160   10.623206   10.602151   10.579928   10.554471   10.526871   10.497716
   10.731806   10.731623   10.731350   10.730893   10.730436   10.729980   10.729522   10.729063   10.728604   10.728164   10.728146   10.727625   10.727103   10.726582   10.726060   10.725536   10.725034   10.725014   10.723721   10.722425   10.721126   10.714574   10.707932   10.694375   10.680466   10.666088   10.651026   10.635244   10.618708   10.600574   10.581275   10.560938   10.539502   10.516905   10.491073   10.463119   10.433640
   10.671608   10.671421   10.671139   10.670670   10.670199   10.669728   10.669257   10.668786   10.668314   10.667860   10.667841   10.667306   10.666770   10.666233   10.665695   10.665158   10.664641   10.664619   10.663291   10.661959   10.660624   10.653893   10.647074   10.633167   10.618917   10.604204   10.588810   10.572698   10.555830   10.537354   10.517710   10.497036   10.475274   10.452362   10.426223   10.397983   10.368249
   10.609403   10.609211   10.608922   10.608441   10.607960   10.607477   10.606996   10.606512   10.606029   10.605564   10.605545   10.604997   10.604447   10.603898   10.603348   10.602798   10.602268   10.602246   10.600887   10.599524   10.598159   10.591276   10.584306   10.570102   10.555556   10.540549   10.524859   10.508452   10.491294   10.472523   10.452588   10.431632   10.409598   10.386427   10.360038   10.331586   10.301825
   10.545375   10.545178   10.544884   10.544393   10.543900   10.543408   10.542916   10.542423   10.541929   10.541455   10.541435   10.540875   10.540316   10.539755   10.539193   10.538631   10.538092   10.538070   10.536683   10.535293   10.533900   10.526882   10.519777   10.505306   10.490501   10.475240   10.459297   10.442639   10.425236   10.406216   10.386039   10.364848   10.342590   10.319268   10.292898   10.264653   10.235160
   10.479643   10.479444   10.479143   10.478643   10.478143   10.477642   10.477140   10.476639   10.476136   10.475654   10.475634   10.475064   10.474494   10.473924   10.473352   10.472780   10.472232   10.472209   10.470798   10.469385   10.467969   10.460835   10.453615   10.438919   10.423893   10.408415   10.392258   10.375390   10.357779   10.338554   10.318242   10.297028   10.274867   10.251718   10.225565   10.197570   10.168347
   10.412352   10.412149   10.411844   10.411337   10.410829   10.410320   10.409811   10.409302   10.408792   10.408302   10.408282   10.407703   10.407125   10.406547   10.405967   10.405387   10.404830   10.404806   10.403377   10.401943   10.400507   10.393275   10.385958   10.371070   10.355857   10.340197   10.323899   10.306961   10.289356   10.270230   10.250057   10.228992   10.206996   10.184022   10.158092   10.130350   10.101402
   10.343627   10.343421   10.343113   10.342599   10.342084   10.341570   10.341054   10.340538   10.340022   10.339527   10.339506   10.338922   10.338336   10.337750   10.337165   10.336578   10.336015   10.335992   10.334547   10.333100   10.331651   10.324360   10.316998   10.302064   10.286863   10.271275   10.255077   10.238245   10.220755   10.201759   10.181730   10.160820   10.138990   10.116198   10.090493    9.227937    9.224338
   10.274122   10.273918   10.273611   10.273100   10.272588   10.272076   10.271563   10.271049   10.270536   10.270043   10.270022   10.269442   10.268859   10.268277   10.267694   10.267111   10.266551   10.266527   10.265092   10.263654   10.262213   10.254965   10.247647   10.232803   10.217696   10.202205   10.186111   10.169391   10.152018   10.133158   10.113275   10.092524    9.227759    9.224927    9.221322    9.216966    9.211855
   10.204469   10.204266   10.203960   10.203452   10.202943   10.202434   10.201923   10.201413   10.200903   10.200413   10.200392   10.199814   10.199235   10.198656   10.198076   10.197496   10.196939   10.196917   10.195490   10.194060   10.192628   10.185427   10.178155   10.163405   10.148395   10.133004   10.117019   10.100411   10.083159    9.225933    9.223278    9.220211    9.216685    9.212648    9.207700    9.201945    9.195425
   10.134683   10.134480   10.134177   10.133672   10.133165   10.132659   10.132153   10.131645   10.131137   10.130650   10.130630   10.130054   10.129479   10.128904   10.128328   10.127751   10.127198   10.127174   10.125757   10.124337   10.122914   10.115759   10.108535   10.093883    9.226763    9.224802    9.222590    9.220101    9.217308    9.214043    9.210332    9.206179    9.201542    9.196376    9.190198    9.183153    9.175313
    9.223925    9.223897    9.223855    9.223785    9.223715    9.223644    9.223574    9.223503    9.223433    9.223364    9.223361    9.223280    9.223199    9.223118    9.223036    9.222954    9.222876    9.222872    9.222671    9.222466    9.222261    9.221206    9.220104    9.217754    9.215204    9.212424    9.209362    9.206000    9.202315    9.198104    9.193422    9.188270    9.182604    9.176379    9.169034    9.160768    9.151678
    9.211176    9.211138    9.211080    9.210982    9.210885    9.210788    9.210690    9.210592    9.210494    9.210400    9.210395    9.210284    9.210173    9.210060    9.209948    9.209835    9.209727    9.209723    9.209446    9.209167    9.208886    9.207455    9.205975    9.202867    9.199556    9.196011    9.192166    9.188002    9.183490    9.178392    9.172788    9.166685    9.160043    9.152813    9.144362    9.134938    9.124667
    9.194398    9.194349    9.194277    9.194155    9.194033    9.193910    9.193788    9.193665    9.193541    9.193422    9.193418    9.193277    9.193138    9.192998    9.192857    9.192717    9.192581    9.192575    9.192229    9.191881    9.191531    9.189753    9.187923    9.184111    9.180089    9.175819    9.171231    9.166300    9.161001    9.155061    9.148581    9.141576    9.134005    9.125821    9.116319    9.105764    9.094297
    9.173832    9.173774    9.173687    9.173541    9.173395    9.173248    9.173102    9.172956    9.172808    9.172667    9.172661    9.172494    9.172327    9.172160    9.171992    9.171824    9.171663    9.171657    9.171245    9.170831    9.170415    9.168305    9.166142    9.161657    9.156958    9.151999    9.146702    9.141041    9.134993    9.128252    9.120938    9.113065    9.104578    9.095428    9.084833    9.073125    9.060471
    9.149621    9.149554    9.149453    9.149284    9.149116    9.148947    9.148777    9.148607    9.148438    9.148274    9.148268    9.148075    9.147882    9.147690    9.147496    9.147303    9.147117    9.147109    9.146634    9.146157    9.145679    9.143253    9.140773    9.135647    9.130301    9.124686    9.118712    9.112345    9.105556    9.098005    9.089829    9.081055    9.071636    9.061522    9.049863    9.037035    9.023230
    9.121899    9.121822    9.121709    9.121518    9.121328    9.121138    9.120946    9.120754    9.120563    9.120378    9.120371    9.120154    9.119937    9.119720    9.119501    9.119283    9.119073    9.119064    9.118529    9.117992    9.117453    9.114720    9.111930    9.106171    9.100173    9.093884    9.087203    9.080105    9.072560    9.064198    9.055172    9.045520    9.035193    9.024142    9.011449    8.997536    8.982616
    9.090633    9.090549    9.090421    9.090208    9.089994    9.089781    9.089567    9.089353    9.089138    9.088932    9.088923    9.088680    9.088437    9.088194    9.087950    9.087706    9.087471    9.087461    9.086864    9.086263    9.085660    9.082610    9.079499    9.073092    9.066439    9.059478    9.052105    9.044291    9.036010    9.026855    9.017002    9.006495    8.995286    8.983324    8.969629    8.954665    8.939258
    9.055726    9.055632    9.055491    9.055256    9.055020    9.054784    9.054547    9.054311    9.054074    9.053846    9.053837    9.053569    9.053300    9.053032    9.052762    9.052493    9.052234    9.052223    9.051563    9.050900    9.050236    9.046875    9.043450    9.036409    9.029113    9.021498    9.013449    9.004937    8.995936    8.986010    8.975353    8.964015    8.951950    8.939660    8.926691    8.913579    8.900538
    9.017202    9.017099    9.016945    9.016687    9.016430    9.016172    9.015914    9.015656    9.015396    9.015147    9.015137    9.014845    9.014551    9.014257    9.013964    9.013670    9.013387    9.013375    9.012654    9.011931    9.011207    9.007541    9.003810    8.996150    8.988227    8.979972    8.971264    8.962073    8.952372    8.942064    8.931725    8.921404    8.911060    8.900657    8.889432    8.877868    8.866189
    8.975087    8.974976    8.974809    8.974530    8.974251    8.973971    8.973692    8.973412    8.973131    8.972862    8.972851    8.972533    8.972217    8.971899    8.971581    8.971262    8.970956    8.970942    8.970163    8.969382    8.968597    8.964635    8.960606    8.952341    8.944049    8.935875    8.927688    8.919467    8.911192    8.902503    8.893617    8.884600    8.875438    8.866113    8.855947    8.845374    8.834607
    8.930998    8.930894    8.930737    8.930477    8.930217    8.929956    8.929697    8.929437    8.929177    8.928928    8.928918    8.928625    8.928332    8.928041    8.927748    8.927456    8.927176    8.927164    8.926454    8.925743    8.925035    8.921496    8.917972    8.910959    8.903993    8.897012    8.889923    8.882716    8.875383    8.867608    8.859587    8.851381    8.842983    8.834381    8.824948    8.815083    8.804984
    8.892622    8.892532    8.892397    8.892171    8.891946    8.891720    8.891495    8.891269    8.891043    8.890826    8.890818    8.890563    8.890308    8.890055    8.889800    8.889545    8.889301    8.889292    8.888672    8.888052    8.887433    8.884333    8.881230    8.875014    8.868790    8.862506    8.856082    8.849511    8.842789    8.835623    8.828192    8.820556    8.812706    8.804633    8.795736    8.786375    8.776737
    8.858389    8.858307    8.858184    8.857980    8.857775    8.857571    8.857366    8.857161    8.856956    8.856759    8.856751    8.856521    8.856289    8.856058    8.855827    8.855597    8.855374    8.855365    8.854802    8.854239    8.853674    8.850849    8.848013    8.842314    8.836580    8.830769    8.824804    8.818682    8.812396    8.805675    8.798676    8.791451    8.783986    8.776275    8.767750    8.758760    8.749488
    8.826824    8.826748    8.826633    8.826444    8.826254    8.826064    8.825873    8.825684    8.825493    8.825310    8.825302    8.825088    8.824873    8.824658    8.824443    8.824228    8.824022    8.824014    8.823489    8.822965    8.822440    8.819807    8.817162    8.811831    8.806456    8.800990    8.795360    8.789556    8.783575    8.777156    8.770453    8.763519    8.756347    8.748924    8.740707    8.732030    8.723066
    8.797156    8.797085    8.796977    8.796798    8.796618    8.796438    8.796259    8.796079    8.795898    8.795726    8.795718    8.795516    8.795313    8.795110    8.794906    8.794703    8.794507    8.794499    8.794003    8.793507    8.793010    8.790514    8.788002    8.782928    8.777795    8.772563    8.767164    8.761593    8.755844    8.749665    8.743207    8.736517    8.729588    8.722409    8.714454    8.706043    8.697345
    8.768785    8.768717    8.768613    8.768441    8.768269    8.768096    8.767924    8.767752    8.767579    8.767413    8.767406    8.767211    8.767016    8.766821    8.766626    8.766431    8.766244    8.766236    8.765760    8.765284    8.764807    8.762411    8.759997    8.755120    8.750180    8.745139    8.739933    8.734555    8.729000    8.723025    8.716773    8.710290    8.703569    8.696601    8.688872    8.680694    8.672226
    8.741401    8.741334    8.741235    8.741069    8.740902    8.740736    8.740570    8.740403    8.740236    8.740077    8.740070    8.739882    8.739694    8.739506    8.739318    8.739129    8.738949    8.738941    8.738482    8.738022    8.737562    8.735250    8.732919    8.728206    8.723428    8.718549    8.713506    8.708292    8.702904    8.697104    8.691029    8.684726    8.678186    8.671397    8.663711    8.655318    8.646336
    8.714837    8.714772    8.714676    8.714515    8.714354    8.714193    8.714031    8.713870    8.713709    8.713553    8.713548    8.713366    8.713183    8.713001    8.712818    8.712636    8.712461    8.712454    8.712008    8.711563    8.711117    8.708875    8.706614    8.702043    8.697403    8.692664    8.687762    8.682692    8.677447    8.671797    8.665783    8.659389    8.652583    8.645329    8.637037    8.627968    8.618238
    8.688970    8.688907    8.688813    8.688657    8.688500    8.688343    8.688187    8.688030    8.687873    8.687722    8.687716    8.687539    8.687362    8.687184    8.687007    8.686830    8.686659    8.686652    8.686219    8.685786    8.685352    8.683171    8.680973    8.676522    8.672003    8.667327    8.662397    8.657196    8.651704    8.645656    8.639165    8.632253    8.624883    8.617012    8.607998    8.598113    8.587478
    8.663534    8.663471    8.663376    8.663218    8.663059    8.662900    8.662742    8.662582    8.662423    8.662270    8.662263    8.662084    8.661903    8.661722    8.661542    8.661361    8.661187    8.661180    8.660738    8.660295    8.659850    8.657603    8.655318    8.650629    8.645782    8.640731    8.635401    8.629768    8.623813    8.617245    8.610182    8.602647    8.594593    8.585971    8.576070    8.565285    8.554020
    8.636530    8.636462    8.636359    8.636188    8.636016    8.635844    8.635672    8.635500    8.635327    8.635161    8.635154    8.634959    8.634764    8.634568    8.634373    8.634177    8.633988    8.633981    8.633502    8.633022    8.632540    8.630105    8.627626    8.622536    8.617266    8.611767    8.605953    8.599801    8.593282    8.586078    8.578313    8.570026    8.561340    8.552267    8.542134    8.531331    8.520058
    8.607066    8.606992    8.606879    8.606692    8.606504    8.606317    8.606129    8.605940    8.605752    8.605571    8.605563    8.605350    8.605137    8.604923    8.604710    8.604495    8.604289    8.604280    8.603758    8.603232    8.602706    8.600042    8.597329    8.591748    8.585960    8.579909    8.573500    8.566773    8.559780    8.552208    8.544230    8.535898    8.527199    8.518115    8.507975    8.497166    8.485889
    8.574581    8.574498    8.574374    8.574167    8.573960    8.573752    8.573545    8.573337    8.573129    8.572928    8.572920    8.572685    8.572451    8.572215    8.571980    8.571745    8.571518    8.571509    8.570935    8.570359    8.569783    8.566883    8.563951    8.557998    8.551927    8.545692    8.539211    8.532473    8.525467    8.517883    8.509894    8.501554    8.492846    8.483755    8.473610    8.462800    8.451522
    8.540137    8.540054    8.539930    8.539722    8.539515    8.539307    8.539098    8.538890    8.538681    8.538481    8.538472    8.538237    8.538001    8.537766    8.537530    8.537293    8.537067    8.537058    8.536483    8.535906    8.535328    8.532422    8.529486    8.523520    8.517438    8.511193    8.504703    8.497954    8.490939    8.483348    8.475351    8.467005    8.458292    8.449184    8.438927    8.427867    8.416188
    8.505470    8.505387    8.505262    8.505054    8.504846    8.504638    8.504429    8.504220    8.504011    8.503810    8.503801    8.503566    8.503330    8.503094    8.502857    8.502622    8.502394    8.502384    8.501808    8.501231    8.500652    8.497742    8.494801    8.488827    8.482737    8.476484    8.469985    8.463230    8.456209    8.448597    8.440511    8.431993    8.423015    8.413548    8.402873    8.391365    8.379212
    8.470592    8.470509    8.470384    8.470175    8.469966    8.469757    8.469548    8.469339    8.469130    8.468929    8.468921    8.468684    8.468449    8.468212    8.467976    8.467738    8.467511    8.467502    8.466925    8.466347    8.465768    8.462853    8.459908    8.453929    8.447812    8.441487    8.434866    8.427932    8.420668    8.412742    8.404320    8.395447    8.386095    8.376233    8.365115    8.353129    8.340471
    8.435317    8.435231    8.435103    8.434891    8.434677    8.434464    8.434249    8.434035    8.433821    8.433615    8.433606    8.433364    8.433122    8.432879    8.432637    8.432394    8.432160    8.432151    8.431559    8.430965    8.430370    8.427369    8.424327    8.418117    8.411740    8.405149    8.398247    8.391018    8.383444    8.375181    8.366401    8.357149    8.347398    8.337114    8.325522 -999.000000 -999.000000
    8.398530    8.398441    8.398308    8.398086    8.397862    8.397640    8.397417    8.397193    8.396970    8.396754    8.396746    8.396493    8.396241    8.395988    8.395735    8.395481    8.395238    8.395227    8.394610    8.393991    8.393370    8.390240    8.387066    8.380587    8.373935    8.367056    8.359855    8.352310    8.344406    8.335783    8.326618 -999.000000 -999.000000 -999.000000 -999.000000 -999.000000 -999.000000
    8.359945    8.359853    8.359714    8.359481    8.359248    8.359015    8.358783    8.358549    8.358315    8.358091    8.358082    8.357818    8.357554    8.357290    8.357026    8.356761    8.356507    8.356496    8.355851    8.355205    8.354556    8.351288    8.347973    8.341207    8.334258    8.327073 -999.000000 -999.000000 -999.000000 -999.000000 -999.000000 -999.000000 -999.000000 -999.000000 -999.000000 -999.000000 -999.000000
#
# dtdh (rows - delta, columns - depth)
#
 -999.000000 -999.000000 -999.000000 -999.000000 -999.000000 -999.000000 -999.000000 -999.000000 -999.000000 -999.000000 -999.000000 -999.000000 -999.000000 -999.000000 -999.000000 -999.000000 -999.000000 -999.000000 -999.000000 -999.000000 -999.000000 -999.000000 -999.000000 -999.000000 -999.000000 -999.000000 -999.000000 -999.000000 -999.000000 -999.000000 -999.000000 -999.000000 -999.000000 -999.000000 -999.000000   -0.115405   -0.112347
 -999.000000 -999.000000 -999.000000 -999.000000 -999.000000 -999.000000 -999.000000 -999.000000 -999.000000 -999.000000 -999.000000 -999.000000 -999.000000 -999.000000 -999.000000 -999.000000 -999.000000 -999.000000 -999.000000 -999.000000 -999.000000 -999.000000 -999.000000 -999.000000 -999.000000 -999.000000 -999.000000 -999.000000 -999.000000 -999.000000 -999.000000 -999.000000   -0.145637   -0.140512   -0.121187   -0.115481   -0.112468
 -999.000000 -999.000000 -999.000000 -999.000000 -999.000000 -999.000000 -999.000000 -999.000000 -999.000000 -999.000000 -999.000000 -999.000000 -999.000000 -999.000000 -999.000000 -999.000000 -999.000000 -999.000000 -999.000000 -999.000000 -999.000000 -999.000000 -999.000000 -999.000000 -999.000000 -999.000000 -999.000000 -999.000000 -999.000000   -0.161452   -0.156100   -0.150848   -0.145676   -0.140577   -0.121296   -0.115633   -0.112665
 -999.000000 -999.000000 -999.000000 -999.000000 -999.000000 -999.000000 -999.000000 -999.000000 -999.000000 -999.000000 -999.000000 -999.000000 -999.000000 -999.000000 -999.000000 -999.000000 -999.000000 -999.000000 -999.000000 -999.000000 -999.000000 -999.000000 -999.000000 -999.000000 -999.000000 -999.000000   -0.186233   -0.181240   -0.176348   -0.161482   -0.156150   -0.150920   -0.145773   -0.140702   -0.121474   -0.115856   -0.112933
 -999.000000 -999.000000 -999.000000 -999.000000 -999.000000 -999.000000 -999.000000 -999.000000 -999.000000 -999.000000 -999.000000 -999.000000 -999.000000 -999.000000 -999.000000 -999.000000 -999.000000 -999.000000 -999.000000 -999.000000 -999.000000   -0.198750   -0.198053   -0.196908   -0.195926   -0.191354   -0.186264   -0.181285   -0.176408   -0.161564   -0.156252   -0.151046   -0.145925   -0.140884   -0.121715   -0.116144   -0.113264
   -0.280338   -0.280333   -0.280324   -0.280311   -0.280297   -0.280283   -0.280269   -0.280255   -0.280241   -0.280228   -0.247106   -0.247090   -0.247074   -0.247058   -0.247043   -0.247027   -0.247012   -0.199878   -0.199740   -0.199602   -0.199464   -0.198773   -0.198081   -0.196946   -0.195973   -0.191414   -0.186336   -0.181372   -0.176511   -0.161693   -0.156404   -0.151222   -0.146129   -0.141118   -0.122014   -0.116488   -0.113649
   -0.280372   -0.280367   -0.280359   -0.280345   -0.280331   -0.280318   -0.280304   -0.280290   -0.280277   -0.280264   -0.247146   -0.247131   -0.247115   -0.247100   -0.247084   -0.247069   -0.247054   -0.199930   -0.199793   -0.199656   -0.199519   -0.198833   -0.198145   -0.197021   -0.196058   -0.191511   -0.186448   -0.181499   -0.176655   -0.161866   -0.156601   -0.151445   -0.146378   -0.141396   -0.122362   -0.116880   -0.114080
   -0.280430   -0.280425   -0.280417   -0.280404   -0.280390   -0.280377   -0.280363   -0.280350   -0.280337   -0.280324   -0.247215   -0.247199   -0.247184   -0.247169   -0.247154   -0.247139   -0.247124   -0.200016   -0.199881   -0.199744   -0.199608   -0.198927   -0.198245   -0.197130   -0.196178   -0.191645   -0.186597   -0.181664   -0.176837   -0.162080   -0.156837   -0.151706   -0.146667   -0.141714   -0.122753   -0.117314   -0.114549
   -0.280512   -0.280507   -0.280499   -0.280486   -0.280472   -0.280459   -0.280446   -0.280433   -0.280420   -0.280407   -0.247309   -0.247294   -0.247279   -0.247265   -0.247250   -0.247235   -0.247220   -0.200136   -0.200001   -0.199865   -0.199730   -0.199054   -0.198377   -0.197272   -0.196331   -0.191811   -0.186778   -0.181861   -0.177052   -0.162328   -0.157108   -0.152002   -0.146989   -0.142064   -0.123178   -0.117780   -0.115048
   -0.280614   -0.280609   -0.280602   -0.280589   -0.280576   -0.280563   -0.280550   -0.280537   -0.280524   -0.280512   -0.247428   -0.247413   -0.247399   -0.247384   -0.247369   -0.247355   -0.247341   -0.200284   -0.200150   -0.200016   -0.199882   -0.199210   -0.198538   -0.197443   -0.196511   -0.192005   -0.186987   -0.182087   -0.177295   -0.162606   -0.157409   -0.152326   -0.147339   -0.142442   -0.123631   -0.118275   -0.115575
   -0.280735   -0.280730   -0.280723   -0.280710   -0.280697   -0.280685   -0.280672   -0.280659   -0.280646   -0.280634   -0.247567   -0.247552   -0.247538   -0.247524   -0.247510   -0.247495   -0.247481   -0.200458   -0.200325   -0.200192   -0.200058   -0.199391   -0.198724   -0.197639   -0.196716   -0.192224   -0.187221   -0.182337   -0.177562   -0.162908   -0.157733   -0.152674   -0.147712   -0.142842   -0.124110   -0.118792   -0.116121
   -0.280872   -0.280867   -0.280860   -0.280847   -0.280835   -0.280823   -0.280810   -0.280798   -0.280785   -0.280773   -0.247724   -0.247710   -0.247696   -0.247682   -0.247668   -0.247654   -0.247641   -0.200654   -0.200522   -0.200390   -0.200257   -0.199595   -0.198932   -0.197855   -0.196942   -0.192463   -0.187475   -0.182607   -0.177848   -0.163231   -0.158078   -0.153043   -0.148106   -0.143261   -0.124606   -0.119325   -0.116681
   -0.281023   -0.281018   -0.281011   -0.280998   -0.280986   -0.280974   -0.280962   -0.280949   -0.280937   -0.280925   -0.247897   -0.247883   -0.247869   -0.247856   -0.247842   -0.247828   -0.247815   -0.200869   -0.200738   -0.200606   -0.200475   -0.199817   -0.199158   -0.198090   -0.197185   -0.192719   -0.187746   -0.182894   -0.178152   -0.163571   -0.158440   -0.153427   -0.148513   -0.143694   -0.125116   -0.119872   -0.117254
   -0.281185   -0.281180   -0.281173   -0.281161   -0.281149   -0.281137   -0.281125   -0.281113   -0.281101   -0.281089   -0.248082   -0.248069   -0.248055   -0.248042   -0.248028   -0.248015   -0.248002   -0.201100   -0.200969   -0.200838   -0.200708   -0.200054   -0.199399   -0.198339   -0.197443   -0.192990   -0.188032   -0.183194   -0.178468   -0.163925   -0.158814   -0.153823   -0.148932   -0.144137   -0.125637   -0.120428   -0.117836
   -0.281356   -0.281352   -0.281345   -0.281333   -0.281321   -0.281309   -0.281297   -0.281285   -0.281274   -0.281262   -0.248279   -0.248265   -0.248252   -0.248239   -0.248225   -0.248212   -0.248199   -0.201344   -0.201214   -0.201084   -0.200954   -0.200304   -0.199653   -0.198601   -0.197712   -0.193272   -0.188328   -0.183505   -0.178795   -0.164289   -0.159198   -0.154228   -0.149360   -0.144590   -0.126168   -0.120994   -0.118427
   -0.281536   -0.281531   -0.281524   -0.281512   -0.281501   -0.281489   -0.281477   -0.281466   -0.281454   -0.281443   -0.248483   -0.248470   -0.248457   -0.248444   -0.248431   -0.248418   -0.248405   -0.201598   -0.201469   -0.201339   -0.201210   -0.200564   -0.199916   -0.198872   -0.197990   -0.193562   -0.188632   -0.183825   -0.179130   -0.164661   -0.159590   -0.154642   -0.149797   -0.145050   -0.126706   -0.121567   -0.119024
   -0.281721   -0.281716   -0.281709   -0.281698   -0.281686   -0.281675   -0.281663   -0.281652   -0.281640   -0.281629   -0.248694   -0.248682   -0.248669   -0.248656   -0.248643   -0.248630   -0.248618   -0.201860   -0.201731   -0.201603   -0.201474   -0.200831   -0.200188   -0.199150   -0.198275   -0.193860   -0.188944   -0.184151   -0.179471   -0.165040   -0.159990   -0.155063   -0.150240   -0.145517   -0.127252   -0.122146   -0.119627
   -0.281910   -0.281906   -0.281899   -0.281888   -0.281877   -0.281866   -0.281854   -0.281843   -0.281832   -0.281821   -0.248911   -0.248899   -0.248886   -0.248873   -0.248861   -0.248848   -0.248836   -0.202128   -0.202000   -0.201872   -0.201745   -0.201105   -0.200465   -0.199434   -0.198566   -0.194164   -0.189262   -0.184484   -0.179820   -0.165426   -0.160396   -0.155490   -0.150690   -0.145990   -0.127802   -0.122730   -0.120232
   -0.282105   -0.282100   -0.282094   -0.282083   -0.282072   -0.282061   -0.282049   -0.282038   -0.282027   -0.282017   -0.249133   -0.249120   -0.249108   -0.249096   -0.249083   -0.249071   -0.249059   -0.202402   -0.202275   -0.202148   -0.202021   -0.201385   -0.200749   -0.199725   -0.198863   -0.194473   -0.189586   -0.184822   -0.180173   -0.165818   -0.160807   -0.155922   -0.151144   -0.146467   -0.128355   -0.123313   -0.120833
   -0.282303   -0.282298   -0.282292   -0.282281   -0.282270   -0.282259   -0.282248   -0.282237   -0.282227   -0.282216   -0.249359   -0.249346   -0.249334   -0.249322   -0.249310   -0.249298   -0.249286   -0.202682   -0.202555   -0.202429   -0.202302   -0.201670   -0.201037   -0.200020   -0.199165   -0.194788   -0.189914   -0.185164   -0.180531   -0.166213   -0.161222   -0.156357   -0.151598   -0.146942   -0.128903   -0.123890   -0.121428
   -0.282504   -0.282500   -0.282493   -0.282483   -0.282472   -0.282461   -0.282451   -0.282440   -0.282429   -0.282419   -0.249588   -0.249576   -0.249564   -0.249552   -0.249540   -0.249528   -0.249517   -0.202965   -0.202840   -0.202714   -0.202588   -0.201959   -0.201329   -0.200319   -0.199471   -0.195106   -0.190245   -0.185510   -0.180891   -0.166610   -0.161636   -0.156789   -0.152050   -0.147413   -0.129446   -0.124461   -0.122018
   -0.282708   -0.282704   -0.282698   -0.282687   -0.282677   -0.282666   -0.282656   -0.282645   -0.282634   -0.282624   -0.249821   -0.249809   -0.249797   -0.249785   -0.249773   -0.249762   -0.249750   -0.203253   -0.203128   -0.203002   -0.202877   -0.202251   -0.201625   -0.200621   -0.199778   -0.195424   -0.190577   -0.185854   -0.181248   -0.167003   -0.162047   -0.157218   -0.152497   -0.147881   -0.129985   -0.131551   -0.129156
   -0.282913   -0.282909   -0.282903   -0.282892   -0.282882   -0.282872   -0.282861   -0.282851   -0.282840   -0.282830   -0.250054   -0.250042   -0.250030   -0.250019   -0.250007   -0.249996   -0.249984   -0.203540   -0.203416   -0.203291   -0.203167   -0.202544   -0.201920   -0.200921   -0.200084   -0.195741   -0.190906   -0.186196   -0.181604   -0.167394   -0.162455   -0.157643   -0.158098   -0.153616   -0.136416   -0.131631   -0.129250
   -0.283117   -0.283113   -0.283107   -0.283097   -0.283086   -0.283076   -0.283066   -0.283056   -0.283045   -0.283035   -0.250286   -0.250274   -0.250263   -0.250251   -0.250240   -0.250228   -0.250217   -0.203826   -0.203702   -0.203578   -0.203454   -0.202834   -0.202213   -0.201220   -0.200388   -0.196056   -0.191233   -0.186536   -0.181957   -0.172236   -0.167423   -0.162738   -0.158162   -0.153690   -0.136510   -0.131740   -0.129374
   -0.283320   -0.283316   -0.283310   -0.283299   -0.283289   -0.283279   -0.283269   -0.283259   -0.283249   -0.283239   -0.250516   -0.250505   -0.250494   -0.250482   -0.250471   -0.250460   -0.250449   -0.204110   -0.203987   -0.203864   -0.203740   -0.203122   -0.202505   -0.201516   -0.204193   -0.199946   -0.195220   -0.190620   -0.186137   -0.172296   -0.167491   -0.162815   -0.158248   -0.153787   -0.136631   -0.131876   -0.129525
   -0.285825   -0.285821   -0.285816   -0.285806   -0.285797   -0.285788   -0.285779   -0.285769   -0.285760   -0.285751   -0.253352   -0.253342   -0.253331   -0.253321   -0.253310   -0.253300   -0.253289   -0.207586   -0.207465   -0.207344   -0.207223   -0.206619   -0.206014   -0.205046   -0.204238   -0.199996   -0.195275   -0.190681   -0.186205   -0.172375   -0.167580   -0.162913   -0.158357   -0.153907   -0.136776   -0.132038   -0.129701
   -0.285858   -0.285855   -0.285849   -0.285840   -0.285831   -0.285822   -0.285812   -0.285803   -0.285794   -0.285785   -0.253391   -0.253380   -0.253370   -0.253359   -0.253349   -0.253339   -0.253329   -0.207634   -0.207513   -0.207393   -0.207272   -0.206669   -0.206066   -0.205103   -0.204298   -0.200062   -0.195347   -0.190760   -0.186291   -0.172474   -0.167687   -0.163031   -0.158486   -0.154048   -0.136944   -0.132224   -0.129903
   -0.285902   -0.285898   -0.285893   -0.285884   -0.285875   -0.285866   -0.285856   -0.285847   -0.285838   -0.285829   -0.253441   -0.253431   -0.253420   -0.253410   -0.253400   -0.253389   -0.253379   -0.207696   -0.207576   -0.207456   -0.207336   -0.206735   -0.206134   -0.205174   -0.204374   -0.200143   -0.195435   -0.190855   -0.186393   -0.172590   -0.167813   -0.163167   -0.158634   -0.154208   -0.137135   -0.132433   -0.130128
   -0.285955   -0.285952   -0.285946   -0.285937   -0.285928   -0.285919   -0.285910   -0.285901   -0.285892   -0.285884   -0.253502   -0.253492   -0.253482   -0.253472   -0.253461   -0.253451   -0.253441   -0.207771   -0.207652   -0.207532   -0.207412   -0.206814   -0.206215   -0.205260   -0.204463   -0.200239   -0.195537   -0.190964   -0.186510   -0.172723   -0.167956   -0.163321   -0.158800   -0.154388   -0.137348   -0.132665   -0.130377
   -0.286018   -0.286015   -0.286009   -0.286000   -0.285992   -0.285983   -0.285974   -0.285965   -0.285956   -0.285947   -0.253574   -0.253564   -0.253554   -0.253544   -0.253534   -0.253524   -0.253514   -0.207860   -0.207741   -0.207621   -0.207502   -0.206905   -0.206309   -0.205358   -0.204566   -0.200348   -0.195654   -0.191088   -0.186643   -0.172872   -0.168117   -0.163494   -0.158986   -0.154588   -0.137584   -0.132921   -0.130650
   -0.286090   -0.286086   -0.286081   -0.286072   -0.286063   -0.286055   -0.286046   -0.286037   -0.286028   -0.286020   -0.253656   -0.253646   -0.253636   -0.253626   -0.253616   -0.253606   -0.253597   -0.207961   -0.207842   -0.207723   -0.207604   -0.207010   -0.206415   -0.205469   -0.204682   -0.200470   -0.195784   -0.191227   -0.186791   -0.173038   -0.168295   -0.163685   -0.159190   -0.154807   -0.137841   -0.133199   -0.130946
   -0.286170   -0.286167   -0.286162   -0.286153   -0.286144   -0.286136   -0.286127   -0.286118   -0.286110   -0.286101   -0.253747   -0.253738   -0.253728   -0.253718   -0.253708   -0.253699   -0.253689   -0.208074   -0.207956   -0.207837   -0.207719   -0.207126   -0.206534   -0.205593   -0.204811   -0.200607   -0.195929   -0.191381   -0.186954   -0.173221   -0.168490   -0.163893   -0.159413   -0.155045   -0.138119   -0.133499   -0.131259
   -0.286260   -0.286256   -0.286251   -0.286243   -0.286234   -0.286226   -0.286217   -0.286209   -0.286200   -0.286192   -0.253850   -0.253840   -0.253830   -0.253821   -0.253811   -0.253802   -0.253792   -0.208199   -0.208082   -0.207964   -0.207846   -0.207256   -0.206666   -0.205730   -0.204953   -0.200757   -0.196088   -0.191549   -0.187132   -0.173420   -0.168702   -0.164119   -0.159653   -0.155298   -0.138403   -0.133784   -0.131537
   -0.286358   -0.286355   -0.286350   -0.286341   -0.286333   -0.286325   -0.286316   -0.286308   -0.286299   -0.286291   -0.253962   -0.253952   -0.253943   -0.253933   -0.253924   -0.253914   -0.253905   -0.208337   -0.208220   -0.208102   -0.207985   -0.207398   -0.206811   -0.205880   -0.205108   -0.200920   -0.196260   -0.191731   -0.187324   -0.173632   -0.168922   -0.164344   -0.159879   -0.155523   -0.138647   -0.134031   -0.131782
   -0.286465   -0.286462   -0.286457   -0.286449   -0.286440   -0.286432   -0.286424   -0.286416   -0.286407   -0.286399   -0.254083   -0.254074   -0.254065   -0.254056   -0.254046   -0.254037   -0.254028   -0.208487   -0.208370   -0.208253   -0.208136   -0.207552   -0.206967   -0.206041   -0.205274   -0.201092   -0.196437   -0.191911   -0.187505   -0.173822   -0.169114   -0.164537   -0.160074   -0.155720   -0.138866   -0.134254   -0.132006
   -0.286576   -0.286573   -0.286568   -0.286560   -0.286552   -0.286544   -0.286535   -0.286527   -0.286519   -0.286511   -0.254209   -0.254200   -0.254191   -0.254182   -0.254172   -0.254163   -0.254154   -0.208640   -0.208524   -0.208407   -0.208290   -0.207706   -0.207121   -0.206194   -0.205424   -0.201243   -0.196589   -0.192065   -0.187661   -0.173989   -0.169284   -0.164710   -0.160251   -0.155901   -0.139067   -0.134461   -0.132216
   -0.286673   -0.286670   -0.286665   -0.286657   -0.286648   -0.286640   -0.286632   -0.286624   -0.286615   -0.286607   -0.254318   -0.254309   -0.254300   -0.254290   -0.254281   -0.254272   -0.254263   -0.208773   -0.208656   -0.208539   -0.208422   -0.207837   -0.207253   -0.206325   -0.205555   -0.201376   -0.196725   -0.192204   -0.187802   -0.174142   -0.169440   -0.164870   -0.160415   -0.156070   -0.139256   -0.134656   -0.132414
   -0.286759   -0.286755   -0.286750   -0.286742   -0.286734   -0.286726   -0.286718   -0.286709   -0.286701   -0.286693   -0.254415   -0.254405   -0.254396   -0.254387   -0.254378   -0.254368   -0.254360   -0.208890   -0.208774   -0.208657   -0.208540   -0.207956   -0.207371   -0.206444   -0.205675   -0.201499   -0.196850   -0.192332   -0.187934   -0.174284   -0.169586   -0.165021   -0.160570   -0.156230   -0.139436   -0.134842   -0.132605
   -0.286837   -0.286834   -0.286829   -0.286821   -0.286813   -0.286805   -0.286796   -0.286788   -0.286780   -0.286772   -0.254504   -0.254494   -0.254485   -0.254476   -0.254467   -0.254458   -0.254449   -0.208999   -0.208882   -0.208766   -0.208649   -0.208065   -0.207481   -0.206555   -0.205786   -0.201613   -0.196968   -0.192453   -0.188058   -0.174418   -0.169725   -0.165164   -0.160719   -0.156384   -0.139609   -0.135022   -0.132789
   -0.286911   -0.286908   -0.286903   -0.286895   -0.286887   -0.286879   -0.286870   -0.286862   -0.286854   -0.286846   -0.254587   -0.254578   -0.254569   -0.254559   -0.254550   -0.254541   -0.254532   -0.209101   -0.208984   -0.208867   -0.208751   -0.208168   -0.207584   -0.206659   -0.205892   -0.201721   -0.197080   -0.192568   -0.188177   -0.174548   -0.169859   -0.165303   -0.160863   -0.156532   -0.139776   -0.135197   -0.132967
   -0.286981   -0.286978   -0.286973   -0.286965   -0.286957   -0.286949   -0.286941   -0.286933   -0.286925   -0.286917   -0.254667   -0.254657   -0.254648   -0.254639   -0.254630   -0.254621   -0.254612   -0.209198   -0.209081   -0.208965   -0.208848   -0.208266   -0.207683   -0.206759   -0.205993   -0.201825   -0.197187   -0.192679   -0.188292   -0.174672   -0.169988   -0.165437   -0.161001   -0.156676   -0.139939   -0.135366   -0.133140
   -0.287049   -0.287046   -0.287041   -0.287033   -0.287025   -0.287017   -0.287009   -0.287000   -0.286992   -0.286985   -0.254743   -0.254734   -0.254725   -0.254716   -0.254707   -0.254697   -0.254689   -0.209291   -0.209175   -0.209058   -0.208942   -0.208360   -0.207778   -0.206856   -0.206091   -0.201926   -0.197292   -0.192787   -0.188403   -0.174793   -0.170114   -0.165567   -0.161136   -0.156816   -0.140098   -0.135535   -0.133318
   -0.287114   -0.287111   -0.287106   -0.287098   -0.287090   -0.287082   -0.287074   -0.287066   -0.287058   -0.287050   -0.254817   -0.254808   -0.254799   -0.254790   -0.254781   -0.254772   -0.254763   -0.209381   -0.209265   -0.209149   -0.209033   -0.208452   -0.207870   -0.206949   -0.206186   -0.202024   -0.197393   -0.192891   -0.188511   -0.174911   -0.170236   -0.165696   -0.161272   -0.156961   -0.140266   -0.135716   -0.133511
   -0.287178   -0.287174   -0.287170   -0.287162   -0.287154   -0.287146   -0.287138   -0.287130   -0.287122   -0.287114   -0.254889   -0.254880   -0.254871   -0.254862   -0.254853   -0.254844   -0.254835   -0.209469   -0.209353   -0.209237   -0.209121   -0.208540   -0.207960   -0.207040   -0.206278   -0.202119   -0.197492   -0.192995   -0.188620   -0.175032   -0.170365   -0.165833   -0.161418   -0.157117   -0.140448   -0.135912   -0.133720
   -0.287240   -0.287237   -0.287232   -0.287224   -0.287216   -0.287208   -0.287200   -0.287192   -0.287184   -0.287176   -0.254959   -0.254950   -0.254941   -0.254932   -0.254923   -0.254914   -0.254906   -0.209555   -0.209440   -0.209324   -0.209208   -0.208628   -0.208049   -0.207132   -0.206373   -0.202219   -0.197597   -0.193106   -0.188738   -0.175163   -0.170505   -0.165982   -0.161577   -0.157287   -0.140647   -0.136128   -0.133947
   -0.287305   -0.287302   -0.287298   -0.287290   -0.287282   -0.287274   -0.287266   -0.287258   -0.287251   -0.287243   -0.255034   -0.255025   -0.255016   -0.255007   -0.254999   -0.254990   -0.254981   -0.209647   -0.209532   -0.209416   -0.209300   -0.208723   -0.208145   -0.207231   -0.206476   -0.202327   -0.197712   -0.193227   -0.188866   -0.175307   -0.170658   -0.166145   -0.161751   -0.157471   -0.140858   -0.136349   -0.134176
   -0.287377   -0.287374   -0.287369   -0.287362   -0.287354   -0.287346   -0.287338   -0.287330   -0.287323   -0.287315   -0.255115   -0.255107   -0.255098   -0.255089   -0.255080   -0.255072   -0.255063   -0.209747   -0.209632   -0.209517   -0.209401   -0.208825   -0.208250   -0.207340   -0.206588   -0.202446   -0.197837   -0.193360   -0.189006   -0.175462   -0.170821   -0.166315   -0.161929   -0.157657   -0.141069   -0.136570   -0.134404
   -0.287455   -0.287452   -0.287448   -0.287440   -0.287433   -0.287425   -0.287417   -0.287410   -0.287402   -0.287395   -0.255205   -0.255196   -0.255188   -0.255179   -0.255170   -0.255162   -0.255153   -0.209856   -0.209742   -0.209627   -0.209512   -0.208938   -0.208365   -0.207458   -0.206710   -0.202573   -0.197969   -0.193498   -0.189149   -0.175618   -0.170984   -0.166486   -0.162107   -0.157842   -0.141280   -0.136792   -0.134633
   -0.287538   -0.287535   -0.287531   -0.287523   -0.287516   -0.287508   -0.287501   -0.287493   -0.287485   -0.287478   -0.255299   -0.255290   -0.255282   -0.255273   -0.255265   -0.255256   -0.255248   -0.209971   -0.209857   -0.209742   -0.209628   -0.209055   -0.208482   -0.207578   -0.206832   -0.202700   -0.198101   -0.193635   -0.189292   -0.175774   -0.171147   -0.166656   -0.162285   -0.158028   -0.141492   -0.137016   -0.134867
   -0.287622   -0.287619   -0.287614   -0.287607   -0.287599   -0.287592   -0.287584   -0.287576   -0.287569   -0.287562   -0.255393   -0.255385   -0.255376   -0.255368   -0.255359   -0.255351   -0.255343   -0.210086   -0.209972   -0.209858   -0.209743   -0.209172   -0.208601   -0.207699   -0.206955   -0.202827   -0.198234   -0.193773   -0.189435   -0.175931   -0.171311   -0.166828   -0.162466   -0.158219   -0.141710   -0.137248   -0.135111
   -0.287705   -0.287702   -0.287697   -0.287690   -0.287682   -0.287675   -0.287668   -0.287660   -0.287653   -0.287645   -0.255487   -0.255479   -0.255471   -0.255462   -0.255454   -0.255445   -0.255437   -0.210202   -0.210088   -0.209973   -0.209859   -0.209289   -0.208719   -0.207820   -0.207078   -0.202955   -0.198367   -0.193912   -0.189580   -0.176092   -0.171480   -0.167007   -0.162654   -0.158417   -0.141938   -0.137491   -0.135364
   -0.287789   -0.287786   -0.287781   -0.287774   -0.287767   -0.287759   -0.287752   -0.287744   -0.287737   -0.287730   -0.255582   -0.255574   -0.255566   -0.255557   -0.255549   -0.255541   -0.255533   -0.210318   -0.210204   -0.210090   -0.209976   -0.209408   -0.208839   -0.207943   -0.207205   -0.203087   -0.198506   -0.194057   -0.189732   -0.176259   -0.171657   -0.167193   -0.162850   -0.158624   -0.142176 -999.000000 -999.000000
   -0.287876   -0.287873   -0.287868   -0.287861   -0.287854   -0.287847   -0.287839   -0.287832   -0.287825   -0.287818   -0.255681   -0.255673   -0.255665   -0.255657   -0.255648   -0.255640   -0.255632   -0.210438   -0.210325   -0.210212   -0.210098   -0.209531   -0.208964   -0.208071   -0.207337   -0.203225   -0.198650   -0.194208   -0.189891   -0.176434   -0.171841 -999.000000 -999.000000 -999.000000 -999.000000 -999.000000 -999.000000
   -0.287966   -0.287964   -0.287959   -0.287952   -0.287945   -0.287938   -0.287930   -0.287923   -0.287916   -0.287909   -0.255784   -0.255776   -0.255768   -0.255760   -0.255752   -0.255744   -0.255736   -0.210564   -0.210451   -0.210338   -0.210225   -0.209660   -0.209095   -0.208206   -0.207475   -0.203369 -999.000000 -999.000000 -999.000000 -999.000000 -999.000000 -999.000000 -999.000000 -999.000000 -999.000000 -999.000000 -999.000000
#
# iasp91 travel-time table for SP
#
