#
# iasp91 travel-time table for pPn
#
# number of distance and depth samples
38 28
# delta samples
1.000 1.500 2.000 2.500 3.000 3.500 4.000 4.500 5.000 5.500 6.000 6.500 7.000 7.500 8.000 8.500 9.000 10.000 11.000 12.000 13.000 14.000 15.000 16.000 17.000 
18.000 19.000 20.000 21.000 22.000 23.000 24.000 25.000 26.000 27.000 28.000 29.000 31.000 
# depth samples
    1.000000    2.500000    5.000000    7.500000   10.000000   12.500000   15.000000   17.500000   19.900000   20.000000   22.500000   25.000000   27.500000   30.000000   32.500000   34.900000   35.000000   40.000000   45.000000   50.000000   75.000000  100.000000  150.000000  200.000000  250.000000  300.000000  350.000000  400.000000
#
# travel times (rows - delta, columns - depth)
#
   21.393015   21.573126   21.873211   22.173170   22.473003   22.772711   23.072292   23.371748   23.659105   23.671057   23.898361   24.125483 -999.000000 -999.000000 -999.000000 -999.000000 -999.000000 -999.000000 -999.000000 -999.000000 -999.000000 -999.000000 -999.000000 -999.000000 -999.000000 -999.000000 -999.000000 -999.000000
   28.270048   28.450163   28.750256   29.050220   29.350061   29.649775   29.949362   30.248821   30.536184   30.548136   30.775446   31.002573   31.229532   31.456324   31.682947   31.900347   31.909365 -999.000000 -999.000000 -999.000000 -999.000000 -999.000000 -999.000000 -999.000000 -999.000000 -999.000000 -999.000000 -999.000000
   35.146847   35.326973   35.627079   35.927059   36.226910   36.526638   36.826237   37.125710   37.413086   37.425037   37.652363   37.879505   38.106480   38.333282   38.559921   38.777332   38.786350 -999.000000 -999.000000 -999.000000 -999.000000 -999.000000 -999.000000 -999.000000 -999.000000 -999.000000 -999.000000 -999.000000
   42.023258   42.203396   42.503521   42.803524   43.103397   43.403145   43.702763   44.002258   44.289650   44.301601   44.528954   44.756119   44.983120   45.209946   45.436607   45.654037   45.663059 -999.000000 -999.000000 -999.000000 -999.000000 -999.000000 -999.000000 -999.000000 -999.000000 -999.000000 -999.000000 -999.000000
   48.899124   49.079277   49.379433   49.679462   49.979362   50.279137   50.578785   50.878307   51.165726   51.177677   51.405064   51.632263   51.859295   52.086159   52.312851   52.530312   52.539333 -999.000000 -999.000000 -999.000000 -999.000000 -999.000000 -999.000000 -999.000000 -999.000000 -999.000000 -999.000000 -999.000000
   55.774284   55.954460   56.254650   56.554718   56.854652   57.154465   57.454144   57.753700   58.041153   58.053104   58.280537   58.507782   58.734856   58.961761   59.188496   59.405998   59.415020 -999.000000 -999.000000 -999.000000 -999.000000 -999.000000 -999.000000 -999.000000 -999.000000 -999.000000 -999.000000 -999.000000
   62.648586   62.828789   63.129025   63.429131   63.729111   64.028961   64.328690   64.628281   64.915771   64.927727   65.155212   65.382515   65.609642   65.836594   66.063385   66.280937   66.289963 -999.000000 -999.000000 -999.000000 -999.000000 -999.000000 -999.000000 -999.000000 -999.000000 -999.000000 -999.000000 -999.000000
   69.521873   69.702103   70.002388   70.302544   70.602577   70.902481   71.202248   71.501900   71.789436   71.801392   72.028938   72.256302   72.483490   72.710510   72.937355   73.154968   73.164001 -999.000000 -999.000000 -999.000000 -999.000000 -999.000000 -999.000000 -999.000000 -999.000000 -999.000000 -999.000000 -999.000000
   76.393982   76.574249   76.874596   77.174812   77.474899   77.774857   78.074684   78.374382   78.661980   78.673935   78.901558   79.128990   79.356255   79.583344   79.810265   80.027946   80.036980 -999.000000 -999.000000 -999.000000 -999.000000 -999.000000 -999.000000 -999.000000 -999.000000 -999.000000 -999.000000 -999.000000
   83.264771   83.445076   83.745483   84.045761   84.345917   84.645935   84.945831   85.245590   85.533249   85.545212   85.772911   86.000427   86.227776   86.454948   86.681946   86.899704   86.908737 -999.000000 -999.000000 -999.000000 -999.000000 -999.000000 -999.000000 -999.000000 -999.000000 -999.000000 -999.000000 -999.000000
   90.134071   90.314415   90.614899   90.915245   91.215469   91.515564   91.815529   92.115364   92.403084   92.415047   92.642845   92.870453   93.097893   93.325157   93.552246   93.770088   93.779129 -999.000000 -999.000000 -999.000000 -999.000000 -999.000000 -999.000000 -999.000000 -999.000000 -999.000000 -999.000000 -999.000000
   97.001724   97.182121   97.482681   97.783112   98.083412   98.383583   98.683624   98.983543   99.271339   99.283302   99.511200   99.738914   99.966446  100.193810  100.421005  100.638947  100.647987 -999.000000 -999.000000 -999.000000 -999.000000 -999.000000 -999.000000 -999.000000 -999.000000 -999.000000 -999.000000 -999.000000
  103.867584  104.048035  104.348679  104.649193  104.949585  105.249840  105.549965  105.849968  106.137840  106.149818  106.377823  106.605644  106.833290  107.060768  107.288071  107.506111  107.515160 -999.000000 -999.000000 -999.000000 -999.000000 -999.000000 -999.000000 -999.000000 -999.000000 -999.000000 -999.000000 -999.000000
  110.731491  110.911995  111.212738  111.513344  111.813828  112.114174  112.414398  112.714485  113.002449  113.014427  113.242561  113.470497  113.698265  113.925858  114.153282  114.371437  114.380486  114.409958 -999.000000 -999.000000 -999.000000 -999.000000 -999.000000 -999.000000 -999.000000 -999.000000 -999.000000 -999.000000
  117.593285  117.773849  118.074692  118.375397  118.675980  118.976433  119.276749  119.576942  119.865005  119.876984  120.105247  120.333313  120.561211  120.788933  121.016487  121.234764  121.243820  121.277321 -999.000000 -999.000000 -999.000000 -999.000000 -999.000000 -999.000000 -999.000000 -999.000000 -999.000000 -999.000000
  124.452812  124.633446  124.934387  125.235207  125.535896  125.836456  126.136879  126.437180  126.725342  126.737328  126.965729  127.193939  127.421974  127.649834  127.877525  128.095932  128.104996  128.142181 -999.000000 -999.000000 -999.000000 -999.000000 -999.000000 -999.000000 -999.000000 -999.000000 -999.000000 -999.000000
  131.309921  131.490616  131.791672  132.092606  132.393417  132.694092  132.994629  133.295044  133.583313  133.595306  133.823853  134.052216  134.280396  134.508408  134.736237  134.954788  134.963867  135.004562 -999.000000 -999.000000 -999.000000 -999.000000 -999.000000 -999.000000 -999.000000 -999.000000 -999.000000 -999.000000
  145.016220  145.197067  145.498383  145.799561  146.100616  146.401550  146.702332  147.002991  147.291504  147.303513  147.532379  147.761078  147.989578  148.217911  148.446075  148.664948  148.674026  148.721512  148.754883 -999.000000 -999.000000 -999.000000 -999.000000 -999.000000 -999.000000 -999.000000 -999.000000 -999.000000
  158.710968  158.891983  159.193573  159.495041  159.796371  160.097580  160.398651  160.699585  160.988358  161.000366  161.229614  161.458664  161.687531  161.916229  162.144745  162.363968  162.373062  162.427094  162.469955 -999.000000 -999.000000 -999.000000 -999.000000 -999.000000 -999.000000 -999.000000 -999.000000 -999.000000
  172.392929  172.574127  172.876038  173.177795  173.479446  173.780945  174.082321  174.383575  174.672638  174.684662  174.914307  175.143753  175.373016  175.602112  175.831039  176.050629  176.059738  176.120148  176.171097  176.208313 -999.000000 -999.000000 -999.000000 -999.000000 -999.000000 -999.000000 -999.000000 -999.000000
  186.060745  186.242142  186.544388  186.846497  187.148468  187.450317  187.752029  188.053619  188.343002  188.355042  188.585129  188.815018  189.044724  189.274261  189.503616  189.723633  189.732773  189.799515  189.857925  189.905701 -999.000000 -999.000000 -999.000000 -999.000000 -999.000000 -999.000000 -999.000000 -999.000000
  199.713150  199.894775  200.197372  200.499847  200.802185  201.104385  201.406464  201.708420  201.998154  202.010208  202.240768  202.471130  202.701309  202.931320  203.161163  203.381622  203.390778  203.463791  203.529373  203.585999 -999.000000 -999.000000 -999.000000 -999.000000 -999.000000 -999.000000 -999.000000 -999.000000
  213.349289  213.531143  213.834122  214.136978  214.439697  214.742279  215.044739  215.347061  215.637177  215.649231  215.880295  216.111160  216.341843  216.572342  216.802673  217.023621  217.032791  217.111862  217.184265  217.248932 -999.000000 -999.000000 -999.000000 -999.000000 -999.000000 -999.000000 -999.000000 -999.000000
  226.497604  226.688339  227.006027  227.323456  227.640656  227.957596  228.274292  228.590744  228.894302  228.906921  229.155838  229.404388  229.652557  229.900375  230.147827  230.385040  230.394882  230.589142  230.775833  230.893845 -999.000000 -999.000000 -999.000000 -999.000000 -999.000000 -999.000000 -999.000000 -999.000000
  239.256531  239.451569  239.776474  240.101166  240.425644  240.749893  241.073929  241.397736  241.708389  241.721313  241.979584  242.237503  242.495087  242.752335  243.009247  243.255539  243.265762  243.503708  243.735641  243.960876  244.969727 -999.000000 -999.000000 -999.000000 -999.000000 -999.000000 -999.000000 -999.000000
  251.706650  251.904678  252.234558  252.564270  252.893814  253.223175  253.552368  253.881378  254.197052  254.210175  254.475037  254.739639  255.003983  255.268066  255.531906  255.784943  255.795441  256.063354  256.327881  256.588837  257.830902  258.915527 -999.000000 -999.000000 -999.000000 -999.000000 -999.000000 -999.000000
  263.917419  264.118042  264.452271  264.786316  265.120209  265.453949  265.787506  266.120911  266.440796  266.454102  266.724426  266.994476  267.264313  267.533905  267.803253  268.061646  268.072357  268.361755  268.648407  268.932281  270.306763  271.594208 -999.000000 -999.000000 -999.000000 -999.000000 -999.000000 -999.000000
  275.894928  276.098053  276.436493  276.774811  277.112915  277.450897  277.788727  278.126373  278.450378  278.463837  278.739410  279.014740  279.289886  279.564758  279.839447  280.102936  280.113861  280.422729  280.729248  281.033356  282.515991  283.928711  286.430847 -999.000000 -999.000000 -999.000000 -999.000000 -999.000000
  287.635864  287.841522  288.184174  288.526642  288.868988  289.211151  289.553192  289.895081  290.223114  290.236755  290.517517  290.798035  291.078339  291.358429  291.638336  291.906830  291.917969  292.245117  292.570160  292.893097  294.474274  295.995361  298.778748 -999.000000 -999.000000 -999.000000 -999.000000 -999.000000
 -999.000000 -999.000000 -999.000000 -999.000000 -999.000000 -999.000000 -999.000000 -999.000000 -999.000000 -999.000000 -999.000000 -999.000000 -999.000000 -999.000000 -999.000000 -999.000000 -999.000000 -999.000000 -999.000000 -999.000000  306.180786  307.802124  310.821167  313.285583 -999.000000 -999.000000 -999.000000 -999.000000
 -999.000000 -999.000000 -999.000000 -999.000000 -999.000000 -999.000000 -999.000000 -999.000000 -999.000000 -999.000000 -999.000000 -999.000000 -999.000000 -999.000000 -999.000000 -999.000000 -999.000000 -999.000000 -999.000000 -999.000000 -999.000000  326.677979  322.579407  325.343536 -999.000000 -999.000000 -999.000000 -999.000000
 -999.000000 -999.000000 -999.000000 -999.000000 -999.000000 -999.000000 -999.000000 -999.000000 -999.000000 -999.000000 -999.000000 -999.000000 -999.000000 -999.000000 -999.000000 -999.000000 -999.000000 -999.000000 -999.000000 -999.000000 -999.000000  340.272400 -999.000000  337.074707  339.482880 -999.000000 -999.000000 -999.000000
 -999.000000 -999.000000 -999.000000 -999.000000 -999.000000 -999.000000 -999.000000 -999.000000 -999.000000 -999.000000 -999.000000 -999.000000 -999.000000 -999.000000 -999.000000 -999.000000 -999.000000 -999.000000 -999.000000 -999.000000 -999.000000 -999.000000 -999.000000 -999.000000  351.236298 -999.000000 -999.000000 -999.000000
 -999.000000 -999.000000 -999.000000 -999.000000 -999.000000 -999.000000 -999.000000 -999.000000 -999.000000 -999.000000 -999.000000 -999.000000 -999.000000 -999.000000 -999.000000 -999.000000 -999.000000 -999.000000 -999.000000 -999.000000 -999.000000 -999.000000 -999.000000 -999.000000 -999.000000  364.973328 -999.000000 -999.000000
 -999.000000 -999.000000 -999.000000 -999.000000 -999.000000 -999.000000 -999.000000 -999.000000 -999.000000 -999.000000 -999.000000 -999.000000 -999.000000 -999.000000 -999.000000 -999.000000 -999.000000 -999.000000 -999.000000 -999.000000 -999.000000 -999.000000 -999.000000 -999.000000 -999.000000  377.371521 -999.000000 -999.000000
 -999.000000 -999.000000 -999.000000 -999.000000 -999.000000 -999.000000 -999.000000 -999.000000 -999.000000 -999.000000 -999.000000 -999.000000 -999.000000 -999.000000 -999.000000 -999.000000 -999.000000 -999.000000 -999.000000 -999.000000 -999.000000 -999.000000 -999.000000 -999.000000 -999.000000 -999.000000  389.846252 -999.000000
 -999.000000 -999.000000 -999.000000 -999.000000 -999.000000 -999.000000 -999.000000 -999.000000 -999.000000 -999.000000 -999.000000 -999.000000 -999.000000 -999.000000 -999.000000 -999.000000 -999.000000 -999.000000 -999.000000 -999.000000 -999.000000 -999.000000 -999.000000 -999.000000 -999.000000 -999.000000  401.728058 -999.000000
 -999.000000 -999.000000 -999.000000 -999.000000 -999.000000 -999.000000 -999.000000 -999.000000 -999.000000 -999.000000 -999.000000 -999.000000 -999.000000 -999.000000 -999.000000 -999.000000 -999.000000 -999.000000 -999.000000 -999.000000 -999.000000 -999.000000 -999.000000 -999.000000 -999.000000 -999.000000 -999.000000  425.458862
#
# dtdd (rows - delta, columns - depth)
#
   13.754197   13.754201   13.754208   13.754213   13.754218   13.754223   13.754227   13.754230   13.754232   13.754232   13.754234   13.754235 -999.000000 -999.000000 -999.000000 -999.000000 -999.000000 -999.000000 -999.000000 -999.000000 -999.000000 -999.000000 -999.000000 -999.000000 -999.000000 -999.000000 -999.000000 -999.000000
   13.753886   13.753900   13.753920   13.753941   13.753960   13.753979   13.753997   13.754015   13.754031   13.754032   13.754053   13.754073   13.754092   13.754110   13.754128   13.754142   13.754143 -999.000000 -999.000000 -999.000000 -999.000000 -999.000000 -999.000000 -999.000000 -999.000000 -999.000000 -999.000000 -999.000000
   13.753263   13.753284   13.753320   13.753355   13.753389   13.753423   13.753455   13.753488   13.753518   13.753519   13.753560   13.753599   13.753637   13.753675   13.753711   13.753744   13.753747 -999.000000 -999.000000 -999.000000 -999.000000 -999.000000 -999.000000 -999.000000 -999.000000 -999.000000 -999.000000 -999.000000
   13.752327   13.752357   13.752407   13.752457   13.752505   13.752553   13.752601   13.752647   13.752692   13.752694   13.752753   13.752812   13.752870   13.752927   13.752982   13.753035   13.753037 -999.000000 -999.000000 -999.000000 -999.000000 -999.000000 -999.000000 -999.000000 -999.000000 -999.000000 -999.000000 -999.000000
   13.751079   13.751117   13.751182   13.751245   13.751308   13.751371   13.751433   13.751494   13.751554   13.751555   13.751635   13.751713   13.751790   13.751865   13.751941   13.752011   13.752014 -999.000000 -999.000000 -999.000000 -999.000000 -999.000000 -999.000000 -999.000000 -999.000000 -999.000000 -999.000000 -999.000000
   13.749516   13.749564   13.749642   13.749722   13.749799   13.749876   13.749952   13.750029   13.750101   13.750104   13.750202   13.750299   13.750396   13.750491   13.750586   13.750675   13.750679 -999.000000 -999.000000 -999.000000 -999.000000 -999.000000 -999.000000 -999.000000 -999.000000 -999.000000 -999.000000 -999.000000
   13.747641   13.747697   13.747790   13.747884   13.747975   13.748068   13.748158   13.748249   13.748336   13.748340   13.748457   13.748573   13.748689   13.748804   13.748918   13.749025   13.749030 -999.000000 -999.000000 -999.000000 -999.000000 -999.000000 -999.000000 -999.000000 -999.000000 -999.000000 -999.000000 -999.000000
   13.745452   13.745517   13.745625   13.745732   13.745839   13.745945   13.746051   13.746156   13.746257   13.746261   13.746398   13.746533   13.746669   13.746802   13.746935   13.747062   13.747067 -999.000000 -999.000000 -999.000000 -999.000000 -999.000000 -999.000000 -999.000000 -999.000000 -999.000000 -999.000000 -999.000000
   13.742949   13.743024   13.743146   13.743268   13.743389   13.743510   13.743630   13.743750   13.743864   13.743869   13.744025   13.744180   13.744334   13.744488   13.744639   13.744785   13.744791 -999.000000 -999.000000 -999.000000 -999.000000 -999.000000 -999.000000 -999.000000 -999.000000 -999.000000 -999.000000 -999.000000
   13.740135   13.740218   13.740355   13.740491   13.740626   13.740762   13.740896   13.741031   13.741159   13.741164   13.741340   13.741514   13.741688   13.741859   13.742031   13.742195   13.742202 -999.000000 -999.000000 -999.000000 -999.000000 -999.000000 -999.000000 -999.000000 -999.000000 -999.000000 -999.000000 -999.000000
   13.737009   13.737100   13.737250   13.737401   13.737552   13.737701   13.737850   13.737999   13.738142   13.738148   13.738342   13.738535   13.738728   13.738919   13.739110   13.739292   13.739300 -999.000000 -999.000000 -999.000000 -999.000000 -999.000000 -999.000000 -999.000000 -999.000000 -999.000000 -999.000000 -999.000000
   13.733569   13.733668   13.733834   13.733999   13.734164   13.734328   13.734492   13.734655   13.734812   13.734818   13.735031   13.735244   13.735456   13.735666   13.735876   13.736076   13.736085 -999.000000 -999.000000 -999.000000 -999.000000 -999.000000 -999.000000 -999.000000 -999.000000 -999.000000 -999.000000 -999.000000
   13.729817   13.729925   13.730105   13.730285   13.730464   13.730642   13.730821   13.730998   13.731169   13.731175   13.731408   13.731639   13.731870   13.732100   13.732328   13.732548   13.732557 -999.000000 -999.000000 -999.000000 -999.000000 -999.000000 -999.000000 -999.000000 -999.000000 -999.000000 -999.000000 -999.000000
   13.725752   13.725869   13.726063   13.726257   13.726451   13.726644   13.726836   13.727028   13.727212   13.727220   13.727471   13.727721   13.727971   13.728220   13.728469   13.728706   13.728716   13.737278 -999.000000 -999.000000 -999.000000 -999.000000 -999.000000 -999.000000 -999.000000 -999.000000 -999.000000 -999.000000
   13.721375   13.721499   13.721708   13.721916   13.722124   13.722332   13.722539   13.722745   13.722943   13.722951   13.723222   13.723491   13.723760   13.724028   13.724295   13.724551   13.724562   13.732207 -999.000000 -999.000000 -999.000000 -999.000000 -999.000000 -999.000000 -999.000000 -999.000000 -999.000000 -999.000000
   13.716682   13.716816   13.717039   13.717262   13.717484   13.717706   13.717927   13.718148   13.718360   13.718369   13.718658   13.718946   13.719234   13.719522   13.719808   13.720082   13.720094   13.727237 -999.000000 -999.000000 -999.000000 -999.000000 -999.000000 -999.000000 -999.000000 -999.000000 -999.000000 -999.000000
   13.711677   13.711819   13.712056   13.712293   13.712529   13.712766   13.713001   13.713237   13.713463   13.713472   13.713780   13.714087   13.714395   13.714701   13.715006   13.715299   13.715310   13.722264 -999.000000 -999.000000 -999.000000 -999.000000 -999.000000 -999.000000 -999.000000 -999.000000 -999.000000 -999.000000
   13.700729   13.700889   13.701154   13.701419   13.701683   13.701947   13.702211   13.702476   13.702728   13.702739   13.703084   13.703428   13.703773   13.704116   13.704459   13.704788   13.704802   13.711446   13.722768 -999.000000 -999.000000 -999.000000 -999.000000 -999.000000 -999.000000 -999.000000 -999.000000 -999.000000
   13.688567   13.688743   13.689035   13.689327   13.689620   13.689911   13.690203   13.690494   13.690773   13.690784   13.691166   13.691546   13.691927   13.692307   13.692686   13.693049   13.693065   13.699514   13.708015 -999.000000 -999.000000 -999.000000 -999.000000 -999.000000 -999.000000 -999.000000 -999.000000 -999.000000
   13.675120   13.675314   13.675638   13.675961   13.676284   13.676606   13.676929   13.677250   13.677559   13.677572   13.677993   13.678413   13.678833   13.679252   13.679670   13.680071   13.680088   13.686425   13.694114   13.706709 -999.000000 -999.000000 -999.000000 -999.000000 -999.000000 -999.000000 -999.000000 -999.000000
   13.660275   13.660486   13.660839   13.661192   13.661545   13.661898   13.662251   13.662603   13.662943   13.662956   13.663419   13.663880   13.664343   13.664804   13.665264   13.665706   13.665724   13.672045   13.679356   13.688703 -999.000000 -999.000000 -999.000000 -999.000000 -999.000000 -999.000000 -999.000000 -999.000000
   13.644411   13.644634   13.645004   13.645375   13.645746   13.646117   13.646489   13.646860   13.647216   13.647231   13.647717   13.648203   13.648688   13.649175   13.649661   13.650127   13.650147   13.656319   13.663331   13.671747 -999.000000 -999.000000 -999.000000 -999.000000 -999.000000 -999.000000 -999.000000 -999.000000
   13.627756   13.627989   13.628376   13.628763   13.629151   13.629539   13.629927   13.630315   13.630687   13.630702   13.631209   13.631718   13.632225   13.632733   13.633242   13.633729   13.633749   13.639705   13.646336   13.654005 -999.000000 -999.000000 -999.000000 -999.000000 -999.000000 -999.000000 -999.000000 -999.000000
   12.941904   12.946072   12.952993   12.959885   12.966745   12.973576   12.980375   12.987144   12.993614   12.993882   13.002394   13.010859   13.019281   13.027658   13.035991   13.043947   13.044277   13.085988   13.129407   13.635736 -999.000000 -999.000000 -999.000000 -999.000000 -999.000000 -999.000000 -999.000000 -999.000000
   12.584356   12.587879   12.593801   12.599792   12.605853   12.611987   12.618196   12.624483   12.630596   12.630852   12.638947   12.647186   12.655579   12.664132   12.672858   12.681408   12.681767   12.722301   12.768737   12.817461   13.093888 -999.000000 -999.000000 -999.000000 -999.000000 -999.000000 -999.000000 -999.000000
   12.327114   12.329749   12.334149   12.338558   12.342978   12.347406   12.351846   12.356309   12.360620   12.360800   12.366410   12.372066   12.377769   12.383518   12.389316   12.394928   12.395162   12.418811   12.443697   12.470002   12.634237   12.942513 -999.000000 -999.000000 -999.000000 -999.000000 -999.000000 -999.000000
   12.094276   12.096837   12.101112   12.105397   12.109691   12.113994   12.118307   12.122629   12.126787   12.126960   12.132310   12.137676   12.143057   12.148455   12.153868   12.159079   12.159295   12.179619   12.200377   12.221603   12.336221   12.478121 -999.000000 -999.000000 -999.000000 -999.000000 -999.000000 -999.000000
   11.860296   11.862808   11.867000   11.871199   11.875403   11.879616   11.883835   11.888061   11.892124   11.892293   11.897484   11.902686   11.907899   11.913124   11.918360   11.923397   11.923606   11.942316   11.961318   11.980652   12.083109   12.198251   12.525720 -999.000000 -999.000000 -999.000000 -999.000000 -999.000000
   11.620443   11.622948   11.627126   11.631311   11.635505   11.639705   11.643911   11.648125   11.652177   11.652346   11.657492   11.662647   11.667815   11.672995   11.678185   11.683179   11.683387   11.701256   11.719357   11.737700   11.833366   11.936602   12.188787 -999.000000 -999.000000 -999.000000 -999.000000 -999.000000
 -999.000000 -999.000000 -999.000000 -999.000000 -999.000000 -999.000000 -999.000000 -999.000000 -999.000000 -999.000000 -999.000000 -999.000000 -999.000000 -999.000000 -999.000000 -999.000000 -999.000000 -999.000000 -999.000000 -999.000000   11.578617   11.675855   11.899590   12.236560 -999.000000 -999.000000 -999.000000 -999.000000
 -999.000000 -999.000000 -999.000000 -999.000000 -999.000000 -999.000000 -999.000000 -999.000000 -999.000000 -999.000000 -999.000000 -999.000000 -999.000000 -999.000000 -999.000000 -999.000000 -999.000000 -999.000000 -999.000000 -999.000000 -999.000000   13.596070   11.616415   11.890477 -999.000000 -999.000000 -999.000000 -999.000000
 -999.000000 -999.000000 -999.000000 -999.000000 -999.000000 -999.000000 -999.000000 -999.000000 -999.000000 -999.000000 -999.000000 -999.000000 -999.000000 -999.000000 -999.000000 -999.000000 -999.000000 -999.000000 -999.000000 -999.000000 -999.000000   13.598699 -999.000000   11.573231   11.952513 -999.000000 -999.000000 -999.000000
 -999.000000 -999.000000 -999.000000 -999.000000 -999.000000 -999.000000 -999.000000 -999.000000 -999.000000 -999.000000 -999.000000 -999.000000 -999.000000 -999.000000 -999.000000 -999.000000 -999.000000 -999.000000 -999.000000 -999.000000 -999.000000 -999.000000 -999.000000 -999.000000   11.563664 -999.000000 -999.000000 -999.000000
 -999.000000 -999.000000 -999.000000 -999.000000 -999.000000 -999.000000 -999.000000 -999.000000 -999.000000 -999.000000 -999.000000 -999.000000 -999.000000 -999.000000 -999.000000 -999.000000 -999.000000 -999.000000 -999.000000 -999.000000 -999.000000 -999.000000 -999.000000 -999.000000 -999.000000   11.655748 -999.000000 -999.000000
 -999.000000 -999.000000 -999.000000 -999.000000 -999.000000 -999.000000 -999.000000 -999.000000 -999.000000 -999.000000 -999.000000 -999.000000 -999.000000 -999.000000 -999.000000 -999.000000 -999.000000 -999.000000 -999.000000 -999.000000 -999.000000 -999.000000 -999.000000 -999.000000 -999.000000   12.277914 -999.000000 -999.000000
 -999.000000 -999.000000 -999.000000 -999.000000 -999.000000 -999.000000 -999.000000 -999.000000 -999.000000 -999.000000 -999.000000 -999.000000 -999.000000 -999.000000 -999.000000 -999.000000 -999.000000 -999.000000 -999.000000 -999.000000 -999.000000 -999.000000 -999.000000 -999.000000 -999.000000 -999.000000   11.811255 -999.000000
 -999.000000 -999.000000 -999.000000 -999.000000 -999.000000 -999.000000 -999.000000 -999.000000 -999.000000 -999.000000 -999.000000 -999.000000 -999.000000 -999.000000 -999.000000 -999.000000 -999.000000 -999.000000 -999.000000 -999.000000 -999.000000 -999.000000 -999.000000 -999.000000 -999.000000 -999.000000   11.918668 -999.000000
 -999.000000 -999.000000 -999.000000 -999.000000 -999.000000 -999.000000 -999.000000 -999.000000 -999.000000 -999.000000 -999.000000 -999.000000 -999.000000 -999.000000 -999.000000 -999.000000 -999.000000 -999.000000 -999.000000 -999.000000 -999.000000 -999.000000 -999.000000 -999.000000 -999.000000 -999.000000 -999.000000   11.575212
#
# dtdh (rows - delta, columns - depth)
#
    0.120089    0.120059    0.120009    0.119959    0.119908    0.119858    0.119807    0.119757    0.119708    0.090949    0.090882    0.090815 -999.000000 -999.000000 -999.000000 -999.000000 -999.000000 -999.000000 -999.000000 -999.000000 -999.000000 -999.000000 -999.000000 -999.000000 -999.000000 -999.000000 -999.000000 -999.000000
    0.120092    0.120062    0.120012    0.119961    0.119911    0.119860    0.119810    0.119759    0.119710    0.090951    0.090884    0.090817    0.090750    0.090683    0.090616    0.090551    0.000455 -999.000000 -999.000000 -999.000000 -999.000000 -999.000000 -999.000000 -999.000000 -999.000000 -999.000000 -999.000000 -999.000000
    0.120098    0.120067    0.120017    0.119967    0.119916    0.119865    0.119815    0.119764    0.119715    0.090958    0.090891    0.090823    0.090756    0.090688    0.090621    0.090556    0.001047 -999.000000 -999.000000 -999.000000 -999.000000 -999.000000 -999.000000 -999.000000 -999.000000 -999.000000 -999.000000 -999.000000
    0.120106    0.120076    0.120026    0.119975    0.119924    0.119873    0.119823    0.119772    0.119723    0.090968    0.090901    0.090833    0.090765    0.090698    0.090630    0.090564    0.001641 -999.000000 -999.000000 -999.000000 -999.000000 -999.000000 -999.000000 -999.000000 -999.000000 -999.000000 -999.000000 -999.000000
    0.120118    0.120088    0.120037    0.119986    0.119935    0.119884    0.119833    0.119782    0.119733    0.090982    0.090914    0.090847    0.090779    0.090711    0.090643    0.090577    0.002235 -999.000000 -999.000000 -999.000000 -999.000000 -999.000000 -999.000000 -999.000000 -999.000000 -999.000000 -999.000000 -999.000000
    0.120132    0.120102    0.120051    0.120000    0.119949    0.119898    0.119847    0.119796    0.119747    0.091000    0.090932    0.090864    0.090796    0.090728    0.090659    0.090594    0.002828 -999.000000 -999.000000 -999.000000 -999.000000 -999.000000 -999.000000 -999.000000 -999.000000 -999.000000 -999.000000 -999.000000
    0.120150    0.120119    0.120068    0.120017    0.119966    0.119915    0.119864    0.119813    0.119763    0.091021    0.090953    0.090885    0.090817    0.090749    0.090680    0.090614    0.003421 -999.000000 -999.000000 -999.000000 -999.000000 -999.000000 -999.000000 -999.000000 -999.000000 -999.000000 -999.000000 -999.000000
    0.120170    0.120139    0.120088    0.120037    0.119986    0.119935    0.119884    0.119832    0.119783    0.091047    0.090979    0.090910    0.090842    0.090773    0.090705    0.090639    0.004015 -999.000000 -999.000000 -999.000000 -999.000000 -999.000000 -999.000000 -999.000000 -999.000000 -999.000000 -999.000000 -999.000000
    0.120193    0.120163    0.120111    0.120060    0.120009    0.119958    0.119906    0.119855    0.119805    0.091076    0.091008    0.090939    0.090871    0.090802    0.090733    0.090667    0.004608 -999.000000 -999.000000 -999.000000 -999.000000 -999.000000 -999.000000 -999.000000 -999.000000 -999.000000 -999.000000 -999.000000
    0.120219    0.120189    0.120137    0.120086    0.120035    0.119983    0.119932    0.119880    0.119830    0.091110    0.091041    0.090972    0.090903    0.090834    0.090765    0.090699    0.005201 -999.000000 -999.000000 -999.000000 -999.000000 -999.000000 -999.000000 -999.000000 -999.000000 -999.000000 -999.000000 -999.000000
    0.120248    0.120217    0.120166    0.120115    0.120063    0.120012    0.119960    0.119908    0.119859    0.091147    0.091078    0.091009    0.090940    0.090871    0.090801    0.090735    0.005795 -999.000000 -999.000000 -999.000000 -999.000000 -999.000000 -999.000000 -999.000000 -999.000000 -999.000000 -999.000000 -999.000000
    0.120280    0.120249    0.120198    0.120146    0.120095    0.120043    0.119991    0.119939    0.119890    0.091187    0.091119    0.091049    0.090980    0.090911    0.090841    0.090775    0.006387 -999.000000 -999.000000 -999.000000 -999.000000 -999.000000 -999.000000 -999.000000 -999.000000 -999.000000 -999.000000 -999.000000
    0.120315    0.120284    0.120232    0.120181    0.120129    0.120077    0.120025    0.119974    0.119924    0.091232    0.091163    0.091094    0.091024    0.090955    0.090885    0.090818    0.006980 -999.000000 -999.000000 -999.000000 -999.000000 -999.000000 -999.000000 -999.000000 -999.000000 -999.000000 -999.000000 -999.000000
    0.120352    0.120321    0.120270    0.120218    0.120166    0.120114    0.120062    0.120010    0.119960    0.091281    0.091211    0.091142    0.091072    0.091003    0.090933    0.090866    0.007573    0.003388 -999.000000 -999.000000 -999.000000 -999.000000 -999.000000 -999.000000 -999.000000 -999.000000 -999.000000 -999.000000
    0.120392    0.120361    0.120310    0.120258    0.120206    0.120154    0.120102    0.120050    0.120000    0.091333    0.091263    0.091194    0.091124    0.091054    0.090984    0.090917    0.008166    0.004784 -999.000000 -999.000000 -999.000000 -999.000000 -999.000000 -999.000000 -999.000000 -999.000000 -999.000000 -999.000000
    0.120436    0.120405    0.120353    0.120301    0.120249    0.120197    0.120145    0.120093    0.120043    0.091389    0.091319    0.091249    0.091180    0.091110    0.091040    0.090972    0.008758    0.005836 -999.000000 -999.000000 -999.000000 -999.000000 -999.000000 -999.000000 -999.000000 -999.000000 -999.000000 -999.000000
    0.120482    0.120451    0.120399    0.120347    0.120295    0.120243    0.120191    0.120139    0.120088    0.091449    0.091379    0.091309    0.091239    0.091169    0.091099    0.091031    0.009351    0.006726 -999.000000 -999.000000 -999.000000 -999.000000 -999.000000 -999.000000 -999.000000 -999.000000 -999.000000 -999.000000
    0.120583    0.120551    0.120499    0.120447    0.120395    0.120343    0.120291    0.120238    0.120188    0.091579    0.091509    0.091439    0.091369    0.091299    0.091228    0.091161    0.010536    0.008340    0.004178 -999.000000 -999.000000 -999.000000 -999.000000 -999.000000 -999.000000 -999.000000 -999.000000 -999.000000
    0.120694    0.120663    0.120611    0.120559    0.120507    0.120454    0.120402    0.120349    0.120299    0.091725    0.091655    0.091584    0.091514    0.091443    0.091373    0.091305    0.011717    0.009815    0.007117 -999.000000 -999.000000 -999.000000 -999.000000 -999.000000 -999.000000 -999.000000 -999.000000 -999.000000
    0.120817    0.120786    0.120734    0.120682    0.120629    0.120577    0.120524    0.120472    0.120421    0.091885    0.091815    0.091744    0.091674    0.091603    0.091532    0.091464    0.012897    0.011211    0.009050    0.005190 -999.000000 -999.000000 -999.000000 -999.000000 -999.000000 -999.000000 -999.000000 -999.000000
    0.120953    0.120922    0.120870    0.120817    0.120765    0.120712    0.120660    0.120607    0.120556    0.092062    0.091991    0.091921    0.091850    0.091779    0.091707    0.091639    0.014088    0.012567    0.010726    0.008214 -999.000000 -999.000000 -999.000000 -999.000000 -999.000000 -999.000000 -999.000000 -999.000000
    0.121098    0.121067    0.121014    0.120962    0.120910    0.120857    0.120804    0.120752    0.120701    0.092252    0.092181    0.092110    0.092039    0.091968    0.091897    0.091829    0.015273    0.013897    0.012288    0.010275 -999.000000 -999.000000 -999.000000 -999.000000 -999.000000 -999.000000 -999.000000 -999.000000
    0.121250    0.121218    0.121166    0.121114    0.121061    0.121009    0.120956    0.120904    0.120853    0.092450    0.092380    0.092309    0.092238    0.092167    0.092096    0.092028    0.016427    0.015174    0.013750    0.012059 -999.000000 -999.000000 -999.000000 -999.000000 -999.000000 -999.000000 -999.000000 -999.000000
    0.127184    0.127125    0.127026    0.126926    0.126827    0.126728    0.126629    0.126530    0.126435    0.099634    0.099489    0.099345    0.099200    0.099055    0.098910    0.098771    0.039444    0.037978    0.036394    0.013652 -999.000000 -999.000000 -999.000000 -999.000000 -999.000000 -999.000000 -999.000000 -999.000000
    0.130054    0.130004    0.129918    0.129832    0.129746    0.129658    0.129570    0.129481    0.129394    0.103364    0.103234    0.103102    0.102968    0.102832    0.102694    0.102559    0.048150    0.047022    0.045724    0.044327    0.035397 -999.000000 -999.000000 -999.000000 -999.000000 -999.000000 -999.000000 -999.000000
    0.132033    0.131991    0.131921    0.131851    0.131780    0.131710    0.131639    0.131568    0.131499    0.105988    0.105888    0.105788    0.105687    0.105585    0.105483    0.105384    0.053909    0.053254    0.052564    0.051834    0.047248    0.038174 -999.000000 -999.000000 -999.000000 -999.000000 -999.000000 -999.000000
    0.133763    0.133724    0.133658    0.133591    0.133525    0.133458    0.133391    0.133324    0.133259    0.108164    0.108071    0.107979    0.107885    0.107792    0.107698    0.107607    0.058136    0.057601    0.057052    0.056486    0.053373    0.049424 -999.000000 -999.000000 -999.000000 -999.000000 -999.000000 -999.000000
    0.135448    0.135410    0.135347    0.135284    0.135221    0.135158    0.135094    0.135031    0.134969    0.110264    0.110177    0.110090    0.110003    0.109915    0.109827    0.109743    0.061999    0.061536    0.061063    0.060579    0.057970    0.054948    0.042535 -999.000000 -999.000000 -999.000000 -999.000000 -999.000000
    0.137119    0.137084    0.137023    0.136963    0.136903    0.136842    0.136782    0.136721    0.136662    0.112330    0.112248    0.112165    0.112082    0.111999    0.111916    0.111835    0.065633    0.065219    0.064798    0.064368    0.062090    0.059552    0.050155 -999.000000 -999.000000 -999.000000 -999.000000 -999.000000
 -999.000000 -999.000000 -999.000000 -999.000000 -999.000000 -999.000000 -999.000000 -999.000000 -999.000000 -999.000000 -999.000000 -999.000000 -999.000000 -999.000000 -999.000000 -999.000000 -999.000000 -999.000000 -999.000000 -999.000000    0.065948    0.063721    0.055736    0.041315 -999.000000 -999.000000 -999.000000 -999.000000
 -999.000000 -999.000000 -999.000000 -999.000000 -999.000000 -999.000000 -999.000000 -999.000000 -999.000000 -999.000000 -999.000000 -999.000000 -999.000000 -999.000000 -999.000000 -999.000000 -999.000000 -999.000000 -999.000000 -999.000000 -999.000000    0.003062    0.060592    0.049262 -999.000000 -999.000000 -999.000000 -999.000000
 -999.000000 -999.000000 -999.000000 -999.000000 -999.000000 -999.000000 -999.000000 -999.000000 -999.000000 -999.000000 -999.000000 -999.000000 -999.000000 -999.000000 -999.000000 -999.000000 -999.000000 -999.000000 -999.000000 -999.000000 -999.000000    0.001846 -999.000000    0.055393    0.038758 -999.000000 -999.000000 -999.000000
 -999.000000 -999.000000 -999.000000 -999.000000 -999.000000 -999.000000 -999.000000 -999.000000 -999.000000 -999.000000 -999.000000 -999.000000 -999.000000 -999.000000 -999.000000 -999.000000 -999.000000 -999.000000 -999.000000 -999.000000 -999.000000 -999.000000 -999.000000 -999.000000    0.047993 -999.000000 -999.000000 -999.000000
 -999.000000 -999.000000 -999.000000 -999.000000 -999.000000 -999.000000 -999.000000 -999.000000 -999.000000 -999.000000 -999.000000 -999.000000 -999.000000 -999.000000 -999.000000 -999.000000 -999.000000 -999.000000 -999.000000 -999.000000 -999.000000 -999.000000 -999.000000 -999.000000 -999.000000    0.036501 -999.000000 -999.000000
 -999.000000 -999.000000 -999.000000 -999.000000 -999.000000 -999.000000 -999.000000 -999.000000 -999.000000 -999.000000 -999.000000 -999.000000 -999.000000 -999.000000 -999.000000 -999.000000 -999.000000 -999.000000 -999.000000 -999.000000 -999.000000 -999.000000 -999.000000 -999.000000 -999.000000    0.002449 -999.000000 -999.000000
 -999.000000 -999.000000 -999.000000 -999.000000 -999.000000 -999.000000 -999.000000 -999.000000 -999.000000 -999.000000 -999.000000 -999.000000 -999.000000 -999.000000 -999.000000 -999.000000 -999.000000 -999.000000 -999.000000 -999.000000 -999.000000 -999.000000 -999.000000 -999.000000 -999.000000 -999.000000    0.015765 -999.000000
 -999.000000 -999.000000 -999.000000 -999.000000 -999.000000 -999.000000 -999.000000 -999.000000 -999.000000 -999.000000 -999.000000 -999.000000 -999.000000 -999.000000 -999.000000 -999.000000 -999.000000 -999.000000 -999.000000 -999.000000 -999.000000 -999.000000 -999.000000 -999.000000 -999.000000 -999.000000    0.004210 -999.000000
 -999.000000 -999.000000 -999.000000 -999.000000 -999.000000 -999.000000 -999.000000 -999.000000 -999.000000 -999.000000 -999.000000 -999.000000 -999.000000 -999.000000 -999.000000 -999.000000 -999.000000 -999.000000 -999.000000 -999.000000 -999.000000 -999.000000 -999.000000 -999.000000 -999.000000 -999.000000 -999.000000    0.005274
#
# bounce point delta (rows - delta, columns - depth)
#
    0.008735    0.024166    0.048404    0.072658    0.096766    0.120889    0.150298    0.164628    0.189087    0.194080    0.223653    0.259108 -999.000000 -999.000000 -999.000000 -999.000000 -999.000000 -999.000000 -999.000000 -999.000000 -999.000000 -999.000000 -999.000000 -999.000000 -999.000000 -999.000000 -999.000000 -999.000000
    0.008735    0.024165    0.048402    0.072656    0.096762    0.120885    0.150293    0.164623    0.189082    0.194075    0.223647    0.259101    0.289570    0.325226    0.361676    0.397576    0.371160 -999.000000 -999.000000 -999.000000 -999.000000 -999.000000 -999.000000 -999.000000 -999.000000 -999.000000 -999.000000 -999.000000
    0.008734    0.024163    0.048398    0.072650    0.096754    0.120876    0.150280    0.164611    0.189069    0.194060    0.223630    0.259082    0.289545    0.325198    0.361644    0.397542    0.370584 -999.000000 -999.000000 -999.000000 -999.000000 -999.000000 -999.000000 -999.000000 -999.000000 -999.000000 -999.000000 -999.000000
    0.008733    0.024160    0.048391    0.072640    0.096742    0.120861    0.150259    0.164591    0.189048    0.194037    0.223603    0.259050    0.289502    0.325150    0.361589    0.397480    0.370001 -999.000000 -999.000000 -999.000000 -999.000000 -999.000000 -999.000000 -999.000000 -999.000000 -999.000000 -999.000000 -999.000000
    0.008732    0.024155    0.048383    0.072628    0.096726    0.120841    0.150232    0.164565    0.189019    0.194005    0.223566    0.259006    0.289443    0.325080    0.361510    0.397390    0.369412 -999.000000 -999.000000 -999.000000 -999.000000 -999.000000 -999.000000 -999.000000 -999.000000 -999.000000 -999.000000 -999.000000
    0.008731    0.024150    0.048372    0.072612    0.096705    0.120815    0.150197    0.164531    0.188982    0.193965    0.223518    0.258949    0.289366    0.324991    0.361406    0.397274    0.368818 -999.000000 -999.000000 -999.000000 -999.000000 -999.000000 -999.000000 -999.000000 -999.000000 -999.000000 -999.000000 -999.000000
    0.008729    0.024144    0.048360    0.072593    0.096680    0.120785    0.150154    0.164490    0.188937    0.193916    0.223460    0.258879    0.289272    0.324881    0.361279    0.397129    0.368218 -999.000000 -999.000000 -999.000000 -999.000000 -999.000000 -999.000000 -999.000000 -999.000000 -999.000000 -999.000000 -999.000000
    0.008726    0.024136    0.048345    0.072571    0.096651    0.120749    0.150104    0.164442    0.188884    0.193858    0.223391    0.258797    0.289161    0.324751    0.361128    0.396958    0.367612 -999.000000 -999.000000 -999.000000 -999.000000 -999.000000 -999.000000 -999.000000 -999.000000 -999.000000 -999.000000 -999.000000
    0.008724    0.024128    0.048328    0.072546    0.096618    0.120707    0.150046    0.164386    0.188823    0.193791    0.223312    0.258701    0.289033    0.324601    0.360953    0.396759    0.367000 -999.000000 -999.000000 -999.000000 -999.000000 -999.000000 -999.000000 -999.000000 -999.000000 -999.000000 -999.000000 -999.000000
    0.008721    0.024118    0.048309    0.072517    0.096580    0.120660    0.149982    0.164324    0.188754    0.193716    0.223223    0.258594    0.288888    0.324430    0.360754    0.396532    0.366383 -999.000000 -999.000000 -999.000000 -999.000000 -999.000000 -999.000000 -999.000000 -999.000000 -999.000000 -999.000000 -999.000000
    0.008718    0.024107    0.048287    0.072485    0.096538    0.120608    0.149909    0.164254    0.188678    0.193632    0.223123    0.258473    0.288725    0.324239    0.360531    0.396278    0.365760 -999.000000 -999.000000 -999.000000 -999.000000 -999.000000 -999.000000 -999.000000 -999.000000 -999.000000 -999.000000 -999.000000
    0.008715    0.024096    0.048264    0.072450    0.096492    0.120551    0.149830    0.164177    0.188593    0.193539    0.223012    0.258341    0.288545    0.324027    0.360284    0.395997    0.365131 -999.000000 -999.000000 -999.000000 -999.000000 -999.000000 -999.000000 -999.000000 -999.000000 -999.000000 -999.000000 -999.000000
    0.008711    0.024083    0.048238    0.072412    0.096441    0.120489    0.149743    0.164093    0.188501    0.193437    0.222892    0.258195    0.288348    0.323795    0.360014    0.395688    0.364497 -999.000000 -999.000000 -999.000000 -999.000000 -999.000000 -999.000000 -999.000000 -999.000000 -999.000000 -999.000000 -999.000000
    0.008707    0.024069    0.048211    0.072370    0.096387    0.120421    0.149649    0.164002    0.188400    0.193327    0.222761    0.258037    0.288134    0.323544    0.359720    0.395353    0.363857    1.556044 -999.000000 -999.000000 -999.000000 -999.000000 -999.000000 -999.000000 -999.000000 -999.000000 -999.000000 -999.000000
    0.008703    0.024054    0.048181    0.072326    0.096328    0.120348    0.149547    0.163904    0.188292    0.193208    0.222620    0.257867    0.287904    0.323272    0.359403    0.394991    0.363211    1.336032 -999.000000 -999.000000 -999.000000 -999.000000 -999.000000 -999.000000 -999.000000 -999.000000 -999.000000 -999.000000
    0.008698    0.024038    0.048149    0.072278    0.096265    0.120269    0.149438    0.163799    0.188176    0.193081    0.222468    0.257684    0.287656    0.322980    0.359062    0.394601    0.362559    1.199553 -999.000000 -999.000000 -999.000000 -999.000000 -999.000000 -999.000000 -999.000000 -999.000000 -999.000000 -999.000000
    0.008693    0.024021    0.048115    0.072227    0.096197    0.120185    0.149322    0.163687    0.188052    0.192945    0.222306    0.257489    0.287392    0.322668    0.358698    0.394185    0.361901    1.103902 -999.000000 -999.000000 -999.000000 -999.000000 -999.000000 -999.000000 -999.000000 -999.000000 -999.000000 -999.000000
    0.008682    0.023984    0.048040    0.072115    0.096050    0.120002    0.149067    0.163442    0.187781    0.192647    0.221952    0.257061    0.286813    0.321986    0.357900    0.393274    0.360567    0.976608    2.160017 -999.000000 -999.000000 -999.000000 -999.000000 -999.000000 -999.000000 -999.000000 -999.000000 -999.000000
    0.008670    0.023943    0.047958    0.071992    0.095886    0.119799    0.148785    0.163171    0.187479    0.192315    0.221558    0.256586    0.286169    0.321227    0.357013    0.392259    0.359214    0.902617    1.656911 -999.000000 -999.000000 -999.000000 -999.000000 -999.000000 -999.000000 -999.000000 -999.000000 -999.000000
    0.008657    0.023898    0.047867    0.071855    0.095706    0.119575    0.148473    0.162872    0.187146    0.191949    0.221124    0.256062    0.285460    0.320391    0.356035    0.391142    0.357838    0.843941    1.455303    2.547816 -999.000000 -999.000000 -999.000000 -999.000000 -999.000000 -999.000000 -999.000000 -999.000000
    0.008643    0.023847    0.047766    0.071704    0.095506    0.119327    0.148129    0.162542    0.186778    0.191545    0.220644    0.255483    0.284678    0.319469    0.354958    0.389911    0.356426    0.796028    1.313073    2.022388 -999.000000 -999.000000 -999.000000 -999.000000 -999.000000 -999.000000 -999.000000 -999.000000
    0.008627    0.023794    0.047659    0.071543    0.095293    0.119063    0.147760    0.162190    0.186383    0.191110    0.220130    0.254861    0.283837    0.318477    0.353797    0.388582    0.354996    0.757154    1.207781    1.766352 -999.000000 -999.000000 -999.000000 -999.000000 -999.000000 -999.000000 -999.000000 -999.000000
    0.008611    0.023738    0.047547    0.071375    0.095070    0.118785    0.147374    0.161821    0.185969    0.190654    0.219590    0.254209    0.282957    0.317437    0.352581    0.387190    0.353580    0.724047    1.127497    1.606013 -999.000000 -999.000000 -999.000000 -999.000000 -999.000000 -999.000000 -999.000000 -999.000000
    0.007964    0.021554    0.043199    0.064904    0.086574    0.108303    0.132997    0.148586    0.170689    0.173823    0.200223    0.231107    0.252842    0.282399    0.312197    0.341573    0.320174    0.473878    0.627995    1.484677 -999.000000 -999.000000 -999.000000 -999.000000 -999.000000 -999.000000 -999.000000 -999.000000
    0.007644    0.020485    0.041044    0.061657    0.082257    0.102910    0.125577    0.141635    0.162523    0.164980    0.189950    0.218732    0.237123    0.263985    0.290862    0.317305    0.304714    0.417829    0.544736    0.669801    1.505314 -999.000000 -999.000000 -999.000000 -999.000000 -999.000000 -999.000000 -999.000000
    0.007419    0.019745    0.039548    0.059395    0.079236    0.099120    0.120367    0.136683    0.156680    0.158721    0.182626    0.209857    0.226040    0.250931    0.275652    0.299870    0.293510    0.387646    0.491618    0.597481    1.172635    2.055341 -999.000000 -999.000000 -999.000000 -999.000000 -999.000000 -999.000000
    0.007221    0.019097    0.038246    0.057438    0.076637    0.095878    0.115960    0.132490    0.151767    0.153501    0.176570    0.202595    0.217242    0.240700    0.263897    0.286560    0.284747    0.369973    0.460526    0.556046    1.043225    1.617476 -999.000000 -999.000000 -999.000000 -999.000000 -999.000000 -999.000000
    0.007025    0.018464    0.036976    0.055528    0.074101    0.092716    0.111678    0.128389    0.146969    0.148435    0.170698    0.195572    0.208907    0.231052    0.252871    0.274128    0.276306    0.354125    0.435339    0.521592    0.959152    1.453448    2.794310 -999.000000 -999.000000 -999.000000 -999.000000 -999.000000
    0.006828    0.017834    0.035711    0.053627    0.071578    0.089569    0.107438    0.124300    0.142191    0.143422    0.164892    0.188644    0.200859    0.221778    0.242330    0.262288    0.267967    0.339285    0.414178    0.491399    0.893152    1.333783    2.413372 -999.000000 -999.000000 -999.000000 -999.000000 -999.000000
 -999.000000 -999.000000 -999.000000 -999.000000 -999.000000 -999.000000 -999.000000 -999.000000 -999.000000 -999.000000 -999.000000 -999.000000 -999.000000 -999.000000 -999.000000 -999.000000 -999.000000 -999.000000 -999.000000 -999.000000    0.835456    1.235429    2.175200    3.616580 -999.000000 -999.000000 -999.000000 -999.000000
 -999.000000 -999.000000 -999.000000 -999.000000 -999.000000 -999.000000 -999.000000 -999.000000 -999.000000 -999.000000 -999.000000 -999.000000 -999.000000 -999.000000 -999.000000 -999.000000 -999.000000 -999.000000 -999.000000 -999.000000 -999.000000    7.032032    1.989724    3.135845 -999.000000 -999.000000 -999.000000 -999.000000
 -999.000000 -999.000000 -999.000000 -999.000000 -999.000000 -999.000000 -999.000000 -999.000000 -999.000000 -999.000000 -999.000000 -999.000000 -999.000000 -999.000000 -999.000000 -999.000000 -999.000000 -999.000000 -999.000000 -999.000000 -999.000000    7.479674 -999.000000    2.813236    4.405652 -999.000000 -999.000000 -999.000000
 -999.000000 -999.000000 -999.000000 -999.000000 -999.000000 -999.000000 -999.000000 -999.000000 -999.000000 -999.000000 -999.000000 -999.000000 -999.000000 -999.000000 -999.000000 -999.000000 -999.000000 -999.000000 -999.000000 -999.000000 -999.000000 -999.000000 -999.000000 -999.000000    3.773830 -999.000000 -999.000000 -999.000000
 -999.000000 -999.000000 -999.000000 -999.000000 -999.000000 -999.000000 -999.000000 -999.000000 -999.000000 -999.000000 -999.000000 -999.000000 -999.000000 -999.000000 -999.000000 -999.000000 -999.000000 -999.000000 -999.000000 -999.000000 -999.000000 -999.000000 -999.000000 -999.000000 -999.000000    5.151732 -999.000000 -999.000000
 -999.000000 -999.000000 -999.000000 -999.000000 -999.000000 -999.000000 -999.000000 -999.000000 -999.000000 -999.000000 -999.000000 -999.000000 -999.000000 -999.000000 -999.000000 -999.000000 -999.000000 -999.000000 -999.000000 -999.000000 -999.000000 -999.000000 -999.000000 -999.000000 -999.000000    8.775519 -999.000000 -999.000000
 -999.000000 -999.000000 -999.000000 -999.000000 -999.000000 -999.000000 -999.000000 -999.000000 -999.000000 -999.000000 -999.000000 -999.000000 -999.000000 -999.000000 -999.000000 -999.000000 -999.000000 -999.000000 -999.000000 -999.000000 -999.000000 -999.000000 -999.000000 -999.000000 -999.000000 -999.000000    7.794186 -999.000000
 -999.000000 -999.000000 -999.000000 -999.000000 -999.000000 -999.000000 -999.000000 -999.000000 -999.000000 -999.000000 -999.000000 -999.000000 -999.000000 -999.000000 -999.000000 -999.000000 -999.000000 -999.000000 -999.000000 -999.000000 -999.000000 -999.000000 -999.000000 -999.000000 -999.000000 -999.000000    9.256674 -999.000000
 -999.000000 -999.000000 -999.000000 -999.000000 -999.000000 -999.000000 -999.000000 -999.000000 -999.000000 -999.000000 -999.000000 -999.000000 -999.000000 -999.000000 -999.000000 -999.000000 -999.000000 -999.000000 -999.000000 -999.000000 -999.000000 -999.000000 -999.000000 -999.000000 -999.000000 -999.000000 -999.000000    9.805799
#
# iasp91 travel-time table for pPn
#
