#
# iasp91 travel-time table for PKPdf
#
# number of distance and depth samples
68 37
# delta samples
113.000 114.000 115.000 116.000 117.000 118.000 119.000 120.000 121.000 122.000 123.000 124.000 125.000 126.000 127.000 128.000 129.000 130.000 131.000 132.000 133.000 134.000 135.000 136.000 137.000 
138.000 139.000 140.000 141.000 142.000 143.000 144.000 145.000 146.000 147.000 148.000 149.000 150.000 151.000 152.000 153.000 154.000 155.000 156.000 157.000 158.000 159.000 160.000 161.000 162.000 
163.000 164.000 165.000 166.000 167.000 168.000 169.000 170.000 171.000 172.000 173.000 174.000 175.000 176.000 177.000 178.000 179.000 180.000 
# depth samples
    0.000000    1.000000    2.500000    5.000000    7.500000   10.000000   12.500000   15.000000   17.500000   19.900000   20.000000   22.500000   25.000000   27.500000   30.000000   32.500000   34.900000   35.000000   40.000000   45.000000   50.000000   75.000000  100.000000  150.000000  200.000000  250.000000  300.000000  350.000000  400.000000  450.000000  500.000000  550.000000  600.000000  650.000000  700.000000  750.000000  800.000000
#
# travel times (rows - delta, columns - depth)
#
 -999.000000 -999.000000 -999.000000 -999.000000 -999.000000 -999.000000 -999.000000 -999.000000 -999.000000 -999.000000 -999.000000 -999.000000 -999.000000 -999.000000 -999.000000 -999.000000 -999.000000 -999.000000 -999.000000 -999.000000 -999.000000 -999.000000 -999.000000 -999.000000 -999.000000 -999.000000 -999.000000 -999.000000 -999.000000 -999.000000 1059.727783 1054.683838 1049.729736 1044.862671 1040.292114 1035.835938 1031.431641
 1120.847168 1120.675659 1120.418335 1119.989380 1119.560547 1119.131714 1118.702881 1118.273926 1117.845093 1117.433350 1117.416260 1117.034058 1116.651855 1116.269653 1115.887451 1115.505371 1115.138428 1115.123169 1114.507324 1113.891602 1113.275879 1110.198242 1107.122070 1100.992798 1094.961548 1089.044067 1083.256592 1077.594360 1072.052368 1066.779663 1061.642944 1056.598999 1051.644897 1046.777832 1042.207275 1037.750977 1033.346802
 1122.762329 1122.590820 1122.333496 1121.904541 1121.475708 1121.046875 1120.617920 1120.189087 1119.760254 1119.348511 1119.331421 1118.949219 1118.567017 1118.184814 1117.802612 1117.420532 1117.053589 1117.038330 1116.422485 1115.806763 1115.191040 1112.113403 1109.037231 1102.907837 1096.876709 1090.959229 1085.171753 1079.509399 1073.967529 1068.694702 1063.557983 1058.513916 1053.559814 1048.692871 1044.122192 1039.665894 1035.261597
 1124.677246 1124.505737 1124.248413 1123.819580 1123.390625 1122.961792 1122.532959 1122.104004 1121.675171 1121.263428 1121.246338 1120.864136 1120.481934 1120.099731 1119.717651 1119.335449 1118.968506 1118.953247 1118.337402 1117.721680 1117.105957 1114.028320 1110.952148 1104.822754 1098.791504 1092.874023 1087.086548 1081.424194 1075.882202 1070.609497 1065.472656 1060.428589 1055.474487 1050.607422 1046.036743 1041.580322 1037.176025
 1126.591797 1126.420288 1126.162964 1125.734131 1125.305176 1124.876343 1124.447510 1124.018555 1123.589722 1123.177979 1123.160889 1122.778687 1122.396484 1122.014282 1121.632080 1121.250000 1120.883057 1120.867798 1120.251953 1119.636230 1119.020508 1115.942871 1112.866577 1106.737183 1100.705933 1094.788452 1089.000854 1083.338501 1077.796509 1072.523682 1067.386841 1062.342773 1057.388550 1052.521362 1047.950562 1043.494141 1039.089722
 1128.505859 1128.334229 1128.076904 1127.648071 1127.219238 1126.790283 1126.361450 1125.932617 1125.503662 1125.092041 1125.074829 1124.692627 1124.310425 1123.928345 1123.546143 1123.163940 1122.796997 1122.781860 1122.166016 1121.550171 1120.934448 1117.856812 1114.780518 1108.651123 1102.619751 1096.702271 1090.914551 1085.252197 1079.710083 1074.437256 1069.300293 1064.256104 1059.301758 1054.434570 1049.863770 1045.407227 1041.002686
 1130.419067 1130.247559 1129.990234 1129.561279 1129.132446 1128.703491 1128.274658 1127.845825 1127.416870 1127.005249 1126.988037 1126.605835 1126.223633 1125.841553 1125.459351 1125.077148 1124.710205 1124.695068 1124.079102 1123.463379 1122.847656 1119.770020 1116.693604 1110.564209 1104.532837 1098.615112 1092.827393 1087.165039 1081.622803 1076.349854 1071.212769 1066.168579 1061.214111 1056.346802 1051.775879 1047.319214 1042.914551
 1132.331299 1132.159790 1131.902466 1131.473511 1131.044678 1130.615723 1130.186890 1129.758057 1129.329102 1128.917480 1128.900269 1128.518066 1128.135864 1127.753662 1127.371582 1126.989380 1126.622437 1126.607178 1125.991333 1125.375610 1124.759888 1121.682129 1118.605713 1112.476196 1106.444702 1100.527100 1094.739258 1089.076660 1083.534424 1078.261353 1073.124146 1068.079834 1063.125366 1058.257812 1053.686768 1049.229980 1044.825195
 1134.242310 1134.070801 1133.813477 1133.384521 1132.955688 1132.526855 1132.097900 1131.669067 1131.240112 1130.828491 1130.811279 1130.429077 1130.046875 1129.664673 1129.282593 1128.900391 1128.533447 1128.518188 1127.902344 1127.286499 1126.670776 1123.593018 1120.516602 1114.386963 1108.355469 1102.437622 1096.649780 1090.987061 1085.444702 1080.171509 1075.034180 1069.989746 1065.035034 1060.167480 1055.596191 1051.139160 1046.734253
 1136.151978 1135.980347 1135.723022 1135.294189 1134.865234 1134.436401 1134.007446 1133.578613 1133.149780 1132.738037 1132.720947 1132.338623 1131.956421 1131.574219 1131.192139 1130.809937 1130.442993 1130.427734 1129.811890 1129.196045 1128.580322 1125.502563 1122.426025 1116.296265 1110.264648 1104.346680 1098.558716 1092.895874 1087.353394 1082.080078 1076.942627 1071.897949 1066.943115 1062.075317 1057.503906 1053.046631 1048.641479
 1138.059814 1137.888306 1137.630981 1137.202026 1136.773193 1136.344238 1135.915405 1135.486450 1135.057617 1134.645874 1134.628784 1134.246460 1133.864258 1133.482056 1133.099854 1132.717651 1132.350830 1132.335571 1131.719727 1131.103882 1130.488159 1127.410278 1124.333740 1118.203857 1112.171997 1106.254028 1100.465820 1094.802856 1089.260254 1083.986694 1078.849121 1073.804199 1068.849243 1063.981201 1059.409546 1054.952026 1050.546631
 1139.965698 1139.794189 1139.536743 1139.107910 1138.678955 1138.250122 1137.821167 1137.392334 1136.963379 1136.551636 1136.534546 1136.152344 1135.770142 1135.387939 1135.005737 1134.623535 1134.256592 1134.241333 1133.625488 1133.009644 1132.393921 1129.315918 1126.239380 1120.109253 1114.077393 1108.159180 1102.370850 1096.707764 1091.164917 1085.891235 1080.753296 1075.708252 1070.753052 1065.884766 1061.312866 1056.855103 1052.449341
 1141.869263 1141.697632 1141.440308 1141.011475 1140.582520 1140.153687 1139.724731 1139.295898 1138.866943 1138.455200 1138.438110 1138.055786 1137.673584 1137.291382 1136.909180 1136.526978 1136.160034 1136.144897 1135.528931 1134.913086 1134.297363 1131.219238 1128.142578 1122.012451 1115.980347 1110.061890 1104.273438 1098.610107 1093.067017 1087.793091 1082.655029 1077.609741 1072.654175 1067.785645 1063.213379 1058.755371 1054.349243
 1143.770142 1143.598633 1143.341187 1142.912354 1142.483398 1142.054565 1141.625610 1141.196655 1140.767822 1140.356079 1140.338867 1139.956665 1139.574463 1139.192261 1138.810059 1138.427856 1138.060913 1138.045654 1137.429688 1136.813843 1136.198120 1133.119873 1130.043213 1123.912842 1117.880493 1111.961914 1106.173218 1100.509644 1094.966309 1089.692139 1084.553833 1079.508179 1074.552368 1069.683594 1065.110962 1060.652588 1056.246094
 1145.667969 1145.496460 1145.239136 1144.810181 1144.381226 1143.952393 1143.523438 1143.094482 1142.665649 1142.253906 1142.236694 1141.854492 1141.472290 1141.090088 1140.707764 1140.325562 1139.958618 1139.943481 1139.327393 1138.711548 1138.095825 1135.017578 1131.940674 1125.810059 1119.777588 1113.858765 1108.069702 1102.406006 1096.862427 1091.587891 1086.449219 1081.403320 1076.447144 1071.578003 1067.005005 1062.546265 1058.139404
 1147.562500 1147.390869 1147.133545 1146.704590 1146.275635 1145.846802 1145.417847 1144.988892 1144.560059 1144.148193 1144.131104 1143.748901 1143.366577 1142.984375 1142.602173 1142.219971 1141.853027 1141.837769 1141.221802 1140.605835 1139.989990 1136.911621 1133.834717 1127.703857 1121.671021 1115.751953 1109.962769 1104.298584 1098.754761 1093.479980 1088.340942 1083.294678 1078.338135 1073.468628 1068.895264 1064.435913 1060.028564
 1149.453003 1149.281494 1149.024048 1148.595215 1148.166260 1147.737305 1147.308350 1146.879395 1146.450562 1146.038696 1146.021606 1145.639282 1145.257080 1144.874878 1144.492554 1144.110352 1143.743408 1143.728149 1143.112183 1142.496216 1141.880371 1138.801880 1135.724731 1129.593628 1123.560669 1117.641235 1111.851685 1106.187256 1100.643066 1095.367920 1090.228516 1085.181763 1080.224854 1075.354858 1070.781006 1066.321167 1061.913330
 1151.339233 1151.167603 1150.910278 1150.481323 1150.052368 1149.623413 1149.194458 1148.765625 1148.336670 1147.924805 1147.907715 1147.525391 1147.143188 1146.760864 1146.378662 1145.996460 1145.629395 1145.614258 1144.998169 1144.382202 1143.766357 1140.687744 1137.610474 1131.479004 1125.445679 1119.525879 1113.735962 1108.071289 1102.526611 1097.251099 1092.111328 1087.064209 1082.106689 1077.236206 1072.661743 1068.201416 1063.792969
 1153.220581 1153.048950 1152.791504 1152.362549 1151.933594 1151.504639 1151.075684 1150.646851 1150.217896 1149.806030 1149.788940 1149.406616 1149.024292 1148.642090 1148.259766 1147.877563 1147.510620 1147.495361 1146.879272 1146.263306 1145.647339 1142.568604 1139.491089 1133.359375 1127.325684 1121.405518 1115.615234 1109.950073 1104.405029 1099.129028 1093.988770 1088.941162 1083.983154 1079.112183 1074.537109 1070.076172 1065.666992
 1155.096313 1154.924683 1154.667358 1154.238403 1153.809448 1153.380493 1152.951538 1152.522461 1152.093506 1151.681763 1151.664673 1151.282349 1150.900024 1150.517700 1150.135498 1149.753174 1149.386230 1149.370972 1148.754883 1148.138794 1147.522827 1144.443848 1141.366211 1135.234131 1129.200073 1123.279541 1117.488770 1111.823120 1106.277710 1101.001099 1095.860352 1090.812134 1085.853638 1080.981934 1076.406250 1071.944580 1067.534668
 1156.965942 1156.794434 1156.536987 1156.108032 1155.679077 1155.250000 1154.821045 1154.392090 1153.963135 1153.551270 1153.534180 1153.151855 1152.769531 1152.387207 1152.004883 1151.622681 1151.255615 1151.240356 1150.624268 1150.008179 1149.392212 1146.312988 1143.235229 1137.102661 1131.068115 1125.147095 1119.355957 1113.689819 1108.143799 1102.866699 1097.725220 1092.676392 1087.717285 1082.844971 1078.268433 1073.806030 1069.395264
 1158.828857 1158.657227 1158.399780 1157.970825 1157.541748 1157.112793 1156.683838 1156.254761 1155.825806 1155.413940 1155.396851 1155.014526 1154.632202 1154.249878 1153.867554 1153.485229 1153.118164 1153.103027 1152.486816 1151.870728 1151.254639 1148.175171 1145.097168 1138.964111 1132.929077 1127.007690 1121.215942 1115.549194 1110.002563 1104.724854 1099.582764 1094.533325 1089.573364 1084.700317 1080.123047 1075.659668 1071.248047
 1160.683960 1160.512329 1160.254883 1159.825928 1159.396851 1158.967896 1158.538940 1158.109863 1157.680908 1157.269043 1157.251831 1156.869507 1156.487183 1156.104858 1155.722534 1155.340210 1154.973145 1154.957886 1154.341675 1153.725464 1153.109375 1150.029663 1146.951416 1140.817871 1134.782227 1128.860229 1123.067871 1117.400635 1111.853394 1106.574951 1101.432129 1096.381836 1091.421143 1086.547241 1081.968994 1077.504761 1073.092163
 1162.530640 1162.359009 1162.101562 1161.672485 1161.243530 1160.814453 1160.385376 1159.956421 1159.527344 1159.115479 1159.098389 1158.715942 1158.333618 1157.951294 1157.568848 1157.186523 1156.819458 1156.804199 1156.187988 1155.571777 1154.955566 1151.875610 1148.796997 1142.662964 1136.626709 1130.704102 1124.911133 1119.243164 1113.695190 1108.416016 1103.272339 1098.221191 1093.259644 1088.384766 1083.805664 1079.340210 1074.926514
 1164.367798 1164.196167 1163.938721 1163.509644 1163.080688 1162.651611 1162.222534 1161.793457 1161.364380 1160.952515 1160.935425 1160.552979 1160.170654 1159.788208 1159.405884 1159.023438 1158.656372 1158.641113 1158.024780 1157.408447 1156.792236 1153.712036 1150.633179 1144.498413 1138.461548 1132.538208 1126.744507 1121.075806 1115.526978 1110.246948 1105.102417 1100.050415 1095.087891 1090.212036 1085.631714 1081.165161 1076.750244
 1166.194580 1166.022949 1165.765503 1165.336426 1164.907349 1164.478271 1164.049194 1163.620117 1163.191040 1162.779053 1162.761963 1162.379517 1161.997070 1161.614746 1161.232300 1160.849854 1160.482788 1160.467529 1159.851074 1159.234741 1158.618530 1155.537842 1152.458618 1146.323242 1140.285645 1134.361572 1128.567017 1122.897461 1117.347900 1112.066895 1106.921387 1101.868286 1096.904785 1092.027710 1087.446289 1082.978394 1078.562134
 1168.009766 1167.838013 1167.580566 1167.151489 1166.722412 1166.293335 1165.864136 1165.435059 1165.005981 1164.593994 1164.576904 1164.194458 1163.812012 1163.429565 1163.047119 1162.664673 1162.297485 1162.282227 1161.665771 1161.049316 1160.432983 1157.352051 1154.272461 1148.136230 1142.097778 1136.172852 1130.377563 1124.707031 1119.156494 1113.874512 1108.727905 1103.673828 1098.708984 1093.830811 1089.247925 1084.778687 1080.360962
 1169.812012 1169.640381 1169.382812 1168.953735 1168.524536 1168.095459 1167.666260 1167.237183 1166.807983 1166.396118 1166.378906 1165.996460 1165.614014 1165.231445 1164.848999 1164.466553 1164.099365 1164.084106 1163.467529 1162.851074 1162.234619 1159.153198 1156.073242 1149.936157 1143.896851 1137.971069 1132.174683 1126.503296 1120.951660 1115.668579 1110.520752 1105.465332 1100.499268 1095.619751 1091.035400 1086.564697 1082.145386
 1171.599976 1171.428345 1171.170776 1170.741699 1170.312500 1169.883301 1169.454102 1169.025024 1168.595825 1168.183838 1168.166748 1167.784180 1167.401611 1167.019165 1166.636597 1166.254150 1165.886963 1165.871704 1165.255005 1164.638428 1164.021851 1160.940063 1157.859619 1151.721558 1145.681396 1139.754517 1133.957153 1128.284546 1122.731812 1117.447510 1112.298462 1107.241699 1102.274170 1097.393188 1092.807251 1088.334839 1083.913818
 1173.372192 1173.200562 1172.942993 1172.513794 1172.084595 1171.655396 1171.226196 1170.796997 1170.367798 1169.955811 1169.938721 1169.556152 1169.173584 1168.791016 1168.408447 1168.025879 1167.658691 1167.643433 1167.026611 1166.409912 1165.793335 1162.711060 1159.630005 1153.490967 1147.449707 1141.521851 1135.723267 1130.049561 1124.495483 1119.209839 1114.059448 1109.001221 1104.032227 1099.149536 1094.561890 1090.087646 1085.664795
 1175.127197 1174.955566 1174.697998 1174.268677 1173.839478 1173.410278 1172.980957 1172.551758 1172.122559 1171.710449 1171.693359 1171.310669 1170.928101 1170.545532 1170.162964 1169.780396 1169.413086 1169.397827 1168.780884 1168.164185 1167.547363 1164.464600 1161.383057 1155.242920 1149.200562 1143.271362 1137.471680 1131.796631 1126.241211 1120.954102 1115.802124 1110.742310 1105.771729 1100.887451 1096.297852 1091.821655 1087.396729
 1176.863281 1176.691528 1176.433960 1176.004639 1175.575439 1175.146118 1174.716797 1174.287598 1173.858276 1173.446167 1173.429077 1173.046387 1172.663696 1172.281128 1171.898438 1171.515869 1171.148438 1171.133301 1170.516235 1169.899292 1169.282471 1166.199097 1163.116943 1156.975708 1150.932007 1145.001587 1139.200562 1133.524048 1127.967285 1122.678589 1117.524902 1112.463379 1107.490967 1102.604858 1098.013306 1093.534912 1089.107788
 1178.578491 1178.406738 1178.149170 1177.719727 1177.290405 1176.861084 1176.431763 1176.002441 1175.573120 1175.161011 1175.143921 1174.761108 1174.378418 1173.995728 1173.613159 1173.230469 1172.863037 1172.847778 1172.230713 1171.613647 1170.996704 1167.912598 1164.829834 1158.687256 1152.642334 1146.710449 1140.907959 1135.229980 1129.671631 1124.381226 1119.225830 1114.162476 1109.188110 1104.299927 1099.706177 1095.225586 1090.796143
 1180.270874 1180.099121 1179.841553 1179.412109 1178.982788 1178.553467 1178.124023 1177.694702 1177.265259 1176.853149 1176.835938 1176.453247 1176.070435 1175.687744 1175.304932 1174.922241 1174.554810 1174.539551 1173.922363 1173.305176 1172.687988 1169.603271 1166.519897 1160.375977 1154.329468 1148.396240 1142.592163 1136.912598 1131.352539 1126.060303 1120.903076 1115.837646 1110.861328 1105.971069 1101.375000 1096.891968 1092.459961
 1181.938721 1181.766968 1181.509277 1181.079956 1180.650513 1180.221069 1179.791626 1179.362183 1178.932861 1178.520630 1178.503418 1178.120605 1177.737793 1177.354980 1176.972168 1176.589355 1176.221924 1176.206665 1175.589233 1174.971924 1174.354736 1171.269287 1168.185181 1162.039673 1155.991821 1150.056885 1144.251099 1138.569824 1133.007935 1127.713867 1122.554565 1117.487183 1112.508545 1107.616089 1103.017578 1098.531982 1094.097290
 1183.579834 1183.408081 1183.150391 1182.720947 1182.291504 1181.861938 1181.432495 1181.003052 1180.573608 1180.161255 1180.144165 1179.761230 1179.378418 1178.995483 1178.612671 1178.229858 1177.862305 1177.847046 1177.229492 1176.612061 1175.994629 1172.908447 1169.823486 1163.676514 1157.626953 1151.690308 1145.882812 1140.199707 1134.635986 1129.339844 1124.178345 1119.108765 1114.127808 1109.232910 1104.631836 1100.143555 1095.706055
 1185.192139 1185.020386 1184.762695 1184.333130 1183.903564 1183.473999 1183.044556 1182.614990 1182.185425 1181.773071 1181.755981 1181.373047 1180.990112 1180.607178 1180.224243 1179.841309 1179.473755 1179.458496 1178.840698 1178.223145 1177.605591 1174.518555 1171.432861 1165.284180 1159.232910 1153.294556 1147.485229 1141.800171 1136.234375 1130.936157 1125.772461 1120.700439 1115.717163 1110.819824 1106.215942 1101.724854 1097.284424
 1186.773560 1186.601807 1186.343994 1185.914429 1185.484863 1185.055176 1184.625610 1184.196045 1183.766479 1183.354004 1183.336914 1182.953857 1182.570923 1182.187866 1181.804932 1181.421875 1181.054199 1181.038940 1180.421143 1179.803345 1179.185547 1176.097778 1173.011108 1166.860718 1160.807739 1154.867554 1149.056274 1143.369141 1137.801270 1132.500732 1127.334717 1122.260376 1117.274536 1112.374512 1107.767944 1103.273804 1098.830322
 1188.321899 1188.150024 1187.892334 1187.462646 1187.032959 1186.603271 1186.173706 1185.744019 1185.314331 1184.901855 1184.884766 1184.501587 1184.118530 1183.735474 1183.352417 1182.969360 1182.601685 1182.586426 1181.968384 1181.350342 1180.732544 1177.643799 1174.556274 1168.404053 1162.349121 1156.406982 1150.593750 1144.904541 1139.334473 1134.031616 1128.863159 1123.786255 1118.797852 1113.895142 1109.285522 1104.788330 1100.341675
 1189.835083 1189.663208 1189.405273 1188.975586 1188.545898 1188.116211 1187.686401 1187.256714 1186.827026 1186.414429 1186.397339 1186.014160 1185.630981 1185.247925 1184.864746 1184.481567 1184.113770 1184.098511 1183.480347 1182.862183 1182.244141 1179.154419 1176.066040 1169.911987 1163.855103 1157.910889 1152.095581 1146.404175 1140.831909 1135.526611 1130.355591 1125.276123 1120.285034 1115.379517 1110.766846 1106.266602 1101.816650
 1191.310791 1191.138916 1190.881104 1190.451294 1190.021484 1189.591675 1189.161865 1188.732178 1188.302368 1187.889771 1187.872559 1187.489380 1187.106201 1186.722900 1186.339722 1185.956543 1185.588623 1185.573364 1184.954956 1184.336670 1183.718384 1180.627808 1177.538452 1171.382446 1165.323486 1159.377319 1153.559814 1147.866211 1142.291626 1136.983887 1131.810303 1126.728149 1121.734253 1116.825928 1112.210205 1107.706665 1103.253418
 1192.747437 1192.575439 1192.317627 1191.887695 1191.457886 1191.027954 1190.598145 1190.168335 1189.738403 1189.325806 1189.308594 1188.925293 1188.541992 1188.158691 1187.775513 1187.392212 1187.024170 1187.008911 1186.390381 1185.771851 1185.153320 1182.061768 1178.971436 1172.813477 1166.752563 1160.804321 1154.984619 1149.288696 1143.711792 1138.401489 1133.225342 1128.140503 1123.143799 1118.232544 1113.613647 1109.106812 1104.650391
 1194.142822 1193.970947 1193.713013 1193.283081 1192.853149 1192.423218 1191.993286 1191.563354 1191.133423 1190.720703 1190.703491 1190.320190 1189.936768 1189.553467 1189.170044 1188.786743 1188.418701 1188.403442 1187.784546 1187.165894 1186.547241 1183.454712 1180.363403 1174.203369 1168.140381 1162.189941 1156.368042 1150.669922 1145.090576 1139.777710 1134.598877 1129.511230 1124.511719 1119.597534 1114.975586 1110.465454 1106.005493
 1195.495239 1195.323242 1195.065308 1194.635254 1194.205322 1193.775269 1193.345337 1192.915283 1192.485352 1192.072510 1192.055420 1191.671875 1191.288452 1190.905029 1190.521606 1190.138184 1189.770020 1189.754761 1189.135742 1188.516846 1187.897949 1184.804443 1181.712158 1175.550171 1169.485107 1163.532471 1157.708252 1152.007812 1146.426147 1141.110718 1135.929199 1130.838867 1125.836426 1120.919312 1116.294067 1111.780640 1107.317383
 1196.802979 1196.630859 1196.372803 1195.942749 1195.512695 1195.082642 1194.652588 1194.222534 1193.792480 1193.379639 1193.362427 1192.978882 1192.595337 1192.211914 1191.828369 1191.444824 1191.076660 1191.061401 1190.442139 1189.822998 1189.203979 1186.109497 1183.016113 1176.852173 1170.785034 1164.830200 1159.003784 1153.301025 1147.716919 1142.398926 1137.214722 1132.121582 1127.116455 1122.196289 1117.567993 1113.051270 1108.584595
 1198.064209 1197.892212 1197.634155 1197.203979 1196.773804 1196.343750 1195.913574 1195.483398 1195.053345 1194.640381 1194.623169 1194.239624 1193.855957 1193.472412 1193.088745 1192.705200 1192.336914 1192.321655 1191.702271 1191.083008 1190.463745 1187.368164 1184.273926 1178.107788 1172.038574 1166.081665 1160.253052 1154.547974 1148.961426 1143.640991 1138.454102 1133.358276 1128.350220 1123.427246 1118.795654 1114.275757 1109.805664
 1199.277832 1199.105713 1198.847534 1198.417358 1197.987183 1197.557007 1197.126709 1196.696533 1196.266357 1195.853394 1195.836182 1195.452515 1195.068848 1194.685181 1194.301392 1193.917725 1193.549438 1193.534180 1192.914551 1192.295044 1191.675659 1188.579102 1185.483887 1179.315796 1173.244507 1167.285522 1161.454590 1155.747192 1150.158325 1144.835327 1139.645874 1134.547241 1129.536499 1124.610596 1119.975952 1115.452759 1110.979370
 1200.442017 1200.269897 1200.011719 1199.581421 1199.151245 1198.720947 1198.290649 1197.860352 1197.430176 1197.017090 1196.999878 1196.616089 1196.232300 1195.848633 1195.464844 1195.081055 1194.712646 1194.697388 1194.077637 1193.457886 1192.838257 1189.740845 1186.644531 1180.474487 1174.401245 1168.440063 1162.607056 1156.897461 1151.306152 1145.980713 1140.788696 1135.687500 1130.673950 1125.745117 1121.107544 1116.581177 1112.104492
 1201.555786 1201.383667 1201.125488 1200.695190 1200.264771 1199.834473 1199.404175 1198.973755 1198.543457 1198.130371 1198.113159 1197.729248 1197.345459 1196.961670 1196.577759 1196.193970 1195.825439 1195.810181 1195.190186 1194.570312 1193.950562 1190.852173 1187.754883 1181.583008 1175.507690 1169.544556 1163.709351 1157.997559 1152.404053 1147.076172 1141.881592 1136.777832 1131.761597 1126.830078 1122.189453 1117.660034 1113.180298
 1202.618042 1202.445923 1202.187744 1201.757324 1201.326904 1200.896484 1200.466064 1200.035645 1199.605225 1199.192139 1199.174927 1198.791016 1198.407104 1198.023193 1197.639282 1197.255371 1196.886841 1196.871460 1196.251343 1195.631348 1195.011353 1191.911987 1188.813843 1182.640015 1176.562866 1170.597656 1164.760498 1159.046509 1153.450806 1148.120483 1142.923584 1137.817261 1132.798340 1127.864258 1123.220703 1118.688232 1114.205444
 1203.627808 1203.455566 1203.197266 1202.766846 1202.336426 1201.905884 1201.475464 1201.045044 1200.614502 1200.201294 1200.184082 1199.800049 1199.416138 1199.032104 1198.648193 1198.264160 1197.895508 1197.880249 1197.259888 1196.639771 1196.019531 1192.919312 1189.820312 1183.644653 1177.565552 1171.598511 1165.759277 1160.043213 1154.445435 1149.112915 1143.913574 1138.804810 1133.783447 1128.846680 1124.200439 1119.665161 1115.179321
 1204.583984 1204.411743 1204.153442 1203.722900 1203.292358 1202.861816 1202.431396 1202.000854 1201.570312 1201.156982 1201.139771 1200.755737 1200.371704 1199.987671 1199.603638 1199.219604 1198.850830 1198.835571 1198.215088 1197.594727 1196.974365 1193.873291 1190.773438 1184.595947 1178.515137 1172.546143 1166.705078 1160.987061 1155.387207 1150.052490 1144.850830 1139.739746 1134.715942 1129.776733 1125.127808 1120.589722 1116.101196
 1205.485840 1205.313599 1205.055176 1204.624634 1204.194092 1203.763428 1203.332886 1202.902344 1202.471680 1202.058350 1202.041138 1201.656982 1201.272949 1200.888794 1200.504639 1200.120605 1199.751831 1199.736572 1199.115845 1198.495361 1197.874756 1194.772949 1191.672241 1185.493164 1179.410522 1173.439819 1167.596924 1161.876953 1156.275146 1150.938354 1145.734619 1140.621216 1135.595093 1130.653564 1126.002075 1121.461304 1116.969971
 1206.332397 1206.160156 1205.901733 1205.471069 1205.040527 1204.609863 1204.179199 1203.748535 1203.317871 1202.904541 1202.887329 1202.503052 1202.118896 1201.734741 1201.350586 1200.966431 1200.597656 1200.582275 1199.961548 1199.340820 1198.720093 1195.617432 1192.515991 1186.335327 1180.251099 1174.278687 1168.433960 1162.712280 1157.108521 1151.769775 1146.563965 1141.448486 1136.420288 1131.476440 1126.822510 1122.279175 1117.785400
 1207.123169 1206.950806 1206.692383 1206.261719 1205.831055 1205.400391 1204.969727 1204.538940 1204.108276 1203.694824 1203.677612 1203.293335 1202.909180 1202.524902 1202.140625 1201.756470 1201.387573 1201.372314 1200.751343 1200.130493 1199.509644 1196.406250 1193.303955 1187.121826 1181.036133 1175.062134 1169.215698 1163.492310 1157.886841 1152.546143 1147.338501 1142.220947 1137.190674 1132.244751 1127.588501 1123.042847 1118.546631
 1207.857422 1207.685181 1207.426636 1206.995972 1206.565186 1206.134399 1205.703735 1205.272949 1204.842285 1204.428711 1204.411499 1204.027222 1203.642944 1203.258667 1202.874390 1202.490112 1202.121216 1202.105835 1201.484741 1200.863770 1200.242798 1197.138672 1194.035767 1187.852295 1181.765015 1175.789551 1169.941650 1164.216675 1158.609497 1153.267090 1148.057495 1142.938110 1137.905884 1132.958008 1128.299683 1123.751831 1119.253296
 1208.534790 1208.362427 1208.104004 1207.673218 1207.242432 1206.811523 1206.380737 1205.949951 1205.519165 1205.105713 1205.088501 1204.704102 1204.319824 1203.935425 1203.551147 1203.166748 1202.797852 1202.782471 1202.161255 1201.540161 1200.919067 1197.814331 1194.710693 1188.525879 1182.437378 1176.460449 1170.611084 1164.884644 1159.276001 1153.931885 1148.720703 1143.599609 1138.565552 1133.615723 1128.955444 1124.405518 1119.904907
 1209.154541 1208.982178 1208.723755 1208.292847 1207.862061 1207.431274 1207.000366 1206.569580 1206.138794 1205.725098 1205.708008 1205.323486 1204.939209 1204.554810 1204.170410 1203.786011 1203.416992 1203.401733 1202.780396 1202.159058 1201.537842 1198.432617 1195.328369 1189.142334 1183.052490 1177.074341 1171.223755 1165.495850 1159.885742 1154.540283 1149.327393 1144.204712 1139.169067 1134.217529 1129.555420 1125.003662 1120.500977
 1209.716431 1209.544067 1209.285645 1208.854736 1208.423828 1207.993042 1207.562134 1207.131226 1206.700439 1206.286743 1206.269531 1205.885132 1205.500732 1205.116211 1204.731812 1204.347412 1203.978394 1203.963013 1203.341553 1202.720215 1202.098877 1198.993042 1195.888306 1189.701172 1183.610229 1177.630981 1171.779053 1166.049927 1160.438599 1155.091675 1149.877441 1144.753296 1139.716064 1134.763062 1130.099243 1125.545654 1121.041382
 1210.220093 1210.047729 1209.789185 1209.358276 1208.927368 1208.496460 1208.065552 1207.634644 1207.203735 1206.790161 1206.772949 1206.388428 1206.003906 1205.619507 1205.234985 1204.850586 1204.481445 1204.466187 1203.844604 1203.223145 1202.601685 1199.495361 1196.390137 1190.202026 1184.110107 1178.129639 1172.276733 1166.546509 1160.933960 1155.585815 1150.370361 1145.244873 1140.206299 1135.251831 1130.586548 1126.031494 1121.525513
 1210.665161 1210.492676 1210.234131 1209.803223 1209.372314 1208.941406 1208.510498 1208.079468 1207.648560 1207.234863 1207.217651 1206.833130 1206.448608 1206.064087 1205.679688 1205.295166 1204.926025 1204.910645 1204.289062 1203.667480 1203.046021 1199.939209 1196.833618 1190.644653 1184.551758 1178.570435 1172.716553 1166.985352 1161.371704 1156.022461 1150.805786 1145.679199 1140.639404 1135.683716 1131.017090 1126.460693 1121.953247
 1211.051270 1210.878906 1210.620361 1210.189453 1209.758423 1209.327515 1208.896484 1208.465576 1208.034668 1207.620850 1207.603638 1207.219116 1206.834595 1206.450073 1206.065552 1205.681030 1205.311890 1205.296509 1204.674805 1204.053223 1203.431641 1200.324463 1197.218506 1191.028687 1184.935059 1178.952881 1173.098145 1167.366089 1161.751587 1156.401367 1151.183716 1146.056030 1141.015259 1136.058472 1131.390747 1126.833130 1122.324463
 1211.378540 1211.206177 1210.947510 1210.516602 1210.085571 1209.654541 1209.223633 1208.792603 1208.361694 1207.947876 1207.930664 1207.546143 1207.161499 1206.776978 1206.392456 1206.007935 1205.638672 1205.623413 1205.001587 1204.379883 1203.758301 1200.650879 1197.544556 1191.354004 1185.259766 1179.276978 1173.421509 1167.688599 1162.073364 1156.722412 1151.503906 1146.375366 1141.333740 1136.375977 1131.707153 1127.148560 1122.638916
 1211.646484 1211.474121 1211.215454 1210.784546 1210.353516 1209.922485 1209.491455 1209.060547 1208.629517 1208.215698 1208.198486 1207.813965 1207.429321 1207.044800 1206.660156 1206.275635 1205.906372 1205.891113 1205.269287 1204.647583 1204.025879 1200.918091 1197.811523 1191.620483 1185.525635 1179.542236 1173.686279 1167.952759 1162.336914 1156.985229 1151.766113 1146.636841 1141.594482 1136.635986 1131.966431 1127.406860 1122.896362
 1211.855103 1211.682617 1211.424072 1210.993042 1210.562012 1210.130981 1209.699951 1209.268921 1208.837891 1208.424194 1208.406982 1208.022339 1207.637695 1207.253174 1206.868530 1206.484009 1206.114746 1206.099487 1205.477539 1204.855835 1204.234131 1201.126099 1198.019287 1191.827881 1185.732666 1179.748779 1173.892334 1168.158447 1162.541992 1157.189819 1151.970093 1146.840332 1141.797363 1136.838379 1132.168091 1127.607910 1123.096802
 1212.004150 1211.831665 1211.573120 1211.142090 1210.711060 1210.280029 1209.848999 1209.417969 1208.986938 1208.573120 1208.555908 1208.171265 1207.786621 1207.402100 1207.017456 1206.632812 1206.263672 1206.248291 1205.626465 1205.004639 1204.382812 1201.274780 1198.167847 1191.976074 1185.880493 1179.896362 1174.039551 1168.305298 1162.688599 1157.336060 1152.115967 1146.985718 1141.942383 1136.982910 1132.312256 1127.751587 1123.239990
 1212.093628 1211.921143 1211.662598 1211.231567 1210.800537 1210.369385 1209.938354 1209.507324 1209.076294 1208.662598 1208.645386 1208.260742 1207.876099 1207.491455 1207.106812 1206.722290 1206.353027 1206.337646 1205.715820 1205.093994 1204.472168 1201.364014 1198.256958 1192.065063 1185.969360 1179.984985 1174.127930 1168.393555 1162.776611 1157.423828 1152.203491 1147.072998 1142.029419 1137.069702 1132.398804 1127.837891 1123.325928
 1212.123413 1211.951050 1211.692383 1211.261353 1210.830322 1210.399292 1209.968262 1209.537231 1209.106201 1208.692383 1208.675171 1208.290527 1207.905884 1207.521362 1207.136719 1206.752075 1206.382812 1206.367554 1205.745605 1205.123779 1204.502075 1201.393799 1198.286743 1192.094849 1185.998901 1180.014526 1174.157471 1168.422974 1162.806030 1157.453125 1152.232666 1147.102173 1142.058472 1137.098633 1132.427612 1127.866699 1123.354614
#
# dtdd (rows - delta, columns - depth)
#
 -999.000000 -999.000000 -999.000000 -999.000000 -999.000000 -999.000000 -999.000000 -999.000000 -999.000000 -999.000000 -999.000000 -999.000000 -999.000000 -999.000000 -999.000000 -999.000000 -999.000000 -999.000000 -999.000000 -999.000000 -999.000000 -999.000000 -999.000000 -999.000000 -999.000000 -999.000000 -999.000000 -999.000000 -999.000000 -999.000000    1.915214    1.915213    1.915210    1.915206    1.915200    1.915191    1.915180
    1.915206    1.915206    1.915206    1.915206    1.915206    1.915206    1.915205    1.915205    1.915205    1.915205    1.915205    1.915205    1.915205    1.915205    1.915205    1.915204    1.915204    1.915204    1.915204    1.915204    1.915203    1.915201    1.915199    1.915194    1.915189    1.915182    1.915174    1.915165    1.915155    1.915143    1.915129    1.915113    1.915095    1.915075    1.915052    1.915025    1.914996
    1.915076    1.915076    1.915076    1.915075    1.915075    1.915074    1.915074    1.915074    1.915073    1.915073    1.915073    1.915072    1.915071    1.915071    1.915070    1.915070    1.915069    1.915069    1.915068    1.915066    1.915065    1.915058    1.915051    1.915035    1.915018    1.915000    1.914980    1.914959    1.914935    1.914909    1.914880    1.914849    1.914815    1.914778    1.914737    1.914691    1.914642
    1.914780    1.914780    1.914779    1.914778    1.914778    1.914777    1.914776    1.914775    1.914774    1.914773    1.914773    1.914772    1.914771    1.914770    1.914769    1.914768    1.914767    1.914767    1.914765    1.914762    1.914760    1.914747    1.914734    1.914707    1.914679    1.914648    1.914615    1.914580    1.914543    1.914502    1.914457    1.914410    1.914358    1.914304    1.914243    1.914176    1.914106
    1.914306    1.914306    1.914305    1.914304    1.914302    1.914301    1.914300    1.914299    1.914297    1.914296    1.914296    1.914294    1.914293    1.914292    1.914290    1.914289    1.914287    1.914287    1.914284    1.914280    1.914276    1.914258    1.914239    1.914200    1.914158    1.914115    1.914068    1.914019    1.913966    1.913909    1.913847    1.913782    1.913713    1.913639    1.913557    1.913468    1.913375
    1.913642    1.913641    1.913640    1.913638    1.913637    1.913635    1.913633    1.913631    1.913630    1.913628    1.913628    1.913626    1.913624    1.913622    1.913620    1.913618    1.913616    1.913616    1.913611    1.913606    1.913601    1.913576    1.913551    1.913499    1.913444    1.913386    1.913325    1.913260    1.913192    1.913117    1.913037    1.912953    1.912864    1.912770    1.912665    1.912553    1.912435
    1.912773    1.912772    1.912771    1.912768    1.912766    1.912764    1.912762    1.912760    1.912757    1.912755    1.912755    1.912753    1.912750    1.912748    1.912745    1.912743    1.912740    1.912740    1.912734    1.912728    1.912721    1.912690    1.912657    1.912591    1.912522    1.912449    1.912372    1.912290    1.912205    1.912111    1.912012    1.911908    1.911798    1.911681    1.911552    1.911415    1.911271
    1.911685    1.911683    1.911682    1.911679    1.911676    1.911674    1.911671    1.911668    1.911665    1.911663    1.911663    1.911660    1.911657    1.911654    1.911650    1.911647    1.911644    1.911644    1.911637    1.911629    1.911621    1.911582    1.911542    1.911461    1.911376    1.911287    1.911193    1.911094    1.910990    1.910877    1.910757    1.910631    1.910498    1.910358    1.910203    1.910039    1.909867
    1.910361    1.910360    1.910357    1.910354    1.910351    1.910348    1.910344    1.910341    1.910338    1.910335    1.910335    1.910331    1.910327    1.910324    1.910320    1.910316    1.910313    1.910312    1.910303    1.910294    1.910285    1.910238    1.910190    1.910093    1.909991    1.909884    1.909772    1.909654    1.909530    1.909395    1.909253    1.909103    1.908945    1.908780    1.908597    1.908403    1.908200
    1.908782    1.908780    1.908778    1.908774    1.908770    1.908766    1.908762    1.908759    1.908755    1.908751    1.908751    1.908746    1.908742    1.908738    1.908733    1.908729    1.908725    1.908724    1.908713    1.908702    1.908692    1.908636    1.908580    1.908465    1.908345    1.908219    1.908087    1.907948    1.907802    1.907644    1.907477    1.907302    1.907118    1.906924    1.906712    1.906486    1.906250
    1.906925    1.906923    1.906921    1.906916    1.906911    1.906907    1.906903    1.906898    1.906893    1.906889    1.906889    1.906884    1.906879    1.906874    1.906868    1.906863    1.906858    1.906858    1.906845    1.906833    1.906820    1.906755    1.906690    1.906556    1.906416    1.906270    1.906117    1.905956    1.905786    1.905603    1.905410    1.905207    1.904994    1.904771    1.904525    1.904265    1.903993
    1.904769    1.904767    1.904764    1.904758    1.904753    1.904748    1.904743    1.904738    1.904732    1.904727    1.904727    1.904721    1.904715    1.904709    1.904703    1.904698    1.904692    1.904692    1.904677    1.904662    1.904647    1.904573    1.904497    1.904343    1.904182    1.904014    1.903837    1.903652    1.903457    1.903247    1.903025    1.902792    1.902549    1.902293    1.902012    1.901715    1.901404
    1.902287    1.902285    1.902281    1.902275    1.902269    1.902263    1.902257    1.902251    1.902245    1.902239    1.902239    1.902232    1.902226    1.902219    1.902212    1.902205    1.902199    1.902199    1.902182    1.902165    1.902148    1.902063    1.901976    1.901800    1.901616    1.901423    1.901222    1.901010    1.900788    1.900548    1.900295    1.900030    1.899753    1.899462    1.899142    1.898805    1.898452
    1.899451    1.899448    1.899444    1.899437    1.899430    1.899423    1.899417    1.899410    1.899403    1.899396    1.899396    1.899388    1.899381    1.899373    1.899365    1.899358    1.899350    1.899350    1.899331    1.899312    1.899292    1.899195    1.899097    1.898896    1.898687    1.898469    1.898240    1.898000    1.897748    1.897476    1.897189    1.896889    1.896575    1.896246    1.895885    1.895503    1.895105
    1.896227    1.896224    1.896219    1.896212    1.896204    1.896196    1.896189    1.896181    1.896173    1.896166    1.896165    1.896157    1.896148    1.896139    1.896131    1.896122    1.896114    1.896113    1.896092    1.896070    1.896048    1.895938    1.895827    1.895600    1.895364    1.895117    1.894858    1.894587    1.894303    1.893996    1.893672    1.893334    1.892979    1.892608    1.892201    1.891771    1.891323
    1.892579    1.892576    1.892571    1.892562    1.892554    1.892545    1.892536    1.892527    1.892519    1.892510    1.892510    1.892500    1.892491    1.892481    1.892471    1.892461    1.892452    1.892451    1.892427    1.892402    1.892378    1.892254    1.892129    1.891873    1.891607    1.891329    1.891037    1.890732    1.890412    1.890067    1.889704    1.889323    1.888925    1.888509    1.888051    1.887569    1.887066
    1.888466    1.888463    1.888457    1.888447    1.888437    1.888427    1.888418    1.888408    1.888398    1.888389    1.888389    1.888377    1.888366    1.888355    1.888344    1.888333    1.888323    1.888322    1.888295    1.888267    1.888240    1.888101    1.887960    1.887673    1.887374    1.887061    1.886734    1.886392    1.886033    1.885646    1.885238    1.884812    1.884366    1.883899    1.883388    1.882848    1.882286
    1.883840    1.883835    1.883829    1.883818    1.883807    1.883796    1.883785    1.883774    1.883763    1.883753    1.883752    1.883740    1.883728    1.883716    1.883703    1.883691    1.883679    1.883678    1.883648    1.883617    1.883586    1.883430    1.883273    1.882951    1.882617    1.882267    1.881902    1.881519    1.881118    1.880686    1.880230    1.879754    1.879256    1.878735    1.878164    1.877562    1.876935
    1.878654    1.878649    1.878641    1.878629    1.878617    1.878605    1.878593    1.878580    1.878568    1.878556    1.878556    1.878542    1.878528    1.878515    1.878501    1.878487    1.878474    1.878473    1.878439    1.878404    1.878370    1.878196    1.878020    1.877661    1.877287    1.876898    1.876490    1.876062    1.875615    1.875133    1.874625    1.874095    1.873540    1.872960    1.872324    1.871654    1.870956
    1.872849    1.872844    1.872836    1.872822    1.872809    1.872795    1.872782    1.872768    1.872754    1.872741    1.872741    1.872725    1.872710    1.872695    1.872679    1.872664    1.872649    1.872648    1.872610    1.872572    1.872533    1.872340    1.872144    1.871744    1.871328    1.870894    1.870440    1.869964    1.869466    1.868930    1.868365    1.867774    1.867157    1.866511    1.865804    1.865059    1.864283
    1.866364    1.866358    1.866349    1.866334    1.866319    1.866303    1.866288    1.866273    1.866258    1.866243    1.866243    1.866226    1.866209    1.866192    1.866175    1.866157    1.866141    1.866140    1.866098    1.866055    1.866012    1.865797    1.865579    1.865133    1.864670    1.864188    1.863683    1.863154    1.862600    1.862004    1.861376    1.860720    1.860035    1.859318    1.858534    1.857707    1.856845
    1.859125    1.859118    1.859108    1.859091    1.859074    1.859058    1.859041    1.859024    1.859007    1.858991    1.858990    1.858971    1.858952    1.858933    1.858914    1.858895    1.858877    1.858876    1.858829    1.858782    1.858734    1.858495    1.858252    1.857758    1.857243    1.856707    1.856146    1.855559    1.854944    1.854281    1.853584    1.852856    1.852096    1.851302    1.850433    1.849519    1.848567
    1.851050    1.851043    1.851031    1.851013    1.850994    1.850976    1.850957    1.850938    1.850920    1.850902    1.850901    1.850880    1.850859    1.850838    1.850817    1.850796    1.850775    1.850775    1.850722    1.850670    1.850617    1.850352    1.850083    1.849536    1.848967    1.848374    1.847754    1.847106    1.846427    1.845697    1.844929    1.844127    1.843289    1.842415    1.841458    1.840450    1.839402
    1.842090    1.842082    1.842070    1.842049    1.842029    1.842008    1.841988    1.841967    1.841947    1.841927    1.841926    1.841903    1.841880    1.841856    1.841833    1.841810    1.841788    1.841787    1.841729    1.841671    1.841613    1.841320    1.841024    1.840421    1.839794    1.839140    1.838456    1.837741    1.836994    1.836189    1.835342    1.834459    1.833536    1.832573    1.831520    1.830411    1.829257
    1.832159    1.832150    1.832136    1.832114    1.832091    1.832068    1.832046    1.832023    1.832000    1.831978    1.831977    1.831952    1.831926    1.831901    1.831875    1.831850    1.831825    1.831824    1.831760    1.831696    1.831632    1.831310    1.830984    1.830318    1.829627    1.828907    1.828154    1.827366    1.826542    1.825655    1.824723    1.823749    1.822733    1.821672    1.820511    1.819290    1.818021
    1.821144    1.821134    1.821119    1.821094    1.821069    1.821044    1.821019    1.820994    1.820969    1.820945    1.820944    1.820916    1.820888    1.820860    1.820831    1.820803    1.820776    1.820775    1.820705    1.820634    1.820563    1.820208    1.819848    1.819115    1.818353    1.817559    1.816730    1.815862    1.814955    1.813979    1.812953    1.811882    1.810765    1.809599    1.808324    1.806982    1.805587
    1.808931    1.808920    1.808904    1.808876    1.808849    1.808821    1.808794    1.808766    1.808739    1.808712    1.808711    1.808680    1.808649    1.808618    1.808587    1.808556    1.808526    1.808525    1.808447    1.808370    1.808292    1.807901    1.807505    1.806698    1.805859    1.804986    1.804073    1.803118    1.802120    1.801046    1.799917    1.798739    1.797511    1.796229    1.794829    1.793357    1.791827
    1.795388    1.795376    1.795358    1.795328    1.795297    1.795267    1.795237    1.795207    1.795176    1.795147    1.795146    1.795112    1.795078    1.795043    1.795009    1.794975    1.794942    1.794941    1.794856    1.794770    1.794685    1.794255    1.793820    1.792933    1.792011    1.791052    1.790050    1.789002    1.787907    1.786729    1.785492    1.784202    1.782856    1.781451    1.779917    1.778303    1.776627
    1.780395    1.780382    1.780362    1.780329    1.780295    1.780262    1.780229    1.780196    1.780163    1.780131    1.780129    1.780092    1.780054    1.780017    1.779979    1.779942    1.779906    1.779904    1.779811    1.779717    1.779623    1.779151    1.778673    1.777699    1.776688    1.775635    1.774536    1.773389    1.772192    1.770905    1.769556    1.768151    1.766687    1.765162    1.763499    1.761753    1.759943
    1.763854    1.763840    1.763818    1.763782    1.763746    1.763710    1.763674    1.763638    1.763602    1.763567    1.763566    1.763525    1.763484    1.763444    1.763403    1.763362    1.763323    1.763322    1.763220    1.763119    1.763017    1.762505    1.761987    1.760933    1.759839    1.758702    1.757515    1.756276    1.754983    1.753594    1.752137    1.750620    1.749041    1.747396    1.745600    1.743715    1.741760
    1.745788    1.745772    1.745749    1.745710    1.745671    1.745632    1.745593    1.745554    1.745515    1.745478    1.745476    1.745432    1.745388    1.745344    1.745300    1.745256    1.745214    1.745212    1.745102    1.744992    1.744882    1.744328    1.743768    1.742627    1.741442    1.740210    1.738924    1.737581    1.736178    1.734671    1.733090    1.731443    1.729726    1.727938    1.725987    1.723938    1.721813
    1.725951    1.725934    1.725909    1.725867    1.725824    1.725782    1.725739    1.725697    1.725654    1.725613    1.725612    1.725564    1.725516    1.725468    1.725420    1.725372    1.725326    1.725324    1.725204    1.725085    1.724964    1.724361    1.723751    1.722507    1.721218    1.719876    1.718475    1.717012    1.715485    1.713848    1.712133    1.710349    1.708494    1.706565    1.704465    1.702264    1.699988
    1.704137    1.704118    1.704091    1.704045    1.704000    1.703954    1.703908    1.703862    1.703817    1.703773    1.703771    1.703719    1.703668    1.703616    1.703564    1.703512    1.703463    1.703461    1.703332    1.703203    1.703074    1.702425    1.701769    1.700433    1.699050    1.697613    1.696115    1.694553    1.692925    1.691180    1.689352    1.687452    1.685476    1.683422    1.681187    1.678846    1.676423
    1.680494    1.680475    1.680446    1.680397    1.680348    1.680299    1.680251    1.680202    1.680153    1.680106    1.680104    1.680049    1.679994    1.679939    1.679884    1.679828    1.679775    1.679773    1.679636    1.679499    1.679361    1.678668    1.677969    1.676544    1.675069    1.673536    1.671938    1.670272    1.668536    1.666673    1.664723    1.662695    1.660587    1.658395    1.656010    1.653511    1.650926
    1.654861    1.654840    1.654809    1.654757    1.654704    1.654652    1.654600    1.654548    1.654495    1.654445    1.654443    1.654384    1.654325    1.654266    1.654207    1.654148    1.654092    1.654089    1.653942    1.653795    1.653648    1.652907    1.652159    1.650635    1.649057    1.647418    1.645710    1.643929    1.642074    1.640084    1.638003    1.635842    1.633599    1.631271    1.628741    1.626097    1.623366
    1.627038    1.627016    1.626983    1.626927    1.626872    1.626817    1.626761    1.626706    1.626650    1.626597    1.626594    1.626532    1.626469    1.626407    1.626344    1.626282    1.626222    1.626219    1.626063    1.625908    1.625751    1.624966    1.624173    1.622561    1.620892    1.619161    1.617360    1.615484    1.613533    1.611443    1.609259    1.606992    1.604640    1.602198    1.599548    1.596778    1.593919
    1.597197    1.597174    1.597139    1.597081    1.597023    1.596964    1.596906    1.596848    1.596790    1.596734    1.596731    1.596666    1.596600    1.596534    1.596469    1.596403    1.596340    1.596337    1.596174    1.596010    1.595846    1.595022    1.594190    1.592497    1.590747    1.588931    1.587041    1.585075    1.583028    1.580838    1.578548    1.576173    1.573708    1.571151    1.568376    1.565476    1.562483
    1.565254    1.565230    1.565193    1.565132    1.565071    1.565010    1.564949    1.564888    1.564826    1.564768    1.564765    1.564696    1.564628    1.564559    1.564490    1.564421    1.564354    1.564352    1.564180    1.564008    1.563836    1.562971    1.562098    1.560323    1.558487    1.556583    1.554602    1.552541    1.550398    1.548104    1.545707    1.543223    1.540648    1.537981    1.535088    1.532070    1.528960
    1.531072    1.531047    1.531009    1.530945    1.530882    1.530818    1.530754    1.530691    1.530627    1.530566    1.530563    1.530491    1.530419    1.530348    1.530276    1.530204    1.530135    1.530132    1.529953    1.529774    1.529595    1.528694    1.527785    1.525937    1.524028    1.522050    1.519993    1.517856    1.515635    1.513260    1.510782    1.508214    1.505554    1.502799    1.499814    1.496699    1.493492
    1.494791    1.494765    1.494726    1.494660    1.494594    1.494528    1.494462    1.494396    1.494330    1.494267    1.494264    1.494190    1.494116    1.494042    1.493968    1.493893    1.493822    1.493819    1.493634    1.493449    1.493264    1.492332    1.491393    1.489486    1.487516    1.485476    1.483357    1.481156    1.478871    1.476430    1.473884    1.471249    1.468521    1.465699    1.462643    1.459460    1.456184
    1.456515    1.456488    1.456447    1.456380    1.456313    1.456246    1.456178    1.456111    1.456043    1.455978    1.455976    1.455900    1.455824    1.455748    1.455672    1.455596    1.455523    1.455520    1.455330    1.455141    1.454952    1.453999    1.453038    1.451087    1.449074    1.446989    1.444824    1.442576    1.440243    1.437752    1.435154    1.432467    1.429686    1.426810    1.423698    1.420457    1.417123
    1.416338    1.416310    1.416269    1.416201    1.416132    1.416063    1.415995    1.415926    1.415857    1.415791    1.415788    1.415711    1.415633    1.415556    1.415478    1.415401    1.415326    1.415323    1.415130    1.414937    1.414744    1.413773    1.412794    1.410806    1.408755    1.406632    1.404428    1.402140    1.399766    1.397232    1.394592    1.391861    1.389036    1.386115    1.382956    1.379668    1.376288
    1.374229    1.374201    1.374160    1.374090    1.374020    1.373950    1.373881    1.373811    1.373741    1.373674    1.373671    1.373592    1.373514    1.373435    1.373356    1.373278    1.373202    1.373199    1.373003    1.372807    1.372611    1.371626    1.370632    1.368616    1.366537    1.364386    1.362154    1.359839    1.357439    1.354878    1.352212    1.349455    1.346607    1.343664    1.340483    1.337176    1.333778
    1.330302    1.330274    1.330232    1.330162    1.330092    1.330022    1.329952    1.329881    1.329811    1.329743    1.329740    1.329661    1.329582    1.329503    1.329424    1.329345    1.329268    1.329265    1.329068    1.328871    1.328674    1.327682    1.326683    1.324655    1.322564    1.320403    1.318160    1.315834    1.313423    1.310853    1.308179    1.305416    1.302563    1.299618    1.296437    1.293132    1.289740
    1.284717    1.284689    1.284647    1.284577    1.284507    1.284437    1.284367    1.284297    1.284226    1.284159    1.284156    1.284077    1.283998    1.283919    1.283840    1.283761    1.283685    1.283682    1.283485    1.283289    1.283092    1.282102    1.281105    1.279083    1.276999    1.274845    1.272611    1.270297    1.267899    1.265343    1.262685    1.259940    1.257106    1.254181    1.251023    1.247743    1.244378
    1.237686    1.237658    1.237616    1.237547    1.237477    1.237407    1.237338    1.237268    1.237198    1.237131    1.237128    1.237050    1.236971    1.236893    1.236814    1.236736    1.236660    1.236657    1.236462    1.236266    1.236071    1.235088    1.234098    1.232089    1.230019    1.227880    1.225663    1.223364    1.220984    1.218447    1.215808    1.213083    1.210271    1.207368    1.204235    1.200981    1.197644
    1.189125    1.189097    1.189056    1.188987    1.188918    1.188849    1.188780    1.188710    1.188641    1.188575    1.188572    1.188494    1.188416    1.188338    1.188260    1.188182    1.188107    1.188104    1.187911    1.187717    1.187523    1.186548    1.185566    1.183574    1.181522    1.179402    1.177206    1.174931    1.172577    1.170070    1.167464    1.164777    1.162004    1.159146    1.156064    1.152867    1.149590
    1.139184    1.139157    1.139117    1.139049    1.138982    1.138914    1.138846    1.138778    1.138711    1.138646    1.138643    1.138567    1.138490    1.138414    1.138338    1.138262    1.138188    1.138185    1.137996    1.137806    1.137616    1.136662    1.135702    1.133754    1.131749    1.129678    1.127534    1.125314    1.123016    1.120570    1.118028    1.115407    1.112703    1.109916    1.106913    1.103796    1.100602
    1.088231    1.088205    1.088165    1.088099    1.088033    1.087967    1.087901    1.087835    1.087769    1.087705    1.087703    1.087628    1.087554    1.087480    1.087405    1.087331    1.087259    1.087256    1.087072    1.086887    1.086702    1.085771    1.084835    1.082936    1.080981    1.078962    1.076872    1.074707    1.072467    1.070082    1.067604    1.065048    1.062413    1.059696    1.056769    1.053731    1.050620
    1.036147    1.036122    1.036083    1.036019    1.035955    1.035891    1.035827    1.035762    1.035698    1.035636    1.035634    1.035561    1.035489    1.035417    1.035344    1.035272    1.035202    1.035199    1.035020    1.034840    1.034660    1.033755    1.032844    1.030998    1.029098    1.027136    1.025106    1.023004    1.020830    1.018517    1.016115    1.013638    1.011085    1.008455    1.005622    1.002684    0.999677
    0.983078    0.983054    0.983016    0.982955    0.982893    0.982831    0.982769    0.982707    0.982645    0.982585    0.982583    0.982513    0.982444    0.982374    0.982304    0.982234    0.982167    0.982165    0.981991    0.981818    0.981645    0.980773    0.979896    0.978117    0.976288    0.974399    0.972444    0.970421    0.968328    0.966102    0.963791    0.961408    0.958952    0.956422    0.953696    0.950871    0.947978
    0.929165    0.929141    0.929106    0.929046    0.928987    0.928927    0.928868    0.928808    0.928749    0.928691    0.928689    0.928622    0.928555    0.928488    0.928421    0.928354    0.928290    0.928287    0.928121    0.927954    0.927787    0.926950    0.926107    0.924399    0.922641    0.920826    0.918948    0.917005    0.914995    0.912857    0.910637    0.908348    0.905990    0.903561    0.900945    0.898234    0.895459
    0.874326    0.874303    0.874269    0.874212    0.874155    0.874099    0.874042    0.873985    0.873928    0.873873    0.873871    0.873807    0.873743    0.873679    0.873615    0.873551    0.873489    0.873487    0.873328    0.873169    0.873009    0.872209    0.871404    0.869772    0.868094    0.866362    0.864569    0.862715    0.860798    0.858760    0.856644    0.854464    0.852218    0.849905    0.847416    0.844837    0.842197
    0.818767    0.818745    0.818713    0.818659    0.818606    0.818552    0.818498    0.818444    0.818390    0.818338    0.818336    0.818276    0.818215    0.818155    0.818094    0.818033    0.817975    0.817972    0.817822    0.817671    0.817520    0.816763    0.816001    0.814456    0.812867    0.811228    0.809532    0.807778    0.805964    0.804036    0.802034    0.799972    0.797848    0.795662    0.793309    0.790871    0.788377
    0.762607    0.762587    0.762556    0.762506    0.762455    0.762404    0.762354    0.762303    0.762252    0.762204    0.762201    0.762145    0.762088    0.762031    0.761974    0.761916    0.761862    0.761859    0.761718    0.761576    0.761434    0.760722    0.760005    0.758552    0.757057    0.755516    0.753921    0.752271    0.750566    0.748754    0.746872    0.744934    0.742939    0.740884    0.738673    0.736384    0.734041
    0.705888    0.705869    0.705840    0.705793    0.705746    0.705699    0.705651    0.705604    0.705556    0.705511    0.705509    0.705456    0.705403    0.705349    0.705296    0.705243    0.705191    0.705189    0.705057    0.704925    0.704792    0.704126    0.703456    0.702099    0.700703    0.699264    0.697774    0.696234    0.694641    0.692949    0.691193    0.689384    0.687521    0.685604    0.683541    0.681404    0.679219
    0.648641    0.648624    0.648597    0.648554    0.648510    0.648466    0.648422    0.648378    0.648334    0.648292    0.648290    0.648241    0.648192    0.648142    0.648093    0.648043    0.647996    0.647994    0.647871    0.647748    0.647626    0.647009    0.646388    0.645130    0.643836    0.642502    0.641123    0.639696    0.638221    0.636653    0.635027    0.633352    0.631628    0.629853    0.627944    0.625967    0.623945
    0.590934    0.590918    0.590894    0.590854    0.590814    0.590773    0.590733    0.590693    0.590652    0.590614    0.590612    0.590567    0.590522    0.590476    0.590431    0.590385    0.590342    0.590340    0.590228    0.590115    0.590002    0.589436    0.588867    0.587713    0.586526    0.585303    0.584037    0.582728    0.581376    0.579939    0.578448    0.576912    0.575331    0.573704    0.571954    0.570142    0.568289
    0.532825    0.532810    0.532788    0.532752    0.532715    0.532679    0.532642    0.532606    0.532569    0.532534    0.532532    0.532491    0.532450    0.532409    0.532368    0.532327    0.532287    0.532286    0.532184    0.532081    0.531979    0.531466    0.530949    0.529902    0.528825    0.527715    0.526567    0.525380    0.524153    0.522849    0.521497    0.520105    0.518671    0.517196    0.515609    0.513967    0.512287
    0.474355    0.474342    0.474322    0.474289    0.474257    0.474224    0.474191    0.474159    0.474126    0.474094    0.474093    0.474056    0.474020    0.473983    0.473946    0.473909    0.473874    0.473872    0.473781    0.473690    0.473598    0.473138    0.472676    0.471739    0.470776    0.469783    0.468756    0.467695    0.466597    0.465432    0.464223    0.462978    0.461697    0.460378    0.458960    0.457493    0.455992
    0.415655    0.415643    0.415626    0.415598    0.415569    0.415540    0.415511    0.415483    0.415454    0.415426    0.415425    0.415393    0.415360    0.415328    0.415296    0.415263    0.415232    0.415231    0.415151    0.415070    0.414990    0.414586    0.414180    0.413356    0.412510    0.411637    0.410735    0.409802    0.408838    0.407813    0.406751    0.405657    0.404531    0.403373    0.402127    0.400838    0.399519
    0.356749    0.356739    0.356724    0.356699    0.356675    0.356650    0.356625    0.356600    0.356575    0.356552    0.356551    0.356523    0.356495    0.356467    0.356439    0.356411    0.356384    0.356383    0.356314    0.356245    0.356176    0.355828    0.355478    0.354768    0.354039    0.353287    0.352510    0.351706    0.350876    0.349993    0.349078    0.348136    0.347166    0.346169    0.345096    0.343986    0.342850
    0.297616    0.297608    0.297595    0.297575    0.297554    0.297533    0.297512    0.297492    0.297471    0.297451    0.297450    0.297427    0.297404    0.297380    0.297357    0.297334    0.297311    0.297310    0.297252    0.297194    0.297136    0.296845    0.296552    0.295958    0.295348    0.294719    0.294068    0.293395    0.292700    0.291962    0.291196    0.290408    0.289596    0.288761    0.287864    0.286935    0.285985
    0.238292    0.238285    0.238275    0.238259    0.238242    0.238226    0.238209    0.238192    0.238176    0.238160    0.238159    0.238140    0.238121    0.238103    0.238084    0.238065    0.238047    0.238046    0.238000    0.237953    0.237907    0.237673    0.237438    0.236961    0.236471    0.235966    0.235443    0.234903    0.234345    0.233752    0.233138    0.232505    0.231853    0.231183    0.230463    0.229717    0.228955
    0.178816    0.178811    0.178803    0.178791    0.178778    0.178766    0.178753    0.178741    0.178728    0.178716    0.178716    0.178702    0.178687    0.178673    0.178659    0.178645    0.178632    0.178631    0.178596    0.178561    0.178526    0.178350    0.178173    0.177815    0.177446    0.177066    0.176673    0.176267    0.175848    0.175402    0.174940    0.174464    0.173974    0.173470    0.172929    0.172368    0.171795
    0.119254    0.119251    0.119246    0.119238    0.119229    0.119221    0.119213    0.119204    0.119196    0.119188    0.119188    0.119178    0.119169    0.119160    0.119150    0.119141    0.119132    0.119131    0.119108    0.119085    0.119061    0.118944    0.118826    0.118587    0.118341    0.118088    0.117826    0.117555    0.117275    0.116978    0.116669    0.116352    0.116026    0.115690    0.115329    0.114955    0.114573
    0.059699    0.059698    0.059695    0.059691    0.059687    0.059683    0.059679    0.059674    0.059670    0.059666    0.059666    0.059661    0.059657    0.059652    0.059647    0.059642    0.059638    0.059638    0.059626    0.059614    0.059603    0.059544    0.059485    0.059365    0.059242    0.059115    0.058983    0.058848    0.058708    0.058559    0.058404    0.058245    0.058082    0.057913    0.057732    0.057545    0.057354
    0.000003    0.000003    0.000003    0.000003    0.000003    0.000003    0.000003    0.000003    0.000003    0.000003    0.000003    0.000003    0.000003    0.000003    0.000003    0.000003    0.000003    0.000003    0.000003    0.000003    0.000003    0.000003    0.000003    0.000003    0.000003    0.000003    0.000003    0.000003    0.000003    0.000003    0.000003    0.000003    0.000003    0.000003    0.000003    0.000003    0.000003
#
# dtdh (rows - delta, columns - depth)
#
 -999.000000 -999.000000 -999.000000 -999.000000 -999.000000 -999.000000 -999.000000 -999.000000 -999.000000 -999.000000 -999.000000 -999.000000 -999.000000 -999.000000 -999.000000 -999.000000 -999.000000 -999.000000 -999.000000 -999.000000 -999.000000 -999.000000 -999.000000 -999.000000 -999.000000 -999.000000 -999.000000 -999.000000 -999.000000 -999.000000   -0.101794   -0.099965   -0.098193   -0.096483   -0.089712   -0.088543   -0.087686
   -0.171551   -0.171551   -0.171551   -0.171550   -0.171549   -0.171549   -0.171548   -0.171547   -0.171547   -0.171546   -0.152873   -0.152872   -0.152871   -0.152871   -0.152870   -0.152869   -0.152868   -0.123166   -0.123155   -0.123144   -0.123133   -0.123077   -0.123022   -0.121682   -0.119576   -0.117040   -0.114482   -0.112023   -0.109668   -0.103686   -0.101794   -0.099965   -0.098193   -0.096484   -0.089712   -0.088543   -0.087687
   -0.171551   -0.171551   -0.171551   -0.171550   -0.171549   -0.171549   -0.171548   -0.171547   -0.171547   -0.171546   -0.152873   -0.152872   -0.152871   -0.152871   -0.152870   -0.152869   -0.152868   -0.123167   -0.123155   -0.123144   -0.123133   -0.123078   -0.123022   -0.121683   -0.119577   -0.117040   -0.114482   -0.112024   -0.109668   -0.103686   -0.101795   -0.099965   -0.098194   -0.096484   -0.089713   -0.088544   -0.087688
   -0.171552   -0.171551   -0.171551   -0.171550   -0.171550   -0.171549   -0.171548   -0.171548   -0.171547   -0.171546   -0.152873   -0.152873   -0.152872   -0.152871   -0.152870   -0.152869   -0.152869   -0.123167   -0.123156   -0.123145   -0.123134   -0.123078   -0.123022   -0.121683   -0.119577   -0.117041   -0.114483   -0.112024   -0.109669   -0.103687   -0.101796   -0.099966   -0.098195   -0.096485   -0.089714   -0.088545   -0.087689
   -0.171552   -0.171552   -0.171551   -0.171551   -0.171550   -0.171549   -0.171549   -0.171548   -0.171547   -0.171547   -0.152874   -0.152873   -0.152872   -0.152871   -0.152871   -0.152870   -0.152869   -0.123168   -0.123156   -0.123145   -0.123134   -0.123079   -0.123023   -0.121684   -0.119578   -0.117041   -0.114484   -0.112025   -0.109670   -0.103688   -0.101797   -0.099967   -0.098196   -0.096487   -0.089716   -0.088547   -0.087691
   -0.171553   -0.171552   -0.171552   -0.171551   -0.171551   -0.171550   -0.171549   -0.171549   -0.171548   -0.171547   -0.152874   -0.152874   -0.152873   -0.152872   -0.152871   -0.152871   -0.152870   -0.123168   -0.123157   -0.123146   -0.123135   -0.123080   -0.123024   -0.121685   -0.119579   -0.117042   -0.114485   -0.112026   -0.109671   -0.103689   -0.101798   -0.099969   -0.098198   -0.096488   -0.089717   -0.088549   -0.087693
   -0.171553   -0.171553   -0.171553   -0.171552   -0.171551   -0.171551   -0.171550   -0.171549   -0.171549   -0.171548   -0.152875   -0.152875   -0.152874   -0.152873   -0.152872   -0.152872   -0.152871   -0.123170   -0.123158   -0.123147   -0.123136   -0.123081   -0.123025   -0.121686   -0.119580   -0.117044   -0.114486   -0.112028   -0.109673   -0.103691   -0.101800   -0.099971   -0.098200   -0.096490   -0.089720   -0.088552   -0.087695
   -0.171554   -0.171554   -0.171554   -0.171553   -0.171552   -0.171552   -0.171551   -0.171550   -0.171550   -0.171549   -0.152876   -0.152876   -0.152875   -0.152874   -0.152873   -0.152873   -0.152872   -0.123171   -0.123160   -0.123149   -0.123138   -0.123082   -0.123026   -0.121687   -0.119582   -0.117045   -0.114488   -0.112030   -0.109675   -0.103693   -0.101802   -0.099973   -0.098202   -0.096493   -0.089723   -0.088555   -0.087699
   -0.171556   -0.171555   -0.171555   -0.171554   -0.171554   -0.171553   -0.171552   -0.171552   -0.171551   -0.171550   -0.152878   -0.152877   -0.152876   -0.152876   -0.152875   -0.152874   -0.152873   -0.123173   -0.123162   -0.123150   -0.123139   -0.123084   -0.123028   -0.121689   -0.119584   -0.117047   -0.114490   -0.112032   -0.109677   -0.103696   -0.101805   -0.099976   -0.098205   -0.096496   -0.089726   -0.088558   -0.087702
   -0.171557   -0.171557   -0.171556   -0.171556   -0.171555   -0.171554   -0.171554   -0.171553   -0.171552   -0.171552   -0.152879   -0.152879   -0.152878   -0.152877   -0.152876   -0.152876   -0.152875   -0.123175   -0.123164   -0.123152   -0.123141   -0.123086   -0.123030   -0.121691   -0.119586   -0.117050   -0.114493   -0.112034   -0.109680   -0.103699   -0.101808   -0.099979   -0.098209   -0.096500   -0.089730   -0.088563   -0.087707
   -0.171559   -0.171558   -0.171558   -0.171557   -0.171557   -0.171556   -0.171555   -0.171555   -0.171554   -0.171553   -0.152881   -0.152881   -0.152880   -0.152879   -0.152878   -0.152878   -0.152877   -0.123177   -0.123166   -0.123155   -0.123144   -0.123088   -0.123033   -0.121694   -0.119589   -0.117053   -0.114496   -0.112037   -0.109683   -0.103702   -0.101812   -0.099983   -0.098213   -0.096504   -0.089735   -0.088568   -0.087712
   -0.171561   -0.171560   -0.171560   -0.171559   -0.171559   -0.171558   -0.171557   -0.171557   -0.171556   -0.171555   -0.152883   -0.152883   -0.152882   -0.152881   -0.152880   -0.152880   -0.152879   -0.123180   -0.123169   -0.123158   -0.123147   -0.123091   -0.123036   -0.121697   -0.119592   -0.117056   -0.114499   -0.112041   -0.109687   -0.103706   -0.101816   -0.099988   -0.098217   -0.096509   -0.089741   -0.088573   -0.087718
   -0.171563   -0.171563   -0.171562   -0.171562   -0.171561   -0.171560   -0.171560   -0.171559   -0.171558   -0.171558   -0.152886   -0.152885   -0.152885   -0.152884   -0.152883   -0.152882   -0.152882   -0.123183   -0.123172   -0.123161   -0.123150   -0.123094   -0.123039   -0.121700   -0.119595   -0.117059   -0.114503   -0.112045   -0.109691   -0.103711   -0.101821   -0.099993   -0.098223   -0.096515   -0.089747   -0.088580   -0.087725
   -0.171565   -0.171565   -0.171565   -0.171564   -0.171563   -0.171563   -0.171562   -0.171561   -0.171561   -0.171560   -0.152889   -0.152888   -0.152887   -0.152887   -0.152886   -0.152885   -0.152884   -0.123186   -0.123175   -0.123164   -0.123153   -0.123098   -0.123043   -0.121704   -0.119599   -0.117064   -0.114507   -0.112050   -0.109696   -0.103716   -0.101826   -0.099998   -0.098229   -0.096521   -0.089754   -0.088587   -0.087733
   -0.171568   -0.171568   -0.171568   -0.171567   -0.171566   -0.171566   -0.171565   -0.171564   -0.171564   -0.171563   -0.152892   -0.152891   -0.152891   -0.152890   -0.152889   -0.152888   -0.152888   -0.123191   -0.123180   -0.123168   -0.123157   -0.123102   -0.123047   -0.121708   -0.119604   -0.117068   -0.114512   -0.112055   -0.109701   -0.103722   -0.101833   -0.100005   -0.098236   -0.096528   -0.089762   -0.088595   -0.087741
   -0.171572   -0.171571   -0.171571   -0.171570   -0.171570   -0.171569   -0.171568   -0.171568   -0.171567   -0.171566   -0.152896   -0.152895   -0.152894   -0.152894   -0.152893   -0.152892   -0.152891   -0.123195   -0.123184   -0.123173   -0.123162   -0.123107   -0.123051   -0.121713   -0.119609   -0.117074   -0.114518   -0.112061   -0.109708   -0.103729   -0.101840   -0.100012   -0.098243   -0.096536   -0.089771   -0.088605   -0.087751
   -0.171575   -0.171575   -0.171575   -0.171574   -0.171573   -0.171573   -0.171572   -0.171571   -0.171571   -0.171570   -0.152900   -0.152899   -0.152899   -0.152898   -0.152897   -0.152896   -0.152896   -0.123200   -0.123189   -0.123178   -0.123167   -0.123112   -0.123057   -0.121719   -0.119615   -0.117080   -0.114524   -0.112067   -0.109715   -0.103736   -0.101847   -0.100021   -0.098252   -0.096545   -0.089781   -0.088615   -0.087762
   -0.171579   -0.171579   -0.171579   -0.171578   -0.171577   -0.171577   -0.171576   -0.171576   -0.171575   -0.171574   -0.152905   -0.152904   -0.152903   -0.152902   -0.152902   -0.152901   -0.152900   -0.123206   -0.123195   -0.123184   -0.123173   -0.123118   -0.123063   -0.121725   -0.119621   -0.117087   -0.114531   -0.112075   -0.109722   -0.103745   -0.101856   -0.100030   -0.098262   -0.096555   -0.089792   -0.088627   -0.087774
   -0.171584   -0.171584   -0.171583   -0.171583   -0.171582   -0.171581   -0.171581   -0.171580   -0.171579   -0.171579   -0.152910   -0.152909   -0.152908   -0.152908   -0.152907   -0.152906   -0.152906   -0.123213   -0.123202   -0.123191   -0.123180   -0.123125   -0.123070   -0.121732   -0.119628   -0.117094   -0.114539   -0.112083   -0.109731   -0.103754   -0.101866   -0.100040   -0.098272   -0.096567   -0.089804   -0.088640   -0.087787
   -0.171589   -0.171589   -0.171588   -0.171588   -0.171587   -0.171587   -0.171586   -0.171585   -0.171585   -0.171584   -0.152916   -0.152915   -0.152914   -0.152913   -0.152913   -0.152912   -0.152911   -0.123220   -0.123209   -0.123198   -0.123187   -0.123132   -0.123077   -0.121740   -0.119636   -0.117103   -0.114548   -0.112092   -0.109741   -0.103765   -0.101877   -0.100052   -0.098284   -0.096579   -0.089818   -0.088654   -0.087802
   -0.171595   -0.171595   -0.171594   -0.171594   -0.171593   -0.171592   -0.171592   -0.171591   -0.171590   -0.171590   -0.152922   -0.152921   -0.152921   -0.152920   -0.152919   -0.152919   -0.152918   -0.123228   -0.123217   -0.123206   -0.123195   -0.123140   -0.123085   -0.121748   -0.119645   -0.117112   -0.114558   -0.112103   -0.109751   -0.103776   -0.101889   -0.100064   -0.098298   -0.096593   -0.089834   -0.088670   -0.087819
   -0.171601   -0.171601   -0.171601   -0.171600   -0.171599   -0.171599   -0.171598   -0.171597   -0.171597   -0.171596   -0.152929   -0.152929   -0.152928   -0.152927   -0.152926   -0.152926   -0.152925   -0.123237   -0.123226   -0.123215   -0.123204   -0.123149   -0.123095   -0.121758   -0.119655   -0.117122   -0.114569   -0.112114   -0.109763   -0.103789   -0.101903   -0.100078   -0.098312   -0.096608   -0.089851   -0.088688   -0.087837
   -0.171608   -0.171608   -0.171608   -0.171607   -0.171606   -0.171606   -0.171605   -0.171605   -0.171604   -0.171603   -0.152937   -0.152937   -0.152936   -0.152935   -0.152935   -0.152934   -0.152933   -0.123247   -0.123236   -0.123225   -0.123214   -0.123160   -0.123105   -0.121769   -0.119666   -0.117134   -0.114581   -0.112127   -0.109777   -0.103804   -0.101918   -0.100094   -0.098329   -0.096625   -0.089869   -0.088708   -0.087858
   -0.171616   -0.171616   -0.171615   -0.171615   -0.171614   -0.171614   -0.171613   -0.171612   -0.171612   -0.171611   -0.152946   -0.152945   -0.152945   -0.152944   -0.152943   -0.152943   -0.152942   -0.123258   -0.123247   -0.123236   -0.123225   -0.123171   -0.123116   -0.121780   -0.119679   -0.117147   -0.114594   -0.112141   -0.109791   -0.103819   -0.101934   -0.100111   -0.098347   -0.096644   -0.089890   -0.088729   -0.087880
   -0.171625   -0.171624   -0.171624   -0.171623   -0.171623   -0.171622   -0.171622   -0.171621   -0.171620   -0.171620   -0.152956   -0.152955   -0.152954   -0.152954   -0.152953   -0.152952   -0.152952   -0.123270   -0.123259   -0.123248   -0.123238   -0.123183   -0.123129   -0.121793   -0.119692   -0.117161   -0.114609   -0.112156   -0.109807   -0.103837   -0.101952   -0.100130   -0.098366   -0.096665   -0.089913   -0.088753   -0.087905
   -0.171634   -0.171634   -0.171634   -0.171633   -0.171632   -0.171632   -0.171631   -0.171631   -0.171630   -0.171629   -0.152967   -0.152966   -0.152965   -0.152965   -0.152964   -0.152963   -0.152963   -0.123283   -0.123273   -0.123262   -0.123251   -0.123197   -0.123142   -0.121807   -0.119707   -0.117176   -0.114625   -0.112173   -0.109825   -0.103856   -0.101972   -0.100151   -0.098388   -0.096688   -0.089938   -0.088779   -0.087932
   -0.171645   -0.171644   -0.171644   -0.171643   -0.171643   -0.171642   -0.171642   -0.171641   -0.171641   -0.171640   -0.152978   -0.152978   -0.152977   -0.152976   -0.152976   -0.152975   -0.152974   -0.123298   -0.123287   -0.123277   -0.123266   -0.123212   -0.123158   -0.121823   -0.119723   -0.117193   -0.114643   -0.112192   -0.109844   -0.103877   -0.101994   -0.100174   -0.098412   -0.096713   -0.089966   -0.088808   -0.087962
   -0.171656   -0.171656   -0.171656   -0.171655   -0.171654   -0.171654   -0.171653   -0.171653   -0.171652   -0.171652   -0.152991   -0.152991   -0.152990   -0.152989   -0.152989   -0.152988   -0.152988   -0.123314   -0.123304   -0.123293   -0.123282   -0.123228   -0.123174   -0.121840   -0.119741   -0.117212   -0.114662   -0.112212   -0.109866   -0.103900   -0.102018   -0.100199   -0.098439   -0.096740   -0.089996   -0.088839   -0.087994
   -0.171669   -0.171668   -0.171668   -0.171668   -0.171667   -0.171666   -0.171666   -0.171665   -0.171665   -0.171664   -0.153006   -0.153005   -0.153004   -0.153004   -0.153003   -0.153003   -0.153002   -0.123332   -0.123322   -0.123311   -0.123300   -0.123246   -0.123193   -0.121859   -0.119761   -0.117232   -0.114684   -0.112234   -0.109889   -0.103925   -0.102045   -0.100227   -0.098467   -0.096770   -0.090029   -0.088874   -0.088030
   -0.171683   -0.171682   -0.171682   -0.171681   -0.171681   -0.171680   -0.171680   -0.171679   -0.171679   -0.171678   -0.153021   -0.153021   -0.153020   -0.153019   -0.153019   -0.153018   -0.153018   -0.123352   -0.123341   -0.123330   -0.123320   -0.123266   -0.123213   -0.121880   -0.119782   -0.117255   -0.114707   -0.112259   -0.109915   -0.103953   -0.102074   -0.100257   -0.098498   -0.096802   -0.090065   -0.088910   -0.088068
   -0.171697   -0.171697   -0.171697   -0.171696   -0.171696   -0.171695   -0.171695   -0.171694   -0.171694   -0.171693   -0.153038   -0.153038   -0.153037   -0.153036   -0.153036   -0.153035   -0.153035   -0.123373   -0.123362   -0.123352   -0.123341   -0.123288   -0.123234   -0.121902   -0.119805   -0.117279   -0.114732   -0.112285   -0.109942   -0.103983   -0.102105   -0.100289   -0.098532   -0.096837   -0.090103   -0.088951   -0.088110
   -0.171714   -0.171713   -0.171713   -0.171713   -0.171712   -0.171712   -0.171711   -0.171711   -0.171710   -0.171710   -0.153056   -0.153056   -0.153055   -0.153055   -0.153054   -0.153054   -0.153053   -0.123396   -0.123385   -0.123375   -0.123364   -0.123311   -0.123258   -0.121926   -0.119830   -0.117305   -0.114760   -0.112314   -0.109972   -0.104015   -0.102138   -0.100324   -0.098568   -0.096875   -0.090145   -0.088994   -0.088154
   -0.171731   -0.171731   -0.171731   -0.171730   -0.171730   -0.171729   -0.171729   -0.171728   -0.171728   -0.171727   -0.153076   -0.153076   -0.153075   -0.153075   -0.153074   -0.153074   -0.153073   -0.123420   -0.123410   -0.123399   -0.123389   -0.123336   -0.123283   -0.121953   -0.119858   -0.117334   -0.114789   -0.112345   -0.110004   -0.104050   -0.102174   -0.100361   -0.098607   -0.096916   -0.090190   -0.089040   -0.088202
   -0.171750   -0.171750   -0.171750   -0.171749   -0.171749   -0.171748   -0.171748   -0.171747   -0.171747   -0.171746   -0.153098   -0.153097   -0.153097   -0.153096   -0.153096   -0.153095   -0.153094   -0.123447   -0.123437   -0.123426   -0.123416   -0.123363   -0.123311   -0.121981   -0.119887   -0.117364   -0.114821   -0.112378   -0.110038   -0.104087   -0.102213   -0.100401   -0.098649   -0.096959   -0.090237   -0.089089   -0.088253
   -0.171770   -0.171770   -0.171770   -0.171769   -0.171769   -0.171768   -0.171768   -0.171767   -0.171767   -0.171767   -0.153120   -0.153120   -0.153119   -0.153119   -0.153118   -0.153118   -0.153117   -0.123475   -0.123465   -0.123455   -0.123444   -0.123392   -0.123340   -0.122011   -0.119918   -0.117396   -0.114855   -0.112413   -0.110075   -0.104126   -0.102254   -0.100444   -0.098693   -0.097005   -0.090288   -0.089142   -0.088307
   -0.171792   -0.171792   -0.171791   -0.171791   -0.171790   -0.171790   -0.171790   -0.171789   -0.171789   -0.171788   -0.153145   -0.153144   -0.153144   -0.153143   -0.153143   -0.153142   -0.153142   -0.123506   -0.123495   -0.123485   -0.123475   -0.123423   -0.123371   -0.122043   -0.119951   -0.117431   -0.114891   -0.112450   -0.110114   -0.104168   -0.102297   -0.100489   -0.098740   -0.097054   -0.090341   -0.089197   -0.088364
   -0.171814   -0.171814   -0.171814   -0.171814   -0.171813   -0.171813   -0.171812   -0.171812   -0.171811   -0.171811   -0.153170   -0.153170   -0.153169   -0.153169   -0.153168   -0.153168   -0.153167   -0.123538   -0.123527   -0.123517   -0.123507   -0.123455   -0.123403   -0.122076   -0.119986   -0.117467   -0.114928   -0.112489   -0.110155   -0.104212   -0.102343   -0.100537   -0.098789   -0.097105   -0.090397   -0.089254   -0.088423
   -0.171838   -0.171838   -0.171838   -0.171837   -0.171837   -0.171837   -0.171836   -0.171836   -0.171835   -0.171835   -0.153197   -0.153197   -0.153196   -0.153196   -0.153195   -0.153195   -0.153194   -0.123571   -0.123561   -0.123551   -0.123540   -0.123489   -0.123438   -0.122112   -0.120022   -0.117505   -0.114968   -0.112530   -0.110197   -0.104258   -0.102391   -0.100586   -0.098841   -0.097158   -0.090455   -0.089315   -0.088485
   -0.171863   -0.171863   -0.171863   -0.171862   -0.171862   -0.171862   -0.171861   -0.171861   -0.171860   -0.171860   -0.153225   -0.153225   -0.153224   -0.153224   -0.153224   -0.153223   -0.153223   -0.123606   -0.123596   -0.123586   -0.123575   -0.123524   -0.123473   -0.122148   -0.120060   -0.117544   -0.115009   -0.112573   -0.110242   -0.104306   -0.102440   -0.100638   -0.098894   -0.097213   -0.090515   -0.089377   -0.088549
   -0.171889   -0.171889   -0.171889   -0.171888   -0.171888   -0.171887   -0.171887   -0.171887   -0.171886   -0.171886   -0.153254   -0.153254   -0.153254   -0.153253   -0.153253   -0.153252   -0.153252   -0.123642   -0.123632   -0.123622   -0.123612   -0.123561   -0.123511   -0.122187   -0.120100   -0.117585   -0.115052   -0.112617   -0.110288   -0.104355   -0.102491   -0.100691   -0.098949   -0.097270   -0.090577   -0.089441   -0.088615
   -0.171915   -0.171915   -0.171915   -0.171915   -0.171914   -0.171914   -0.171914   -0.171913   -0.171913   -0.171913   -0.153284   -0.153284   -0.153284   -0.153283   -0.153283   -0.153282   -0.153282   -0.123680   -0.123670   -0.123660   -0.123650   -0.123599   -0.123549   -0.122226   -0.120140   -0.117628   -0.115095   -0.112663   -0.110335   -0.104406   -0.102544   -0.100745   -0.099005   -0.097328   -0.090641   -0.089506   -0.088682
   -0.171943   -0.171943   -0.171942   -0.171942   -0.171942   -0.171941   -0.171941   -0.171941   -0.171940   -0.171940   -0.153315   -0.153315   -0.153314   -0.153314   -0.153314   -0.153313   -0.153313   -0.123718   -0.123708   -0.123698   -0.123688   -0.123638   -0.123588   -0.122266   -0.120182   -0.117670   -0.115140   -0.112709   -0.110383   -0.104457   -0.102597   -0.100800   -0.099062   -0.097387   -0.090705   -0.089572   -0.088750
   -0.171970   -0.171970   -0.171970   -0.171970   -0.171969   -0.171969   -0.171969   -0.171968   -0.171968   -0.171968   -0.153346   -0.153346   -0.153346   -0.153345   -0.153345   -0.153345   -0.153344   -0.123757   -0.123747   -0.123737   -0.123727   -0.123677   -0.123627   -0.122306   -0.120224   -0.117714   -0.115185   -0.112756   -0.110432   -0.104510   -0.102651   -0.100856   -0.099120   -0.097447   -0.090770   -0.089639   -0.088818
   -0.171998   -0.171998   -0.171998   -0.171998   -0.171997   -0.171997   -0.171997   -0.171997   -0.171996   -0.171996   -0.153378   -0.153377   -0.153377   -0.153377   -0.153376   -0.153376   -0.153376   -0.123796   -0.123786   -0.123776   -0.123766   -0.123717   -0.123667   -0.122347   -0.120266   -0.117758   -0.115231   -0.112803   -0.110481   -0.104562   -0.102705   -0.100912   -0.099178   -0.097507   -0.090836   -0.089706   -0.088887
   -0.172026   -0.172026   -0.172026   -0.172026   -0.172025   -0.172025   -0.172025   -0.172025   -0.172024   -0.172024   -0.153409   -0.153409   -0.153409   -0.153408   -0.153408   -0.153408   -0.153408   -0.123835   -0.123825   -0.123816   -0.123806   -0.123757   -0.123707   -0.122389   -0.120309   -0.117802   -0.115276   -0.112850   -0.110530   -0.104615   -0.102760   -0.100968   -0.099235   -0.097566   -0.090900   -0.089773   -0.088956
   -0.172054   -0.172054   -0.172054   -0.172054   -0.172053   -0.172053   -0.172053   -0.172053   -0.172052   -0.172052   -0.153441   -0.153441   -0.153440   -0.153440   -0.153440   -0.153439   -0.153439   -0.123874   -0.123865   -0.123855   -0.123845   -0.123796   -0.123747   -0.122429   -0.120351   -0.117846   -0.115321   -0.112897   -0.110578   -0.104667   -0.102813   -0.101023   -0.099293   -0.097626   -0.090965   -0.089839   -0.089023
   -0.172082   -0.172082   -0.172082   -0.172081   -0.172081   -0.172081   -0.172081   -0.172080   -0.172080   -0.172080   -0.153472   -0.153472   -0.153472   -0.153471   -0.153471   -0.153471   -0.153471   -0.123913   -0.123903   -0.123894   -0.123884   -0.123835   -0.123787   -0.122470   -0.120393   -0.117889   -0.115366   -0.112944   -0.110626   -0.104718   -0.102867   -0.101078   -0.099350   -0.097684   -0.091029   -0.089905   -0.089090
   -0.172109   -0.172109   -0.172109   -0.172109   -0.172109   -0.172108   -0.172108   -0.172108   -0.172108   -0.172108   -0.153503   -0.153503   -0.153502   -0.153502   -0.153502   -0.153502   -0.153501   -0.123952   -0.123942   -0.123932   -0.123923   -0.123874   -0.123826   -0.122510   -0.120434   -0.117932   -0.115411   -0.112990   -0.110674   -0.104769   -0.102919   -0.101132   -0.099405   -0.097741   -0.091091   -0.089969   -0.089156
   -0.172136   -0.172136   -0.172136   -0.172135   -0.172135   -0.172135   -0.172135   -0.172135   -0.172135   -0.172134   -0.153533   -0.153533   -0.153532   -0.153532   -0.153532   -0.153532   -0.153532   -0.123989   -0.123979   -0.123970   -0.123960   -0.123912   -0.123864   -0.122549   -0.120474   -0.117973   -0.115454   -0.113034   -0.110720   -0.104819   -0.102970   -0.101185   -0.099459   -0.097797   -0.091152   -0.090031   -0.089219
   -0.172162   -0.172162   -0.172162   -0.172161   -0.172161   -0.172161   -0.172161   -0.172161   -0.172161   -0.172160   -0.153562   -0.153562   -0.153562   -0.153562   -0.153561   -0.153561   -0.153561   -0.124025   -0.124016   -0.124006   -0.123997   -0.123949   -0.123901   -0.122587   -0.120513   -0.118014   -0.115496   -0.113078   -0.110765   -0.104867   -0.103020   -0.101236   -0.099512   -0.097852   -0.091211   -0.090092   -0.089281
   -0.172187   -0.172187   -0.172187   -0.172187   -0.172187   -0.172186   -0.172186   -0.172186   -0.172186   -0.172186   -0.153591   -0.153590   -0.153590   -0.153590   -0.153590   -0.153590   -0.153590   -0.124061   -0.124051   -0.124042   -0.124032   -0.123985   -0.123937   -0.122624   -0.120551   -0.118053   -0.115536   -0.113120   -0.110808   -0.104913   -0.103068   -0.101285   -0.099563   -0.097904   -0.091268   -0.090150   -0.089341
   -0.172211   -0.172211   -0.172211   -0.172211   -0.172211   -0.172211   -0.172210   -0.172210   -0.172210   -0.172210   -0.153618   -0.153618   -0.153618   -0.153617   -0.153617   -0.153617   -0.153617   -0.124094   -0.124085   -0.124076   -0.124066   -0.124019   -0.123972   -0.122659   -0.120588   -0.118091   -0.115575   -0.113160   -0.110850   -0.104958   -0.103114   -0.101333   -0.099612   -0.097954   -0.091323   -0.090206   -0.089398
   -0.172234   -0.172234   -0.172234   -0.172234   -0.172234   -0.172234   -0.172234   -0.172234   -0.172234   -0.172233   -0.153644   -0.153644   -0.153644   -0.153644   -0.153644   -0.153643   -0.153643   -0.124127   -0.124118   -0.124108   -0.124099   -0.124052   -0.124005   -0.122693   -0.120622   -0.118127   -0.115613   -0.113199   -0.110890   -0.105000   -0.103158   -0.101378   -0.099659   -0.098003   -0.091375   -0.090260   -0.089453
   -0.172256   -0.172256   -0.172256   -0.172256   -0.172256   -0.172256   -0.172256   -0.172256   -0.172256   -0.172256   -0.153669   -0.153669   -0.153669   -0.153669   -0.153668   -0.153668   -0.153668   -0.124158   -0.124149   -0.124139   -0.124130   -0.124083   -0.124036   -0.122725   -0.120656   -0.118161   -0.115648   -0.113235   -0.110928   -0.105041   -0.103199   -0.101421   -0.099703   -0.098048   -0.091424   -0.090311   -0.089505
   -0.172277   -0.172277   -0.172277   -0.172277   -0.172277   -0.172277   -0.172277   -0.172277   -0.172277   -0.172277   -0.153692   -0.153692   -0.153692   -0.153692   -0.153692   -0.153692   -0.153692   -0.124187   -0.124178   -0.124168   -0.124159   -0.124112   -0.124066   -0.122756   -0.120687   -0.118193   -0.115682   -0.113270   -0.110964   -0.105079   -0.103239   -0.101462   -0.099745   -0.098091   -0.091471   -0.090358   -0.089554
   -0.172297   -0.172297   -0.172297   -0.172297   -0.172297   -0.172297   -0.172296   -0.172296   -0.172296   -0.172296   -0.153714   -0.153714   -0.153714   -0.153714   -0.153714   -0.153714   -0.153714   -0.124215   -0.124205   -0.124196   -0.124187   -0.124140   -0.124094   -0.122784   -0.120716   -0.118224   -0.115713   -0.113302   -0.110997   -0.105115   -0.103276   -0.101500   -0.099784   -0.098132   -0.091515   -0.090403   -0.089600
   -0.172315   -0.172315   -0.172315   -0.172315   -0.172315   -0.172315   -0.172315   -0.172315   -0.172315   -0.172315   -0.153735   -0.153735   -0.153735   -0.153735   -0.153735   -0.153735   -0.153735   -0.124240   -0.124231   -0.124221   -0.124212   -0.124166   -0.124120   -0.122811   -0.120744   -0.118252   -0.115742   -0.113333   -0.111028   -0.105148   -0.103310   -0.101535   -0.099820   -0.098169   -0.091555   -0.090445   -0.089642
   -0.172332   -0.172332   -0.172332   -0.172332   -0.172332   -0.172332   -0.172332   -0.172332   -0.172331   -0.172331   -0.153754   -0.153754   -0.153754   -0.153754   -0.153754   -0.153754   -0.153754   -0.124263   -0.124254   -0.124245   -0.124236   -0.124190   -0.124143   -0.122835   -0.120769   -0.118278   -0.115769   -0.113360   -0.111057   -0.105179   -0.103342   -0.101568   -0.099854   -0.098204   -0.091593   -0.090483   -0.089681
   -0.172347   -0.172347   -0.172347   -0.172347   -0.172347   -0.172347   -0.172347   -0.172347   -0.172347   -0.172347   -0.153771   -0.153771   -0.153771   -0.153771   -0.153771   -0.153771   -0.153771   -0.124285   -0.124276   -0.124267   -0.124257   -0.124211   -0.124165   -0.122857   -0.120792   -0.118302   -0.115794   -0.113386   -0.111083   -0.105207   -0.103371   -0.101598   -0.099885   -0.098235   -0.091627   -0.090518   -0.089717
   -0.172361   -0.172361   -0.172361   -0.172361   -0.172361   -0.172361   -0.172361   -0.172361   -0.172361   -0.172361   -0.153787   -0.153787   -0.153787   -0.153787   -0.153787   -0.153787   -0.153786   -0.124304   -0.124295   -0.124286   -0.124277   -0.124231   -0.124185   -0.122877   -0.120812   -0.118323   -0.115816   -0.113409   -0.111107   -0.105232   -0.103397   -0.101624   -0.099912   -0.098263   -0.091658   -0.090550   -0.089749
   -0.172373   -0.172373   -0.172373   -0.172373   -0.172373   -0.172373   -0.172373   -0.172373   -0.172373   -0.172373   -0.153801   -0.153800   -0.153800   -0.153800   -0.153800   -0.153800   -0.153800   -0.124321   -0.124312   -0.124303   -0.124294   -0.124248   -0.124202   -0.122895   -0.120831   -0.118342   -0.115835   -0.113429   -0.111128   -0.105255   -0.103420   -0.101648   -0.099937   -0.098289   -0.091685   -0.090578   -0.089777
   -0.172384   -0.172384   -0.172384   -0.172384   -0.172384   -0.172384   -0.172384   -0.172384   -0.172384   -0.172384   -0.153813   -0.153812   -0.153812   -0.153812   -0.153812   -0.153812   -0.153812   -0.124336   -0.124327   -0.124318   -0.124309   -0.124263   -0.124217   -0.122911   -0.120847   -0.118359   -0.115852   -0.113447   -0.111146   -0.105274   -0.103440   -0.101669   -0.099958   -0.098310   -0.091709   -0.090602   -0.089802
   -0.172393   -0.172393   -0.172393   -0.172393   -0.172393   -0.172393   -0.172393   -0.172393   -0.172393   -0.172393   -0.153823   -0.153823   -0.153823   -0.153823   -0.153823   -0.153823   -0.153823   -0.124349   -0.124340   -0.124331   -0.124322   -0.124276   -0.124230   -0.122924   -0.120860   -0.118373   -0.115867   -0.113462   -0.111162   -0.105291   -0.103457   -0.101686   -0.099976   -0.098329   -0.091729   -0.090622   -0.089823
   -0.172400   -0.172400   -0.172400   -0.172400   -0.172400   -0.172400   -0.172400   -0.172400   -0.172400   -0.172400   -0.153831   -0.153831   -0.153831   -0.153831   -0.153831   -0.153831   -0.153831   -0.124359   -0.124350   -0.124341   -0.124332   -0.124287   -0.124241   -0.122935   -0.120871   -0.118384   -0.115879   -0.113474   -0.111174   -0.105305   -0.103471   -0.101701   -0.099991   -0.098344   -0.091745   -0.090639   -0.089841
   -0.172406   -0.172406   -0.172406   -0.172406   -0.172406   -0.172406   -0.172406   -0.172406   -0.172406   -0.172406   -0.153838   -0.153838   -0.153838   -0.153838   -0.153838   -0.153838   -0.153838   -0.124368   -0.124359   -0.124349   -0.124340   -0.124295   -0.124249   -0.122943   -0.120880   -0.118393   -0.115888   -0.113484   -0.111184   -0.105315   -0.103482   -0.101712   -0.100002   -0.098356   -0.091758   -0.090653   -0.089854
   -0.172410   -0.172410   -0.172410   -0.172410   -0.172410   -0.172410   -0.172410   -0.172410   -0.172410   -0.172410   -0.153842   -0.153842   -0.153842   -0.153842   -0.153842   -0.153842   -0.153842   -0.124373   -0.124364   -0.124355   -0.124346   -0.124301   -0.124255   -0.122949   -0.120886   -0.118400   -0.115895   -0.113491   -0.111191   -0.105323   -0.103490   -0.101720   -0.100011   -0.098365   -0.091768   -0.090662   -0.089864
   -0.172413   -0.172413   -0.172413   -0.172413   -0.172413   -0.172413   -0.172413   -0.172413   -0.172413   -0.172413   -0.153845   -0.153845   -0.153845   -0.153845   -0.153845   -0.153845   -0.153845   -0.124377   -0.124368   -0.124359   -0.124350   -0.124304   -0.124259   -0.122953   -0.120890   -0.118403   -0.115899   -0.113495   -0.111196   -0.105327   -0.103494   -0.101725   -0.100016   -0.098370   -0.091773   -0.090668   -0.089869
   -0.172414   -0.172414   -0.172414   -0.172414   -0.172414   -0.172414   -0.172414   -0.172414   -0.172414   -0.172414   -0.153846   -0.153846   -0.153846   -0.153846   -0.153846   -0.153846   -0.153846   -0.124378   -0.124369   -0.124360   -0.124351   -0.124305   -0.124260   -0.122954   -0.120891   -0.118405   -0.115900   -0.113496   -0.111197   -0.105329   -0.103496   -0.101727   -0.100017   -0.098371   -0.091775   -0.090670   -0.089871
#
# iasp91 travel-time table for PKPdf
#
