#
# iasp91 travel-time table for P'P'ab
#
# number of distance and depth samples
70 37
# delta samples
6.500 7.000 7.500 8.000 8.500 9.000 10.000 11.000 12.000 13.000 14.000 15.000 16.000 17.000 18.000 19.000 20.000 21.000 22.000 23.000 24.000 25.000 26.000 27.000 28.000 
29.000 30.000 31.000 32.000 33.000 34.000 35.000 36.000 37.000 38.000 39.000 40.000 41.000 42.000 43.000 44.000 45.000 46.000 47.000 48.000 49.000 50.000 51.000 52.000 53.000 
54.000 55.000 56.000 57.000 58.000 59.000 60.000 61.000 62.000 63.000 64.000 65.000 66.000 67.000 68.000 69.000 70.000 71.000 72.000 73.000 
# depth samples
    0.000000    1.000000    2.500000    5.000000    7.500000   10.000000   12.500000   15.000000   17.500000   19.900000   20.000000   22.500000   25.000000   27.500000   30.000000   32.500000   34.900000   35.000000   40.000000   45.000000   50.000000   75.000000  100.000000  150.000000  200.000000  250.000000  300.000000  350.000000  400.000000  450.000000  500.000000  550.000000  600.000000  650.000000  700.000000  750.000000  800.000000
#
# travel times (rows - delta, columns - depth)
#
 2628.450195 2628.282471 2628.031006 2627.611572 2627.192383 2626.773193 2626.353760 2625.934570 2625.515381 2625.112793 2625.095947 2624.724609 2624.353271 2623.981934 2623.610596 2623.239258 2622.882812 2622.868164 2622.279541 2621.691162 2621.102783 2618.162354 -999.000000 -999.000000 -999.000000 -999.000000 -999.000000 -999.000000 -999.000000 -999.000000 -999.000000 -999.000000 -999.000000 -999.000000 -999.000000 -999.000000 -999.000000
 2626.230713 2626.062988 2625.811523 2625.392090 2624.972900 2624.553711 2624.134277 2623.715088 2623.295898 2622.893311 2622.876465 2622.505127 2622.133789 2621.762451 2621.391113 2621.020020 2620.663574 2620.648682 2620.060059 2619.471680 2618.883301 2615.942871 2613.005371 2607.157715 2601.417725 -999.000000 -999.000000 -999.000000 -999.000000 -999.000000 -999.000000 -999.000000 -999.000000 -999.000000 -999.000000 -999.000000 -999.000000
 2624.011475 2623.843750 2623.592041 2623.172852 2622.753418 2622.334229 2621.914795 2621.495605 2621.076416 2620.673828 2620.657227 2620.285889 2619.914307 2619.543213 2619.171875 2618.800537 2618.444092 2618.429199 2617.840576 2617.252197 2616.663818 2613.723633 2610.785889 2604.938232 2599.198242 2593.583008 2588.110107 2582.775146 -999.000000 -999.000000 -999.000000 -999.000000 -999.000000 -999.000000 -999.000000 -999.000000 -999.000000
 2621.791992 2621.624268 2621.372559 2620.953369 2620.534180 2620.114746 2619.695557 2619.276123 2618.856934 2618.454590 2618.437744 2618.066406 2617.695068 2617.323730 2616.952393 2616.581055 2616.224609 2616.209717 2615.621094 2615.032715 2614.444336 2611.504150 2608.566406 2602.718750 2596.978760 2591.363525 2585.890625 2580.555664 2575.354492 2570.447754 -999.000000 -999.000000 -999.000000 -999.000000 -999.000000 -999.000000 -999.000000
 2619.572510 2619.404785 2619.153320 2618.733887 2618.314697 2617.895508 2617.476074 2617.056885 2616.637695 2616.235107 2616.218262 2615.846924 2615.475586 2615.104248 2614.732910 2614.361572 2614.005127 2613.990479 2613.401855 2612.813477 2612.225098 2609.284668 2606.347168 2600.499512 2594.759521 2589.144043 2583.671143 2578.336182 2573.135010 2568.228271 2563.474365 2558.827881 2554.286377 -999.000000 -999.000000 -999.000000 -999.000000
 2617.353271 2617.185547 2616.934082 2616.514648 2616.095459 2615.676025 2615.256836 2614.837646 2614.418213 2614.015869 2613.999023 2613.627686 2613.256348 2612.885010 2612.513672 2612.142334 2611.785889 2611.771240 2611.182617 2610.593994 2610.005615 2607.065430 2604.127686 2598.280029 2592.540039 2586.924805 2581.451660 2576.116943 2570.915771 2566.008789 2561.254883 2556.608398 2552.066895 2547.628174 -999.000000 -999.000000 -999.000000
 2612.915039 2612.747314 2612.495605 2612.076416 2611.656982 2611.237793 2610.818359 2610.399170 2609.979980 2609.577393 2609.560547 2609.189209 2608.817871 2608.446533 2608.075195 2607.703857 2607.347412 2607.332764 2606.744141 2606.155518 2605.567139 2602.626953 2599.689209 2593.841553 2588.101562 2582.486084 2577.013184 2571.678223 2566.477051 2561.570068 2556.815918 2552.169434 2547.627930 2543.189453 2539.086914 2535.120850 2531.222900
 2608.476807 2608.309082 2608.057617 2607.638184 2607.218994 2606.799561 2606.380371 2605.961182 2605.541748 2605.139404 2605.122559 2604.751221 2604.379883 2604.008545 2603.637207 2603.265869 2602.909424 2602.894775 2602.306152 2601.717529 2601.129150 2598.188965 2595.251221 2589.403320 2583.663330 2578.047852 2572.574707 2567.239746 2562.038574 2557.131592 2552.377441 2547.730713 2543.189209 2538.750488 2534.648193 2530.682129 2526.784180
 2604.039307 2603.871582 2603.620117 2603.200684 2602.781494 2602.362061 2601.942871 2601.523682 2601.104248 2600.701904 2600.685059 2600.313721 2599.942383 2599.571045 2599.199707 2598.828369 2598.471924 2598.457031 2597.868408 2597.280029 2596.691650 2593.751221 2590.813477 2584.965576 2579.225342 2573.609863 2568.136719 2562.801758 2557.600342 2552.693359 2547.939209 2543.292480 2538.750732 2534.312012 2530.209473 2526.243408 2522.345215
 2599.602539 2599.434814 2599.183105 2598.763916 2598.344482 2597.925293 2597.505859 2597.086670 2596.667236 2596.264893 2596.248047 2595.876709 2595.505371 2595.134033 2594.762695 2594.391357 2594.034912 2594.020020 2593.431396 2592.843018 2592.254639 2589.314209 2586.376221 2580.528320 2574.788086 2569.172363 2563.699219 2558.364014 2553.162598 2548.255371 2543.501221 2538.854492 2534.312744 2529.873779 2525.771240 2521.804932 2517.906738
 2595.166260 2594.998535 2594.746826 2594.327637 2593.908203 2593.489014 2593.069580 2592.650391 2592.231201 2591.828613 2591.811768 2591.440430 2591.069092 2590.697754 2590.326416 2589.955078 2589.598633 2589.583740 2588.995117 2588.406738 2587.818359 2584.877686 2581.939941 2576.091797 2570.351318 2564.735596 2559.262207 2553.927002 2548.725342 2543.818115 2539.063721 2534.416992 2529.875000 2525.436035 2521.333252 2517.366943 2513.468750
 2590.730957 2590.563232 2590.311523 2589.892090 2589.472900 2589.053467 2588.634277 2588.215088 2587.795654 2587.393066 2587.376465 2587.005127 2586.633789 2586.262207 2585.890869 2585.519531 2585.163086 2585.148438 2584.559814 2583.971191 2583.382812 2580.442139 2577.504150 2571.656006 2565.915527 2560.299561 2554.826172 2549.490723 2544.289062 2539.381592 2534.626953 2529.979980 2525.437988 2520.998779 2516.895996 2512.929443 2509.031006
 2586.296387 2586.128662 2585.877197 2585.457764 2585.038330 2584.619141 2584.199707 2583.780518 2583.361328 2582.958740 2582.941895 2582.570557 2582.199219 2581.827881 2581.456543 2581.085205 2580.728760 2580.713867 2580.125244 2579.536621 2578.948242 2576.007568 2573.069580 2567.221191 2561.480469 2555.864502 2550.390869 2545.055176 2539.853271 2534.945801 2530.190918 2525.543701 2521.001465 2516.562256 2512.459229 2508.492432 2504.593750
 2581.863037 2581.695312 2581.443848 2581.024414 2580.604980 2580.185791 2579.766357 2579.347168 2578.927734 2578.525391 2578.508545 2578.137207 2577.765869 2577.394531 2577.022949 2576.651611 2576.295166 2576.280518 2575.691650 2575.103271 2574.514648 2571.573975 2568.635986 2562.787354 2557.046387 2551.430176 2545.956299 2540.620605 2535.418457 2530.510742 2525.755859 2521.108398 2516.565918 2512.126465 2508.023193 2504.056152 2500.157227
 2577.430908 2577.263184 2577.011475 2576.592285 2576.172852 2575.753662 2575.334229 2574.915039 2574.495605 2574.093018 2574.076416 2573.704834 2573.333496 2572.962158 2572.590820 2572.219482 2571.863037 2571.848145 2571.259521 2570.670898 2570.082520 2567.141602 2564.203369 2558.354736 2552.613525 2546.997070 2541.523193 2536.187012 2530.984863 2526.076904 2521.321533 2516.673828 2512.131348 2507.691650 2503.587891 2499.620850 2495.721680
 2573.000244 2572.832275 2572.580811 2572.161377 2571.742188 2571.322754 2570.903320 2570.484131 2570.064697 2569.662354 2569.645508 2569.274170 2568.902588 2568.531250 2568.159912 2567.788574 2567.432129 2567.417236 2566.828613 2566.239990 2565.651367 2562.710449 2559.772217 2553.923340 2548.181885 2542.565430 2537.091064 2531.754883 2526.552246 2521.644043 2516.888428 2512.240479 2507.697754 2503.257568 2499.153809 2495.186279 2491.286865
 2568.570801 2568.403076 2568.151367 2567.732178 2567.312744 2566.893311 2566.474121 2566.054688 2565.635498 2565.232910 2565.216064 2564.844727 2564.473389 2564.101807 2563.730469 2563.359131 2563.002686 2562.987793 2562.399170 2561.810547 2561.221924 2558.281006 2555.342529 2549.493164 2543.751709 2538.134766 2532.660156 2527.323730 2522.121094 2517.212402 2512.456787 2507.808350 2503.265137 2498.824951 2494.720703 2490.752930 2486.853027
 2564.143066 2563.975342 2563.723633 2563.304443 2562.885010 2562.465576 2562.046387 2561.626953 2561.207764 2560.805176 2560.788330 2560.416992 2560.045410 2559.674072 2559.302734 2558.931396 2558.574707 2558.560059 2557.971191 2557.382568 2556.793945 2553.852783 2550.914307 2545.064941 2539.322998 2533.705811 2528.230957 2522.894287 2517.691162 2512.782227 2508.026123 2503.377686 2498.834229 2494.393555 2490.288818 2486.320557 2482.420654
 2559.717285 2559.549561 2559.297852 2558.878418 2558.458984 2558.039795 2557.620361 2557.200928 2556.781738 2556.379150 2556.362305 2555.990967 2555.619385 2555.248047 2554.876709 2554.505371 2554.148682 2554.134033 2553.545166 2552.956543 2552.367920 2549.426514 2546.487793 2540.638184 2534.895996 2529.278564 2523.803467 2518.466309 2513.262939 2508.353760 2503.597168 2498.948242 2494.404541 2489.963379 2485.858398 2481.889893 2477.989258
 2555.293213 2555.125488 2554.873779 2554.454346 2554.034912 2553.615723 2553.196289 2552.776855 2552.357666 2551.955078 2551.938232 2551.566895 2551.195312 2550.823975 2550.452637 2550.081055 2549.724609 2549.709717 2549.120850 2548.532227 2547.943604 2545.002197 2542.063232 2536.213135 2530.470947 2524.853027 2519.377441 2514.040039 2508.836426 2503.926758 2499.169922 2494.520752 2489.976318 2485.534912 2481.429443 2477.460449 2473.559570
 2550.871338 2550.703613 2550.451904 2550.032471 2549.613037 2549.193604 2548.774414 2548.354980 2547.935547 2547.532959 2547.516357 2547.144775 2546.773438 2546.401855 2546.030518 2545.658936 2545.302490 2545.287598 2544.698730 2544.110107 2543.521484 2540.579834 2537.640869 2531.790283 2526.047607 2520.429443 2514.953613 2509.615967 2504.411621 2499.501709 2494.744629 2490.094727 2485.550049 2481.108154 2477.002197 2473.032715 2469.131104
 2546.451660 2546.283936 2546.032227 2545.612793 2545.193359 2544.773926 2544.354492 2543.935303 2543.515869 2543.113281 2543.096436 2542.725098 2542.353516 2541.982178 2541.610596 2541.239258 2540.882568 2540.867920 2540.278809 2539.690186 2539.101562 2536.159668 2533.220459 2527.369629 2521.626709 2516.008057 2510.531738 2505.193604 2499.989014 2495.078613 2490.321045 2485.670654 2481.125488 2476.683105 2472.576660 2468.606689 2464.704590
 2542.034424 2541.866699 2541.614990 2541.195557 2540.776123 2540.356689 2539.937256 2539.517822 2539.098389 2538.695801 2538.679199 2538.307617 2537.936035 2537.564697 2537.193115 2536.821777 2536.465088 2536.450439 2535.861328 2535.272705 2534.683838 2531.741943 2528.802490 2522.951416 2517.207764 2511.588867 2506.112305 2500.773682 2495.568604 2490.657715 2485.899658 2481.248779 2476.703125 2472.260254 2468.153320 2464.182617 2460.280029
 2537.619629 2537.451904 2537.200195 2536.780762 2536.361328 2535.941895 2535.522461 2535.103027 2534.683838 2534.281006 2534.264404 2533.892822 2533.521240 2533.149902 2532.778320 2532.406982 2532.050293 2532.035400 2531.446533 2530.857666 2530.269043 2527.326660 2524.387207 2518.535645 2512.791504 2507.172363 2501.695068 2496.355957 2491.150635 2486.239258 2481.480469 2476.829102 2472.282959 2467.839600 2463.731934 2459.760498 2455.857422
 2533.207764 2533.040039 2532.788330 2532.368896 2531.949463 2531.530029 2531.110596 2530.691162 2530.271729 2529.869141 2529.852295 2529.480713 2529.109375 2528.737793 2528.366211 2527.994873 2527.638184 2527.623535 2527.034424 2526.445557 2525.856689 2522.914307 2519.974365 2514.122314 2508.377930 2502.758301 2497.280518 2491.940918 2486.735107 2481.822998 2477.063721 2472.412109 2467.865234 2463.421143 2459.312744 2455.340820 2451.437012
 2528.798828 2528.631104 2528.379395 2527.959961 2527.540527 2527.121094 2526.701660 2526.282227 2525.862793 2525.459961 2525.443359 2525.071777 2524.700195 2524.328613 2523.957275 2523.585693 2523.229004 2523.214355 2522.625244 2522.036133 2521.447510 2518.504639 2515.564697 2509.712158 2503.967285 2498.346924 2492.868896 2487.528809 2482.322266 2477.409668 2472.649902 2467.997314 2463.449951 2459.005127 2454.896240 2450.923584 2447.018799
 2524.393066 2524.225342 2523.973633 2523.554199 2523.134766 2522.715088 2522.295654 2521.876221 2521.456787 2521.054199 2521.037354 2520.665771 2520.294189 2519.922852 2519.551270 2519.179688 2518.822998 2518.808350 2518.218994 2517.630127 2517.041260 2514.098389 2511.157959 2505.304932 2499.559570 2493.938721 2488.460205 2483.119385 2477.912354 2472.999023 2468.238525 2463.585449 2459.037354 2454.592041 2450.482178 2446.508789 2442.603271
 2519.990723 2519.822998 2519.571289 2519.151855 2518.732178 2518.312744 2517.893311 2517.473877 2517.054443 2516.651611 2516.635010 2516.263184 2515.891846 2515.520264 2515.148682 2514.777100 2514.420410 2514.405518 2513.816406 2513.227295 2512.638428 2509.695312 2506.754639 2500.901123 2495.155273 2489.533691 2484.054443 2478.713135 2473.505371 2468.591553 2463.830566 2459.176758 2454.627686 2450.181641 2446.071045 2442.096924 2438.190430
 2515.592041 2515.424072 2515.172363 2514.752930 2514.333496 2513.913818 2513.494385 2513.074951 2512.655518 2512.252686 2512.235840 2511.864258 2511.492676 2511.121094 2510.749512 2510.377930 2510.021240 2510.006592 2509.417236 2508.828125 2508.239258 2505.295654 2502.354736 2496.500732 2490.754150 2485.132080 2479.652344 2474.310303 2469.102051 2464.187500 2459.425537 2454.770996 2450.221191 2445.774414 2441.663086 2437.687744 2433.780762
 2511.197021 2511.029297 2510.777344 2510.357910 2509.938232 2509.518799 2509.099365 2508.679688 2508.260254 2507.857666 2507.840820 2507.469238 2507.097412 2506.725830 2506.354248 2505.982666 2505.625977 2505.611328 2505.021973 2504.432861 2503.843750 2500.899902 2497.958740 2492.104004 2486.356934 2480.734131 2475.253662 2469.911133 2464.701904 2459.786621 2455.023926 2450.368652 2445.818115 2441.370361 2437.258057 2433.281982 2429.373779
 2506.806152 2506.638184 2506.386475 2505.966797 2505.547363 2505.127686 2504.708252 2504.288574 2503.869141 2503.466553 2503.449707 2503.077881 2502.706299 2502.334717 2501.963135 2501.591553 2501.234863 2501.219971 2500.630615 2500.041260 2499.452148 2496.508057 2493.566650 2487.711426 2481.963623 2476.340088 2470.858887 2465.515625 2460.305664 2455.389648 2450.626221 2445.969971 2441.418701 2436.969971 2432.856689 2428.879639 2424.970459
 2502.419434 2502.251465 2501.999756 2501.580078 2501.160645 2500.740967 2500.321533 2499.901855 2499.482422 2499.079590 2499.062744 2498.691162 2498.319580 2497.947754 2497.576172 2497.204590 2496.847656 2496.833008 2496.243408 2495.654297 2495.064941 2492.120605 2489.178711 2483.322754 2477.574219 2471.950195 2466.468262 2461.124023 2455.913330 2450.996582 2446.232178 2441.574951 2437.022705 2432.573242 2428.458984 2424.480713 2420.570557
 2498.037354 2497.869385 2497.617676 2497.197998 2496.778320 2496.358887 2495.939209 2495.519531 2495.100098 2494.697266 2494.680420 2494.308838 2493.937012 2493.565430 2493.193848 2492.822021 2492.465332 2492.450439 2491.860840 2491.271484 2490.682373 2487.737549 2484.795410 2478.938721 2473.189453 2467.564453 2462.081787 2456.736816 2451.525391 2446.607666 2441.842285 2437.184326 2432.630859 2428.180420 2424.064941 2420.085693 2416.174316
 2493.659912 2493.492188 2493.240234 2492.820557 2492.401123 2491.981445 2491.561768 2491.142090 2490.722656 2490.319824 2490.302979 2489.931152 2489.559570 2489.187744 2488.816162 2488.444336 2488.087646 2488.072754 2487.483154 2486.893799 2486.304443 2483.359375 2480.416748 2474.559082 2468.809082 2463.183594 2457.699951 2452.354248 2447.141846 2442.223145 2437.456787 2432.797607 2428.243408 2423.791748 2419.675293 2415.694580 2411.781982
 2489.287598 2489.119873 2488.867920 2488.448242 2488.028564 2487.608887 2487.189453 2486.769775 2486.350098 2485.947266 2485.930420 2485.558594 2485.187012 2484.815186 2484.443359 2484.071777 2483.714844 2483.700195 2483.110352 2482.520996 2481.931396 2478.986084 2476.042969 2470.184814 2464.433838 2458.807373 2453.322998 2447.976318 2442.762939 2437.843262 2433.075928 2428.415771 2423.860352 2419.407471 2415.289795 2411.308105 2407.394043
 2484.920654 2484.752930 2484.500977 2484.081299 2483.661621 2483.241943 2482.822266 2482.402588 2481.982910 2481.580078 2481.563232 2481.191406 2480.819824 2480.447998 2480.076172 2479.704346 2479.347412 2479.332764 2478.742920 2478.153320 2477.563965 2474.617920 2471.674561 2465.815430 2460.063721 2454.436279 2448.950928 2443.603271 2438.388916 2433.468262 2428.699707 2424.038574 2419.481934 2415.028076 2410.908936 2406.925781 2403.010498
 2480.559326 2480.391602 2480.139648 2479.719971 2479.300293 2478.880615 2478.460693 2478.041016 2477.621338 2477.218506 2477.201660 2476.829834 2476.458008 2476.086182 2475.714355 2475.342773 2474.985840 2474.970947 2474.381104 2473.791504 2473.201904 2470.255371 2467.311523 2461.451660 2455.698975 2450.070557 2444.584229 2439.235596 2434.020264 2429.098389 2424.328857 2419.666504 2415.108643 2410.653564 2406.532959 2402.548584 2398.631836
 2476.204102 2476.036133 2475.784424 2475.364502 2474.944824 2474.525146 2474.105469 2473.685547 2473.265869 2472.863037 2472.846191 2472.474365 2472.102539 2471.730713 2471.358643 2470.986816 2470.629883 2470.615234 2470.025146 2469.435547 2468.845703 2465.898926 2462.954590 2457.093750 2451.340088 2445.710693 2440.223389 2434.873535 2429.657227 2424.734131 2419.963379 2415.299805 2410.740723 2406.284180 2402.162354 2398.176270 2394.258057
 2471.855225 2471.687256 2471.435547 2471.015625 2470.595947 2470.176025 2469.756348 2469.336670 2468.916748 2468.513916 2468.497070 2468.125244 2467.753174 2467.381348 2467.009521 2466.637695 2466.280518 2466.265869 2465.675781 2465.085938 2464.496094 2461.548828 2458.604004 2452.741943 2446.987305 2441.356934 2435.868408 2430.517578 2425.300049 2420.375732 2415.603516 2410.938721 2406.378174 2401.920410 2397.796875 2393.809326 2389.889648
 2467.513428 2467.345459 2467.093506 2466.673584 2466.253906 2465.833984 2465.414062 2464.994385 2464.574463 2464.171631 2464.154785 2463.782959 2463.410889 2463.039062 2462.666992 2462.295166 2461.937988 2461.923340 2461.333252 2460.743164 2460.153320 2457.205322 2454.260010 2448.396973 2442.641113 2437.009766 2431.520020 2426.167969 2420.948975 2416.023438 2411.250000 2406.583496 2402.021729 2397.562256 2393.437500 2389.448242 2385.526611
 2463.178711 2463.010742 2462.758789 2462.338867 2461.918945 2461.499023 2461.079346 2460.659424 2460.239502 2459.836670 2459.819824 2459.447754 2459.075684 2458.703857 2458.331787 2457.959961 2457.602783 2457.588135 2456.997803 2456.407715 2455.817627 2452.869141 2449.923340 2444.059082 2438.302246 2432.669434 2427.178467 2421.825195 2416.604980 2411.677979 2406.903076 2402.235107 2397.671631 2393.210693 2389.083984 2385.093018 2381.169678
 2458.851562 2458.683594 2458.431641 2458.011719 2457.591797 2457.171875 2456.751953 2456.332275 2455.912354 2455.509277 2455.492432 2455.120361 2454.748291 2454.376221 2454.004395 2453.632324 2453.275146 2453.260254 2452.669922 2452.079834 2451.489746 2448.540527 2445.594238 2439.728760 2433.970459 2428.336670 2422.844238 2417.489502 2412.268066 2407.339355 2402.562988 2397.893555 2393.328369 2388.865723 2384.737305 2380.744385 2376.819092
 2454.532715 2454.364746 2454.112549 2453.692627 2453.272705 2452.852783 2452.432861 2452.012939 2451.593018 2451.189941 2451.173096 2450.801025 2450.428955 2450.056885 2449.684814 2449.312744 2448.955566 2448.940674 2448.350342 2447.760010 2447.169678 2444.219971 2441.272949 2435.406250 2429.646729 2424.011475 2418.517822 2413.161621 2407.938721 2403.008545 2398.230469 2393.559082 2388.992432 2384.527832 2380.397461 2376.402588 2372.475342
 2450.222168 2450.054199 2449.802246 2449.382080 2448.962158 2448.542236 2448.122070 2447.702148 2447.282227 2446.879150 2446.862305 2446.490234 2446.117920 2445.745850 2445.373779 2445.001709 2444.644531 2444.629639 2444.039062 2443.448486 2442.858154 2439.907959 2436.960205 2431.092041 2425.331299 2419.694580 2414.199463 2408.841797 2403.617188 2398.685303 2393.905518 2389.232666 2384.664062 2380.197754 2376.065186 2372.068115 2368.138672
 2445.920654 2445.752441 2445.500488 2445.080566 2444.660400 2444.240479 2443.820312 2443.400391 2442.980225 2442.577148 2442.560303 2442.188232 2441.815918 2441.443848 2441.071533 2440.699463 2440.342285 2440.327393 2439.736572 2439.145996 2438.555420 2435.604492 2432.656006 2426.786621 2421.024414 2415.386230 2409.889648 2404.530518 2399.304199 2394.370605 2389.589111 2384.914062 2380.343750 2375.875244 2371.740723 2367.741455 2363.809814
 2441.628418 2441.460449 2441.208252 2440.788086 2440.368164 2439.947998 2439.527832 2439.107910 2438.687744 2438.284668 2438.267822 2437.895508 2437.523193 2437.151123 2436.778809 2436.406494 2436.049316 2436.034424 2435.443604 2434.852783 2434.262207 2431.310547 2428.361328 2422.490479 2416.726807 2411.086914 2405.588623 2400.227783 2395.000000 2390.064453 2385.281006 2380.604248 2376.031738 2371.561279 2367.424561 2363.422852 2359.488770
 2437.346191 2437.177979 2436.926025 2436.505859 2436.085693 2435.665527 2435.245361 2434.825195 2434.405273 2434.001953 2433.985107 2433.612793 2433.240479 2432.868164 2432.495850 2432.123535 2431.766113 2431.751465 2431.160400 2430.569336 2429.978760 2427.026123 2424.076172 2418.203857 2412.438477 2406.797119 2401.297363 2395.934814 2390.705078 2385.767822 2380.982178 2376.303467 2371.728760 2367.256104 2363.116943 2359.112793 2355.176270
 2433.074219 2432.906250 2432.654053 2432.233887 2431.813721 2431.393555 2430.973389 2430.553223 2430.133057 2429.729492 2429.712891 2429.340332 2428.968018 2428.595703 2428.223389 2427.851074 2427.493652 2427.478760 2426.887451 2426.296387 2425.705566 2422.752197 2419.801514 2413.927490 2408.160645 2402.517578 2397.015869 2391.651367 2386.419678 2381.480469 2376.692871 2372.011963 2367.435059 2362.960205 2358.818604 2354.812012 2350.872559
 2428.813721 2428.645752 2428.393555 2427.973145 2427.552979 2427.132568 2426.712402 2426.292236 2425.872070 2425.468506 2425.451660 2425.079346 2424.706787 2424.334473 2423.962158 2423.589600 2423.232178 2423.217285 2422.625977 2422.034668 2421.443604 2418.489502 2415.537842 2409.662109 2403.893311 2398.248535 2392.744873 2387.378662 2382.145020 2377.203613 2372.413818 2367.730469 2363.151367 2358.674072 2354.529785 2350.520508 2346.578369
 2424.565186 2424.396973 2424.144775 2423.724609 2423.304199 2422.883789 2422.463623 2422.043213 2421.623047 2421.219482 2421.202637 2420.830078 2420.457764 2420.085205 2419.712646 2419.340332 2418.982666 2418.967773 2418.376221 2417.784912 2417.193604 2414.238525 2411.285889 2405.408447 2399.637695 2393.990967 2388.485352 2383.116943 2377.881104 2372.937500 2368.145264 2363.459717 2358.877930 2354.398193 2350.251221 2346.239014 2342.293945
 2420.329590 2420.161377 2419.909180 2419.488770 2419.068359 2418.647949 2418.227539 2417.807129 2417.386963 2416.983398 2416.966553 2416.593994 2416.221436 2415.848877 2415.476318 2415.103760 2414.746094 2414.731201 2414.139404 2413.547852 2412.956299 2410.000244 2407.046875 2401.167236 2395.394531 2389.745605 2384.237793 2378.867188 2373.629150 2368.683105 2363.888428 2359.200195 2354.615723 2350.133301 2345.983398 2341.968018 2338.020020
 2416.107666 2415.939453 2415.687012 2415.266602 2414.846191 2414.425781 2414.005371 2413.584961 2413.164307 2412.760742 2412.743896 2412.371338 2411.998535 2411.625977 2411.253418 2410.880615 2410.522949 2410.508057 2409.916260 2409.324463 2408.732666 2405.775635 2402.821045 2396.939453 2391.164551 2385.513428 2380.003418 2374.630371 2369.389893 2364.441162 2359.643799 2354.952881 2350.365723 2345.880371 2341.727051 2337.708740 2333.757324
 2411.900146 2411.731934 2411.479492 2411.059082 2410.638428 2410.218018 2409.797363 2409.376953 2408.956299 2408.552734 2408.535889 2408.163086 2407.790283 2407.417725 2407.044922 2406.672119 2406.314453 2406.299561 2405.707275 2405.115234 2404.523438 2401.565186 2398.609619 2392.725830 2386.948730 2381.295166 2375.782715 2370.407227 2365.164307 2360.212891 2355.412598 2350.718506 2346.128418 2341.639893 2337.483398 2333.461426 2329.506592
 2407.708008 2407.539551 2407.287354 2406.866699 2406.446045 2406.025391 2405.604736 2405.184326 2404.763672 2404.359863 2404.343018 2403.970215 2403.597412 2403.224609 2402.851807 2402.479004 2402.121094 2402.106201 2401.513672 2400.921631 2400.329346 2397.370117 2394.413330 2388.527100 2382.747803 2377.091797 2371.576904 2366.198730 2360.952881 2355.998535 2351.195312 2346.498291 2341.904785 2337.413086 2333.252930 2329.227295 2325.268799
 2403.532227 2403.363770 2403.111328 2402.690674 2402.270020 2401.849365 2401.428467 2401.007812 2400.587158 2400.183350 2400.166504 2399.793701 2399.420654 2399.047852 2398.674805 2398.302002 2397.943848 2397.929199 2397.336426 2396.743896 2396.151611 2393.191162 2390.233154 2384.344482 2378.562500 2372.903809 2367.386230 2362.005371 2356.756592 2351.799316 2346.992920 2342.292480 2337.695801 2333.200684 2329.036621 2325.007080 2321.044678
 2399.374023 2399.205811 2398.953125 2398.532471 2398.111572 2397.690918 2397.270020 2396.849365 2396.428467 2396.024658 2396.007812 2395.634766 2395.261719 2394.888672 2394.515625 2394.142578 2393.784424 2393.769531 2393.176758 2392.583984 2391.991211 2389.029541 2386.070312 2380.178955 2374.394043 2368.732666 2363.212158 2357.828369 2352.576660 2347.615967 2342.806152 2338.102295 2333.502197 2329.003174 2324.835449 2320.801758 2316.834961
 2395.235352 2395.066895 2394.814209 2394.393311 2393.972412 2393.551514 2393.130859 2392.709961 2392.289062 2391.885010 2391.868164 2391.494873 2391.121826 2390.748779 2390.375488 2390.002441 2389.644287 2389.629395 2389.036133 2388.443115 2387.850098 2384.886963 2381.926270 2376.031982 2370.244141 2364.579834 2359.056152 2353.668945 2348.414062 2343.449707 2338.636475 2333.928955 2329.324707 2324.822021 2320.649902 2316.612061 2312.640869
 2391.117432 2390.949219 2390.696533 2390.275391 2389.854492 2389.433594 2389.012451 2388.591553 2388.170410 2387.766357 2387.749512 2387.376221 2387.002930 2386.629639 2386.256592 2385.883301 2385.524902 2385.510010 2384.916504 2384.323242 2383.729980 2380.765137 2377.802734 2371.905518 2366.114502 2360.446777 2354.919678 2349.529053 2344.270508 2339.302490 2334.485107 2329.773438 2325.165283 2320.658203 2316.481689 2312.438965 2308.463135
 2387.022705 2386.854248 2386.601562 2386.180420 2385.759277 2385.338135 2384.916992 2384.496094 2384.074951 2383.670654 2383.653809 2383.280273 2382.906982 2382.533691 2382.160156 2381.786865 2381.428467 2381.413574 2380.819580 2380.226074 2379.632324 2376.666016 2373.701904 2367.801025 2362.006592 2356.335449 2350.804688 2345.410156 2340.147705 2335.175537 2330.353760 2325.637939 2321.025146 2316.513672 2312.332031 2308.284424 2304.303223
 2382.952881 2382.784424 2382.531494 2382.110352 2381.688965 2381.267822 2380.846680 2380.425293 2380.004150 2379.599854 2379.583008 2379.209473 2378.835693 2378.462158 2378.088623 2377.715088 2377.356689 2377.341797 2376.747559 2376.153564 2375.559570 2372.591309 2369.625488 2363.720947 2357.922607 2352.247559 2346.712891 2341.314209 2336.047607 2331.070801 2326.244629 2321.523926 2316.906250 2312.389648 2308.202881 2304.149414 2300.162842
 2378.910400 2378.741699 2378.489014 2378.067627 2377.646240 2377.224854 2376.803467 2376.382080 2375.960693 2375.556152 2375.539307 2375.165527 2374.791992 2374.418213 2374.044434 2373.670898 2373.312012 2373.297119 2372.702637 2372.108154 2371.513916 2368.543457 2365.575684 2359.667236 2353.864746 2348.185547 2342.646484 2337.243408 2331.971924 2326.990479 2322.159180 2317.433350 2312.810547 2308.288574 2304.095947 2300.036621 2296.043701
 2374.898193 2374.729492 2374.476562 2374.055176 2373.633545 2373.211914 2372.790527 2372.368896 2371.947510 2371.542725 2371.525879 2371.152100 2370.778076 2370.404297 2370.030518 2369.656494 2369.297607 2369.282715 2368.687744 2368.092773 2367.498047 2364.525635 2361.555420 2355.642578 2349.835693 2344.151611 2338.607910 2333.199951 2327.923584 2322.936768 2318.100098 2313.368652 2308.739990 2304.212158 2300.013184 2295.947266 2291.947998
 2370.920166 2370.751465 2370.498535 2370.076660 2369.655029 2369.233398 2368.811523 2368.389893 2367.968262 2367.563477 2367.546631 2367.172363 2366.798340 2366.424316 2366.050293 2365.676270 2365.317139 2365.302246 2364.706787 2364.111328 2363.516113 2360.541016 2357.568604 2351.650635 2345.838623 2340.149414 2334.600342 2329.187012 2323.905273 2318.912354 2314.069580 2309.332031 2304.697266 2300.163086 2295.957031 2291.884033 2287.877441
 2366.981445 2366.812744 2366.559570 2366.137695 2365.715576 2365.293701 2364.871826 2364.449951 2364.028076 2363.623047 2363.606201 2363.231934 2362.857666 2362.483154 2362.108887 2361.734619 2361.375488 2361.360596 2360.764404 2360.168457 2359.572510 2356.594727 2353.619385 2347.695801 2341.878174 2336.183105 2330.627930 2325.208740 2319.920410 2314.921143 2310.071533 2305.327148 2300.685303 2296.144043 2291.930420 2287.849609 2283.835205
 2363.088867 2362.919922 2362.666504 2362.244385 2361.822266 2361.400146 2360.978027 2360.555908 2360.133789 2359.728516 2359.711670 2359.337158 2358.962402 2358.587891 2358.213379 2357.838867 2357.479248 2357.464355 2356.867676 2356.270996 2355.674561 2352.693359 2349.714600 2343.784424 2337.960205 2332.258301 2326.696289 2321.269775 2315.974365 2310.967529 2306.110352 2301.357910 2296.708252 2292.158936 2287.936768 2283.847412 2279.823975
 2359.252686 2359.083740 2358.830322 2358.407959 2357.985352 2357.562988 2357.140625 2356.718018 2356.295654 2355.890137 2355.873291 2355.498291 2355.123535 2354.748535 2354.373779 2353.998779 2353.638916 2353.624023 2353.026367 2352.428955 2351.831543 2348.846436 2345.863770 2339.925293 2334.093018 2328.382812 2322.812500 2317.377686 2312.073730 2307.058105 2302.191895 2297.430420 2292.771484 2288.212891 2283.980957 2279.881592 2275.848389
 2355.492188 2355.323242 2355.069336 2354.646484 2354.223633 2353.800781 2353.377930 2352.955078 2352.532227 2352.126465 2352.109619 2351.734131 2351.358887 2350.983398 2350.608154 2350.232666 2349.872559 2349.857422 2349.258789 2348.660156 2348.061768 2345.071045 2342.082764 2336.133545 2330.290527 2324.569824 2318.988770 2313.543457 2308.229004 2303.202393 2298.324951 2293.552734 2288.882812 2284.313232 2280.069824 2275.958496 2271.913818
 -999.000000 -999.000000 -999.000000 -999.000000 -999.000000 -999.000000 -999.000000 -999.000000 -999.000000 -999.000000 -999.000000 -999.000000 -999.000000 -999.000000 -999.000000 -999.000000 -999.000000 -999.000000 -999.000000 -999.000000 -999.000000 -999.000000 2338.413818 2332.444092 2326.582764 2320.845215 2315.248291 2309.787354 2304.458008 2299.416504 2294.524414 2289.737793 2285.053955 2280.470459 2276.212646 2272.087158 2268.028320
 -999.000000 -999.000000 -999.000000 -999.000000 -999.000000 -999.000000 -999.000000 -999.000000 -999.000000 -999.000000 -999.000000 -999.000000 -999.000000 -999.000000 -999.000000 -999.000000 -999.000000 -999.000000 -999.000000 -999.000000 -999.000000 -999.000000 -999.000000 -999.000000 -999.000000 -999.000000 -999.000000 -999.000000 -999.000000 2295.744385 2290.824463 2286.013916 2281.308350 2276.704590 2272.426758 2268.282227 2264.204834
 -999.000000 -999.000000 -999.000000 -999.000000 -999.000000 -999.000000 -999.000000 -999.000000 -999.000000 -999.000000 -999.000000 -999.000000 -999.000000 -999.000000 -999.000000 -999.000000 -999.000000 -999.000000 -999.000000 -999.000000 -999.000000 -999.000000 -999.000000 -999.000000 -999.000000 -999.000000 -999.000000 -999.000000 -999.000000 -999.000000 -999.000000 -999.000000 -999.000000 -999.000000 -999.000000 2264.578857 2260.470947
#
# dtdd (rows - delta, columns - depth)
#
   -4.438917   -4.438917   -4.438918   -4.438918   -4.438918   -4.438918   -4.438918   -4.438918   -4.438918   -4.438918   -4.438918   -4.438919   -4.438919   -4.438919   -4.438919   -4.438919   -4.438919   -4.438919   -4.438919   -4.438920   -4.438920   -4.438920 -999.000000 -999.000000 -999.000000 -999.000000 -999.000000 -999.000000 -999.000000 -999.000000 -999.000000 -999.000000 -999.000000 -999.000000 -999.000000 -999.000000 -999.000000
   -4.438893   -4.438893   -4.438893   -4.438894   -4.438894   -4.438895   -4.438895   -4.438895   -4.438896   -4.438896   -4.438896   -4.438897   -4.438897   -4.438897   -4.438898   -4.438898   -4.438899   -4.438899   -4.438900   -4.438900   -4.438901   -4.438906   -4.438910   -4.438916   -4.438920 -999.000000 -999.000000 -999.000000 -999.000000 -999.000000 -999.000000 -999.000000 -999.000000 -999.000000 -999.000000 -999.000000 -999.000000
   -4.438844   -4.438845   -4.438845   -4.438846   -4.438846   -4.438847   -4.438848   -4.438848   -4.438849   -4.438849   -4.438849   -4.438850   -4.438851   -4.438852   -4.438852   -4.438853   -4.438854   -4.438854   -4.438856   -4.438857   -4.438859   -4.438867   -4.438875   -4.438889   -4.438900   -4.438910   -4.438916   -4.438920 -999.000000 -999.000000 -999.000000 -999.000000 -999.000000 -999.000000 -999.000000 -999.000000 -999.000000
   -4.438771   -4.438771   -4.438772   -4.438773   -4.438774   -4.438774   -4.438775   -4.438776   -4.438777   -4.438778   -4.438778   -4.438779   -4.438780   -4.438781   -4.438782   -4.438783   -4.438784   -4.438784   -4.438787   -4.438789   -4.438792   -4.438804   -4.438815   -4.438837   -4.438857   -4.438875   -4.438890   -4.438903   -4.438912   -4.438919 -999.000000 -999.000000 -999.000000 -999.000000 -999.000000 -999.000000 -999.000000
   -4.438672   -4.438673   -4.438673   -4.438674   -4.438675   -4.438677   -4.438678   -4.438679   -4.438680   -4.438681   -4.438681   -4.438683   -4.438684   -4.438685   -4.438687   -4.438688   -4.438689   -4.438689   -4.438693   -4.438696   -4.438699   -4.438715   -4.438731   -4.438760   -4.438788   -4.438815   -4.438839   -4.438861   -4.438880   -4.438897   -4.438909   -4.438917   -4.438920 -999.000000 -999.000000 -999.000000 -999.000000
   -4.438548   -4.438548   -4.438549   -4.438550   -4.438552   -4.438553   -4.438555   -4.438556   -4.438558   -4.438559   -4.438559   -4.438561   -4.438562   -4.438564   -4.438566   -4.438568   -4.438569   -4.438569   -4.438573   -4.438577   -4.438581   -4.438601   -4.438621   -4.438659   -4.438695   -4.438730   -4.438763   -4.438795   -4.438823   -4.438850   -4.438874   -4.438893   -4.438908   -4.438917 -999.000000 -999.000000 -999.000000
   -4.438221   -4.438222   -4.438223   -4.438225   -4.438227   -4.438230   -4.438231   -4.438233   -4.438235   -4.438237   -4.438237   -4.438240   -4.438242   -4.438244   -4.438247   -4.438249   -4.438251   -4.438251   -4.438257   -4.438262   -4.438268   -4.438296   -4.438324   -4.438378   -4.438432   -4.438484   -4.438536   -4.438586   -4.438635   -4.438683   -4.438728   -4.438771   -4.438809   -4.438843   -4.438873   -4.438897   -4.438912
   -4.437788   -4.437789   -4.437791   -4.437794   -4.437797   -4.437799   -4.437802   -4.437804   -4.437807   -4.437809   -4.437809   -4.437812   -4.437815   -4.437818   -4.437821   -4.437824   -4.437827   -4.437827   -4.437834   -4.437842   -4.437849   -4.437885   -4.437922   -4.437993   -4.438064   -4.438135   -4.438205   -4.438275   -4.438344   -4.438414   -4.438482   -4.438548   -4.438610   -4.438669   -4.438726   -4.438779   -4.438825
   -4.437246   -4.437248   -4.437250   -4.437253   -4.437256   -4.437259   -4.437263   -4.437265   -4.437269   -4.437272   -4.437272   -4.437275   -4.437279   -4.437283   -4.437286   -4.437290   -4.437294   -4.437294   -4.437303   -4.437312   -4.437321   -4.437366   -4.437411   -4.437500   -4.437589   -4.437678   -4.437768   -4.437858   -4.437948   -4.438040   -4.438131   -4.438221   -4.438309   -4.438393   -4.438479   -4.438561   -4.438637
   -4.436591   -4.436593   -4.436595   -4.436599   -4.436603   -4.436606   -4.436610   -4.436614   -4.436618   -4.436622   -4.436622   -4.436626   -4.436630   -4.436635   -4.436639   -4.436643   -4.436647   -4.436647   -4.436658   -4.436669   -4.436680   -4.436734   -4.436788   -4.436895   -4.437003   -4.437111   -4.437221   -4.437332   -4.437443   -4.437558   -4.437674   -4.437788   -4.437901   -4.438013   -4.438128   -4.438240   -4.438346
   -4.435820   -4.435822   -4.435824   -4.435828   -4.435833   -4.435837   -4.435842   -4.435846   -4.435851   -4.435855   -4.435855   -4.435860   -4.435865   -4.435870   -4.435875   -4.435880   -4.435885   -4.435885   -4.435898   -4.435911   -4.435923   -4.435986   -4.436049   -4.436175   -4.436302   -4.436430   -4.436561   -4.436693   -4.436826   -4.436965   -4.437106   -4.437246   -4.437386   -4.437524   -4.437669   -4.437812   -4.437951
   -4.434928   -4.434930   -4.434933   -4.434938   -4.434943   -4.434948   -4.434953   -4.434958   -4.434963   -4.434968   -4.434968   -4.434974   -4.434980   -4.434986   -4.434991   -4.434997   -4.435003   -4.435003   -4.435018   -4.435032   -4.435047   -4.435119   -4.435192   -4.435337   -4.435483   -4.435632   -4.435784   -4.435938   -4.436094   -4.436258   -4.436424   -4.436590   -4.436757   -4.436924   -4.437099   -4.437275   -4.437447
   -4.433912   -4.433914   -4.433918   -4.433923   -4.433929   -4.433935   -4.433941   -4.433947   -4.433952   -4.433958   -4.433958   -4.433965   -4.433971   -4.433978   -4.433984   -4.433990   -4.433997   -4.433997   -4.434014   -4.434030   -4.434047   -4.434129   -4.434211   -4.434376   -4.434543   -4.434713   -4.434887   -4.435064   -4.435244   -4.435432   -4.435624   -4.435818   -4.436013   -4.436209   -4.436417   -4.436625   -4.436831
   -4.432768   -4.432771   -4.432775   -4.432781   -4.432787   -4.432794   -4.432800   -4.432807   -4.432813   -4.432819   -4.432820   -4.432827   -4.432834   -4.432842   -4.432849   -4.432856   -4.432863   -4.432864   -4.432882   -4.432900   -4.432919   -4.433011   -4.433104   -4.433289   -4.433477   -4.433669   -4.433866   -4.434065   -4.434270   -4.434484   -4.434704   -4.434926   -4.435150   -4.435376   -4.435616   -4.435858   -4.436100
   -4.431492   -4.431495   -4.431499   -4.431507   -4.431514   -4.431521   -4.431528   -4.431535   -4.431542   -4.431550   -4.431550   -4.431558   -4.431566   -4.431574   -4.431582   -4.431590   -4.431598   -4.431598   -4.431619   -4.431639   -4.431660   -4.431763   -4.431865   -4.432072   -4.432281   -4.432496   -4.432715   -4.432940   -4.433169   -4.433411   -4.433658   -4.433909   -4.434163   -4.434420   -4.434694   -4.434972   -4.435249
   -4.430081   -4.430084   -4.430089   -4.430097   -4.430105   -4.430113   -4.430120   -4.430129   -4.430136   -4.430144   -4.430144   -4.430153   -4.430162   -4.430171   -4.430180   -4.430189   -4.430198   -4.430198   -4.430221   -4.430243   -4.430266   -4.430379   -4.430492   -4.430720   -4.430953   -4.431190   -4.431434   -4.431683   -4.431938   -4.432207   -4.432483   -4.432764   -4.433049   -4.433338   -4.433646   -4.433961   -4.434275
   -4.428530   -4.428533   -4.428538   -4.428547   -4.428556   -4.428565   -4.428573   -4.428582   -4.428591   -4.428599   -4.428599   -4.428609   -4.428619   -4.428628   -4.428638   -4.428648   -4.428658   -4.428658   -4.428683   -4.428708   -4.428732   -4.428856   -4.428981   -4.429231   -4.429487   -4.429748   -4.430016   -4.430291   -4.430572   -4.430870   -4.431176   -4.431487   -4.431803   -4.432125   -4.432470   -4.432822   -4.433175
   -4.426834   -4.426838   -4.426844   -4.426853   -4.426863   -4.426872   -4.426881   -4.426891   -4.426900   -4.426909   -4.426910   -4.426920   -4.426931   -4.426942   -4.426952   -4.426963   -4.426973   -4.426974   -4.427001   -4.427028   -4.427055   -4.427191   -4.427326   -4.427599   -4.427878   -4.428164   -4.428458   -4.428759   -4.429068   -4.429395   -4.429731   -4.430074   -4.430423   -4.430779   -4.431160   -4.431551   -4.431943
   -4.424988   -4.424992   -4.424998   -4.425009   -4.425019   -4.425029   -4.425039   -4.425050   -4.425060   -4.425070   -4.425070   -4.425082   -4.425094   -4.425105   -4.425117   -4.425128   -4.425139   -4.425140   -4.425169   -4.425199   -4.425228   -4.425375   -4.425523   -4.425820   -4.426124   -4.426435   -4.426755   -4.427083   -4.427420   -4.427777   -4.428145   -4.428521   -4.428904   -4.429294   -4.429713   -4.430143   -4.430577
   -4.422986   -4.422990   -4.422997   -4.423008   -4.423019   -4.423030   -4.423042   -4.423053   -4.423064   -4.423075   -4.423075   -4.423088   -4.423100   -4.423113   -4.423125   -4.423138   -4.423150   -4.423151   -4.423182   -4.423214   -4.423246   -4.423405   -4.423565   -4.423887   -4.424216   -4.424554   -4.424901   -4.425258   -4.425624   -4.426013   -4.426414   -4.426823   -4.427240   -4.427666   -4.428125   -4.428596   -4.429071
   -4.420822   -4.420827   -4.420834   -4.420846   -4.420858   -4.420870   -4.420882   -4.420894   -4.420906   -4.420918   -4.420918   -4.420932   -4.420945   -4.420959   -4.420972   -4.420986   -4.420999   -4.421000   -4.421034   -4.421068   -4.421103   -4.421275   -4.421447   -4.421795   -4.422151   -4.422515   -4.422891   -4.423277   -4.423674   -4.424095   -4.424530   -4.424974   -4.425428   -4.425891   -4.426391   -4.426904   -4.427423
   -4.418491   -4.418496   -4.418504   -4.418517   -4.418530   -4.418542   -4.418555   -4.418568   -4.418581   -4.418593   -4.418594   -4.418608   -4.418623   -4.418638   -4.418652   -4.418667   -4.418681   -4.418682   -4.418718   -4.418755   -4.418792   -4.418977   -4.419163   -4.419537   -4.419920   -4.420313   -4.420718   -4.421135   -4.421563   -4.422018   -4.422488   -4.422968   -4.423460   -4.423962   -4.424504   -4.425061   -4.425625
   -4.415986   -4.415991   -4.416000   -4.416014   -4.416028   -4.416041   -4.416055   -4.416069   -4.416083   -4.416096   -4.416097   -4.416112   -4.416128   -4.416143   -4.416159   -4.416175   -4.416190   -4.416191   -4.416230   -4.416270   -4.416309   -4.416508   -4.416707   -4.417109   -4.417520   -4.417943   -4.418377   -4.418826   -4.419286   -4.419776   -4.420282   -4.420801   -4.421331   -4.421873   -4.422459   -4.423062   -4.423673
   -4.413301   -4.413307   -4.413316   -4.413331   -4.413345   -4.413360   -4.413375   -4.413390   -4.413404   -4.413419   -4.413420   -4.413436   -4.413453   -4.413470   -4.413486   -4.413503   -4.413519   -4.413520   -4.413562   -4.413605   -4.413647   -4.413859   -4.414073   -4.414503   -4.414944   -4.415396   -4.415863   -4.416343   -4.416838   -4.417364   -4.417908   -4.418465   -4.419035   -4.419619   -4.420249   -4.420900   -4.421559
   -4.410429   -4.410436   -4.410445   -4.410461   -4.410477   -4.410492   -4.410508   -4.410524   -4.410540   -4.410555   -4.410556   -4.410573   -4.410592   -4.410609   -4.410627   -4.410645   -4.410662   -4.410663   -4.410708   -4.410754   -4.410799   -4.411026   -4.411253   -4.411713   -4.412184   -4.412668   -4.413167   -4.413682   -4.414211   -4.414775   -4.415357   -4.415955   -4.416566   -4.417193   -4.417871   -4.418570   -4.419279
   -4.407364   -4.407371   -4.407381   -4.407398   -4.407414   -4.407431   -4.407448   -4.407465   -4.407482   -4.407498   -4.407499   -4.407518   -4.407537   -4.407556   -4.407575   -4.407594   -4.407612   -4.407613   -4.407661   -4.407710   -4.407758   -4.408000   -4.408242   -4.408733   -4.409235   -4.409751   -4.410285   -4.410833   -4.411399   -4.412002   -4.412625   -4.413264   -4.413918   -4.414589   -4.415316   -4.416066   -4.416827
   -4.404098   -4.404105   -4.404116   -4.404134   -4.404151   -4.404170   -4.404187   -4.404205   -4.404223   -4.404241   -4.404241   -4.404262   -4.404282   -4.404302   -4.404322   -4.404343   -4.404362   -4.404363   -4.404414   -4.404466   -4.404517   -4.404774   -4.405033   -4.405554   -4.406089   -4.406640   -4.407207   -4.407793   -4.408395   -4.409038   -4.409703   -4.410385   -4.411084   -4.411801   -4.412578   -4.413380   -4.414195
   -4.400623   -4.400630   -4.400642   -4.400661   -4.400680   -4.400699   -4.400718   -4.400737   -4.400756   -4.400774   -4.400775   -4.400797   -4.400818   -4.400840   -4.400861   -4.400883   -4.400904   -4.400905   -4.400959   -4.401013   -4.401068   -4.401341   -4.401616   -4.402171   -4.402740   -4.403325   -4.403928   -4.404551   -4.405193   -4.405877   -4.406585   -4.407311   -4.408057   -4.408822   -4.409650   -4.410507   -4.411377
   -4.396930   -4.396938   -4.396950   -4.396970   -4.396990   -4.397010   -4.397031   -4.397051   -4.397071   -4.397090   -4.397091   -4.397114   -4.397137   -4.397160   -4.397183   -4.397206   -4.397228   -4.397229   -4.397286   -4.397344   -4.397402   -4.397693   -4.397984   -4.398573   -4.399177   -4.399798   -4.400439   -4.401101   -4.401783   -4.402510   -4.403263   -4.404037   -4.404830   -4.405643   -4.406526   -4.407439   -4.408367
   -4.393007   -4.393015   -4.393028   -4.393050   -4.393071   -4.393093   -4.393114   -4.393136   -4.393157   -4.393178   -4.393178   -4.393203   -4.393227   -4.393251   -4.393276   -4.393300   -4.393323   -4.393324   -4.393385   -4.393447   -4.393508   -4.393816   -4.394125   -4.394751   -4.395391   -4.396050   -4.396731   -4.397434   -4.398158   -4.398930   -4.399730   -4.400551   -4.401394   -4.402259   -4.403198   -4.404169   -4.405156
   -4.388844   -4.388853   -4.388867   -4.388889   -4.388912   -4.388935   -4.388958   -4.388980   -4.389003   -4.389025   -4.389026   -4.389051   -4.389077   -4.389103   -4.389129   -4.389154   -4.389179   -4.389180   -4.389245   -4.389310   -4.389375   -4.389702   -4.390029   -4.390692   -4.391372   -4.392071   -4.392793   -4.393538   -4.394306   -4.395125   -4.395974   -4.396846   -4.397741   -4.398660   -4.399657   -4.400688   -4.401737
   -4.384429   -4.384439   -4.384453   -4.384477   -4.384501   -4.384525   -4.384550   -4.384573   -4.384598   -4.384621   -4.384622   -4.384649   -4.384676   -4.384703   -4.384731   -4.384758   -4.384784   -4.384785   -4.384854   -4.384923   -4.384992   -4.385338   -4.385685   -4.386386   -4.387106   -4.387847   -4.388612   -4.389402   -4.390217   -4.391085   -4.391985   -4.392910   -4.393859   -4.394834   -4.395893   -4.396987   -4.398102
   -4.379762   -4.379772   -4.379787   -4.379813   -4.379838   -4.379863   -4.379889   -4.379914   -4.379939   -4.379964   -4.379965   -4.379993   -4.380022   -4.380051   -4.380079   -4.380108   -4.380136   -4.380137   -4.380209   -4.380282   -4.380355   -4.380719   -4.381085   -4.381826   -4.382586   -4.383369   -4.384179   -4.385015   -4.385878   -4.386798   -4.387752   -4.388731   -4.389738   -4.390772   -4.391894   -4.393055   -4.394238
   -4.374841   -4.374852   -4.374867   -4.374894   -4.374921   -4.374948   -4.374974   -4.375001   -4.375028   -4.375053   -4.375054   -4.375084   -4.375115   -4.375145   -4.375175   -4.375206   -4.375235   -4.375236   -4.375312   -4.375389   -4.375465   -4.375849   -4.376235   -4.377014   -4.377815   -4.378640   -4.379492   -4.380373   -4.381284   -4.382255   -4.383263   -4.384300   -4.385366   -4.386461   -4.387650   -4.388880   -4.390134
   -4.369657   -4.369668   -4.369685   -4.369712   -4.369740   -4.369769   -4.369797   -4.369825   -4.369853   -4.369880   -4.369881   -4.369913   -4.369945   -4.369977   -4.370008   -4.370040   -4.370070   -4.370072   -4.370152   -4.370233   -4.370313   -4.370717   -4.371122   -4.371943   -4.372785   -4.373653   -4.374551   -4.375478   -4.376437   -4.377460   -4.378521   -4.379613   -4.380737   -4.381893   -4.383149   -4.384451   -4.385779
   -4.364190   -4.364202   -4.364219   -4.364249   -4.364279   -4.364308   -4.364338   -4.364368   -4.364398   -4.364426   -4.364427   -4.364461   -4.364494   -4.364528   -4.364562   -4.364595   -4.364627   -4.364629   -4.364714   -4.364799   -4.364883   -4.365310   -4.365737   -4.366601   -4.367487   -4.368400   -4.369344   -4.370320   -4.371328   -4.372404   -4.373522   -4.374671   -4.375854   -4.377071   -4.378395   -4.379766   -4.381167
   -4.358366   -4.358378   -4.358397   -4.358428   -4.358460   -4.358492   -4.358523   -4.358555   -4.358587   -4.358617   -4.358619   -4.358654   -4.358690   -4.358726   -4.358762   -4.358798   -4.358832   -4.358834   -4.358924   -4.359015   -4.359105   -4.359560   -4.360016   -4.360937   -4.361880   -4.362850   -4.363851   -4.364883   -4.365947   -4.367079   -4.368254   -4.369464   -4.370708   -4.371989   -4.373381   -4.374825   -4.376300
   -4.352141   -4.352155   -4.352175   -4.352209   -4.352242   -4.352276   -4.352310   -4.352344   -4.352377   -4.352410   -4.352411   -4.352449   -4.352488   -4.352526   -4.352564   -4.352602   -4.352639   -4.352641   -4.352737   -4.352834   -4.352931   -4.353416   -4.353903   -4.354886   -4.355893   -4.356928   -4.357995   -4.359096   -4.360230   -4.361437   -4.362687   -4.363969   -4.365285   -4.366634   -4.368099   -4.369617   -4.371169
   -4.345479   -4.345494   -4.345515   -4.345551   -4.345587   -4.345623   -4.345660   -4.345696   -4.345732   -4.345767   -4.345768   -4.345809   -4.345850   -4.345891   -4.345932   -4.345973   -4.346012   -4.346014   -4.346117   -4.346220   -4.346324   -4.346842   -4.347363   -4.348413   -4.349489   -4.350595   -4.351736   -4.352911   -4.354121   -4.355410   -4.356743   -4.358112   -4.359515   -4.360953   -4.362513   -4.364123   -4.365762
   -4.338395   -4.338410   -4.338433   -4.338471   -4.338509   -4.338547   -4.338585   -4.338623   -4.338661   -4.338698   -4.338699   -4.338742   -4.338786   -4.338829   -4.338872   -4.338915   -4.338956   -4.338958   -4.339067   -4.339176   -4.339285   -4.339832   -4.340383   -4.341495   -4.342638   -4.343816   -4.345034   -4.346291   -4.347585   -4.348962   -4.350387   -4.351849   -4.353347   -4.354883   -4.356547   -4.358265   -4.360013
   -4.330933   -4.330948   -4.330972   -4.331012   -4.331052   -4.331092   -4.331132   -4.331172   -4.331213   -4.331251   -4.331253   -4.331298   -4.331343   -4.331388   -4.331434   -4.331479   -4.331523   -4.331524   -4.331639   -4.331754   -4.331868   -4.332444   -4.333022   -4.334192   -4.335393   -4.336632   -4.337913   -4.339237   -4.340605   -4.342065   -4.343581   -4.345142   -4.346745   -4.348387   -4.350165   -4.352002   -4.353868
   -4.323073   -4.323090   -4.323115   -4.323157   -4.323199   -4.323241   -4.323283   -4.323326   -4.323368   -4.323408   -4.323410   -4.323457   -4.323505   -4.323553   -4.323600   -4.323648   -4.323694   -4.323696   -4.323816   -4.323936   -4.324057   -4.324662   -4.325270   -4.326499   -4.327763   -4.329064   -4.330410   -4.331803   -4.333241   -4.334777   -4.336371   -4.338013   -4.339702   -4.341441   -4.343331   -4.345292   -4.347288
   -4.314797   -4.314815   -4.314842   -4.314886   -4.314930   -4.314974   -4.315018   -4.315063   -4.315107   -4.315149   -4.315151   -4.315201   -4.315251   -4.315301   -4.315351   -4.315401   -4.315449   -4.315451   -4.315578   -4.315704   -4.315831   -4.316466   -4.317105   -4.318398   -4.319725   -4.321093   -4.322508   -4.323972   -4.325483   -4.327098   -4.328774   -4.330500   -4.332277   -4.334105   -4.336093   -4.338155   -4.340261
   -4.306092   -4.306111   -4.306139   -4.306185   -4.306231   -4.306277   -4.306324   -4.306370   -4.306417   -4.306461   -4.306463   -4.306516   -4.306568   -4.306621   -4.306673   -4.306726   -4.306776   -4.306778   -4.306911   -4.307044   -4.307177   -4.307843   -4.308514   -4.309869   -4.311263   -4.312700   -4.314186   -4.315723   -4.317312   -4.319009   -4.320771   -4.322585   -4.324452   -4.326375   -4.328465   -4.330633   -4.332848
   -4.296939   -4.296958   -4.296988   -4.297036   -4.297085   -4.297133   -4.297182   -4.297231   -4.297279   -4.297326   -4.297328   -4.297383   -4.297438   -4.297493   -4.297548   -4.297604   -4.297657   -4.297658   -4.297798   -4.297937   -4.298077   -4.298776   -4.299479   -4.300901   -4.302363   -4.303871   -4.305430   -4.307043   -4.308711   -4.310492   -4.312342   -4.314247   -4.316209   -4.318229   -4.320426   -4.322706   -4.325035
   -4.287315   -4.287335   -4.287366   -4.287416   -4.287467   -4.287519   -4.287570   -4.287621   -4.287672   -4.287721   -4.287723   -4.287781   -4.287838   -4.287896   -4.287954   -4.288012   -4.288067   -4.288070   -4.288216   -4.288362   -4.288508   -4.289242   -4.289979   -4.291471   -4.293005   -4.294586   -4.296222   -4.297915   -4.299664   -4.301532   -4.303473   -4.305473   -4.307532   -4.309652   -4.311959   -4.314353   -4.316800
   -4.277161   -4.277182   -4.277215   -4.277268   -4.277322   -4.277377   -4.277431   -4.277485   -4.277539   -4.277591   -4.277593   -4.277654   -4.277715   -4.277776   -4.277838   -4.277899   -4.277957   -4.277960   -4.278114   -4.278269   -4.278424   -4.279199   -4.279978   -4.281550   -4.283163   -4.284822   -4.286538   -4.288313   -4.290149   -4.292109   -4.294146   -4.296243   -4.298404   -4.300628   -4.303049   -4.305562   -4.308129
   -4.266318   -4.266341   -4.266375   -4.266433   -4.266490   -4.266548   -4.266606   -4.266664   -4.266721   -4.266777   -4.266779   -4.266844   -4.266910   -4.266975   -4.267040   -4.267106   -4.267168   -4.267171   -4.267335   -4.267500   -4.267665   -4.268492   -4.269323   -4.270999   -4.272718   -4.274486   -4.276309   -4.278190   -4.280129   -4.282194   -4.284333   -4.286534   -4.288801   -4.291134   -4.293674   -4.296310   -4.299005
   -4.254700   -4.254725   -4.254762   -4.254823   -4.254885   -4.254946   -4.255008   -4.255070   -4.255132   -4.255191   -4.255194   -4.255263   -4.255333   -4.255403   -4.255473   -4.255543   -4.255610   -4.255612   -4.255789   -4.255965   -4.256142   -4.257026   -4.257914   -4.259706   -4.261542   -4.263430   -4.265377   -4.267385   -4.269453   -4.271655   -4.273935   -4.276275   -4.278677   -4.281140   -4.283810   -4.286576   -4.289403
   -4.242216   -4.242243   -4.242282   -4.242348   -4.242414   -4.242480   -4.242546   -4.242612   -4.242679   -4.242742   -4.242745   -4.242819   -4.242894   -4.242969   -4.243044   -4.243119   -4.243191   -4.243194   -4.243382   -4.243571   -4.243761   -4.244709   -4.245661   -4.247582   -4.249550   -4.251572   -4.253657   -4.255805   -4.258018   -4.260371   -4.262807   -4.265306   -4.267870   -4.270498   -4.273345   -4.276288   -4.279282
   -4.228930   -4.228958   -4.228999   -4.229069   -4.229138   -4.229208   -4.229278   -4.229347   -4.229417   -4.229484   -4.229486   -4.229566   -4.229644   -4.229723   -4.229802   -4.229881   -4.229957   -4.229959   -4.230159   -4.230358   -4.230557   -4.231557   -4.232562   -4.234594   -4.236682   -4.238833   -4.241058   -4.243358   -4.245731   -4.248255   -4.250865   -4.253542   -4.256286   -4.259097   -4.262140   -4.265284   -4.268480
   -4.214876   -4.214906   -4.214950   -4.215023   -4.215096   -4.215169   -4.215243   -4.215316   -4.215390   -4.215461   -4.215464   -4.215547   -4.215630   -4.215713   -4.215796   -4.215879   -4.215959   -4.215962   -4.216172   -4.216382   -4.216592   -4.217646   -4.218706   -4.220848   -4.223049   -4.225317   -4.227661   -4.230084   -4.232588   -4.235260   -4.238035   -4.240890   -4.243828   -4.246845   -4.250108   -4.253475   -4.256897
   -4.199998   -4.200029   -4.200076   -4.200153   -4.200230   -4.200308   -4.200385   -4.200463   -4.200541   -4.200615   -4.200618   -4.200706   -4.200793   -4.200881   -4.200969   -4.201056   -4.201141   -4.201144   -4.201365   -4.201587   -4.201809   -4.202921   -4.204039   -4.206299   -4.208620   -4.211012   -4.213485   -4.216041   -4.218681   -4.221498   -4.224423   -4.227433   -4.230530   -4.233716   -4.237179   -4.240770   -4.244436
   -4.184203   -4.184236   -4.184285   -4.184367   -4.184450   -4.184532   -4.184615   -4.184697   -4.184780   -4.184859   -4.184862   -4.184955   -4.185048   -4.185142   -4.185235   -4.185328   -4.185418   -4.185421   -4.185657   -4.185892   -4.186127   -4.187307   -4.188492   -4.190883   -4.193334   -4.195859   -4.198469   -4.201167   -4.203953   -4.206926   -4.210011   -4.213187   -4.216454   -4.219814   -4.223465   -4.227252   -4.231117
   -4.167184   -4.167220   -4.167273   -4.167362   -4.167450   -4.167539   -4.167628   -4.167717   -4.167806   -4.167892   -4.167895   -4.167995   -4.168096   -4.168196   -4.168296   -4.168397   -4.168494   -4.168498   -4.168751   -4.169004   -4.169258   -4.170529   -4.171804   -4.174376   -4.177011   -4.179717   -4.182505   -4.185377   -4.188334   -4.191479   -4.194737   -4.198090   -4.201539   -4.205086   -4.208939   -4.212934   -4.217011
   -4.148718   -4.148757   -4.148814   -4.148910   -4.149006   -4.149102   -4.149199   -4.149295   -4.149391   -4.149483   -4.149487   -4.149596   -4.149704   -4.149813   -4.149922   -4.150031   -4.150136   -4.150140   -4.150414   -4.150688   -4.150963   -4.152338   -4.153717   -4.156498   -4.159344   -4.162265   -4.165273   -4.168370   -4.171556   -4.174941   -4.178440   -4.182026   -4.185700   -4.189463   -4.193535   -4.197753   -4.202059
   -4.128560   -4.128602   -4.128664   -4.128769   -4.128874   -4.128979   -4.129083   -4.129188   -4.129293   -4.129394   -4.129398   -4.129517   -4.129635   -4.129753   -4.129872   -4.129991   -4.130104   -4.130109   -4.130407   -4.130706   -4.131005   -4.132502   -4.134002   -4.137026   -4.140118   -4.143289   -4.146551   -4.149907   -4.153356   -4.157018   -4.160799   -4.164670   -4.168633   -4.172688   -4.177069   -4.181587   -4.186174
   -4.106583   -4.106627   -4.106695   -4.106808   -4.106921   -4.107034   -4.107147   -4.107260   -4.107373   -4.107482   -4.107487   -4.107615   -4.107742   -4.107870   -4.107998   -4.108126   -4.108249   -4.108253   -4.108576   -4.108898   -4.109221   -4.110837   -4.112460   -4.115734   -4.119087   -4.122532   -4.126083   -4.129741   -4.133499   -4.137483   -4.141592   -4.145794   -4.150091   -4.154483   -4.159222   -4.164103   -4.169053
   -4.082705   -4.082754   -4.082827   -4.082949   -4.083071   -4.083194   -4.083316   -4.083438   -4.083561   -4.083679   -4.083683   -4.083822   -4.083960   -4.084098   -4.084237   -4.084375   -4.084508   -4.084514   -4.084862   -4.085211   -4.085560   -4.087309   -4.089063   -4.092603   -4.096225   -4.099945   -4.103776   -4.107722   -4.111783   -4.116099   -4.120561   -4.125135   -4.129822   -4.134608   -4.139764   -4.145067   -4.150437
   -4.056612   -4.056665   -4.056745   -4.056878   -4.057011   -4.057144   -4.057277   -4.057411   -4.057544   -4.057672   -4.057677   -4.057828   -4.057979   -4.058129   -4.058280   -4.058431   -4.058575   -4.058581   -4.058960   -4.059340   -4.059720   -4.061622   -4.063530   -4.067377   -4.071311   -4.075347   -4.079502   -4.083777   -4.088174   -4.092843   -4.097666   -4.102606   -4.107665   -4.112843   -4.118437   -4.124208   -4.130069
   -4.027880   -4.027938   -4.028026   -4.028172   -4.028318   -4.028465   -4.028612   -4.028758   -4.028904   -4.029045   -4.029051   -4.029216   -4.029382   -4.029547   -4.029713   -4.029879   -4.030037   -4.030044   -4.030460   -4.030877   -4.031294   -4.033381   -4.035471   -4.039682   -4.043983   -4.048392   -4.052926   -4.057586   -4.062375   -4.067454   -4.072695   -4.078058   -4.083544   -4.089154   -4.095208   -4.101445   -4.107776
   -3.995784   -3.995850   -3.995948   -3.996111   -3.996274   -3.996438   -3.996601   -3.996765   -3.996928   -3.997085   -3.997092   -3.997276   -3.997461   -3.997645   -3.997830   -3.998015   -3.998192   -3.998199   -3.998664   -3.999128   -3.999593   -4.001917   -4.004244   -4.008925   -4.013696   -4.018575   -4.023581   -4.028713   -4.033975   -4.039541   -4.045276   -4.051137   -4.057124   -4.063239   -4.069828   -4.076607   -4.083478
   -3.959351   -3.959424   -3.959536   -3.959721   -3.959906   -3.960092   -3.960277   -3.960463   -3.960648   -3.960826   -3.960834   -3.961043   -3.961252   -3.961461   -3.961670   -3.961879   -3.962080   -3.962089   -3.962615   -3.963140   -3.963666   -3.966296   -3.968927   -3.974208   -3.979580   -3.985061   -3.990672   -3.996414   -4.002287   -4.008487   -4.014856   -4.021343   -4.027950   -4.034676   -4.041901   -4.049321   -4.056828
   -3.917096   -3.917183   -3.917312   -3.917527   -3.917742   -3.917958   -3.918173   -3.918389   -3.918604   -3.918811   -3.918820   -3.919062   -3.919305   -3.919548   -3.919791   -3.920034   -3.920267   -3.920276   -3.920886   -3.921496   -3.922105   -3.925149   -3.928189   -3.934277   -3.940450   -3.946728   -3.953134   -3.959670   -3.966335   -3.973350   -3.980533   -3.987828   -3.995236   -4.002758   -4.010810   -4.019047   -4.027346
   -3.866516   -3.866620   -3.866776   -3.867035   -3.867294   -3.867554   -3.867813   -3.868072   -3.868331   -3.868580   -3.868590   -3.868882   -3.869174   -3.869466   -3.869758   -3.870050   -3.870330   -3.870341   -3.871073   -3.871804   -3.872535   -3.876179   -3.879810   -3.887054   -3.894364   -3.901766   -3.909287   -3.916924   -3.924675   -3.932795   -3.941072   -3.949441   -3.957903   -3.966460   -3.975583   -3.984877   -3.994205
   -3.802634   -3.802769   -3.802970   -3.803305   -3.803639   -3.803974   -3.804309   -3.804643   -3.804977   -3.805297   -3.805311   -3.805687   -3.806062   -3.806438   -3.806813   -3.807188   -3.807548   -3.807563   -3.808502   -3.809439   -3.810374   -3.815023   -3.819629   -3.828750   -3.837865   -3.847010   -3.856221   -3.865501   -3.874852   -3.884578   -3.894427   -3.904322   -3.914267   -3.924259   -3.934844   -3.945561   -3.956258
   -3.711414   -3.711621   -3.711932   -3.712449   -3.712965   -3.713480   -3.713994   -3.714507   -3.715020   -3.715511   -3.715531   -3.716106   -3.716680   -3.717252   -3.717823   -3.718393   -3.718939   -3.718962   -3.720383   -3.721797   -3.723203   -3.730126   -3.736882   -3.749990   -3.762774   -3.775323   -3.787704   -3.799945   -3.812073   -3.824491   -3.836885   -3.849176   -3.861382   -3.873521   -3.886255   -3.899031   -3.911678
 -999.000000 -999.000000 -999.000000 -999.000000 -999.000000 -999.000000 -999.000000 -999.000000 -999.000000 -999.000000 -999.000000 -999.000000 -999.000000 -999.000000 -999.000000 -999.000000 -999.000000 -999.000000 -999.000000 -999.000000 -999.000000 -999.000000   -3.558618   -3.605608   -3.636117   -3.661262   -3.683536   -3.703918   -3.722950   -3.741527   -3.759353   -3.776459   -3.792956   -3.808954   -3.825361   -3.841499   -3.857203
 -999.000000 -999.000000 -999.000000 -999.000000 -999.000000 -999.000000 -999.000000 -999.000000 -999.000000 -999.000000 -999.000000 -999.000000 -999.000000 -999.000000 -999.000000 -999.000000 -999.000000 -999.000000 -999.000000 -999.000000 -999.000000 -999.000000 -999.000000 -999.000000 -999.000000 -999.000000 -999.000000 -999.000000 -999.000000   -3.550726   -3.619370   -3.657501   -3.688159   -3.714814   -3.740127   -3.763633   -3.785503
 -999.000000 -999.000000 -999.000000 -999.000000 -999.000000 -999.000000 -999.000000 -999.000000 -999.000000 -999.000000 -999.000000 -999.000000 -999.000000 -999.000000 -999.000000 -999.000000 -999.000000 -999.000000 -999.000000 -999.000000 -999.000000 -999.000000 -999.000000 -999.000000 -999.000000 -999.000000 -999.000000 -999.000000 -999.000000 -999.000000 -999.000000 -999.000000 -999.000000 -999.000000 -999.000000   -3.619126   -3.668869
#
# dtdh (rows - delta, columns - depth)
#
   -0.167729   -0.167727   -0.167725   -0.167721   -0.167717   -0.167714   -0.167710   -0.167706   -0.167702   -0.167699   -0.148543   -0.148539   -0.148534   -0.148530   -0.148526   -0.148522   -0.148517   -0.117723   -0.117702   -0.117682   -0.117661   -0.117559 -999.000000 -999.000000 -999.000000 -999.000000 -999.000000 -999.000000 -999.000000 -999.000000 -999.000000 -999.000000 -999.000000 -999.000000 -999.000000 -999.000000 -999.000000
   -0.167729   -0.167727   -0.167725   -0.167721   -0.167717   -0.167714   -0.167710   -0.167706   -0.167702   -0.167699   -0.148543   -0.148539   -0.148534   -0.148530   -0.148526   -0.148522   -0.148517   -0.117723   -0.117702   -0.117682   -0.117661   -0.117559   -0.117455   -0.115958   -0.113649 -999.000000 -999.000000 -999.000000 -999.000000 -999.000000 -999.000000 -999.000000 -999.000000 -999.000000 -999.000000 -999.000000 -999.000000
   -0.167729   -0.167727   -0.167725   -0.167721   -0.167718   -0.167714   -0.167710   -0.167706   -0.167703   -0.167699   -0.148543   -0.148539   -0.148534   -0.148530   -0.148526   -0.148522   -0.148518   -0.117723   -0.117703   -0.117682   -0.117662   -0.117559   -0.117455   -0.115958   -0.113649   -0.110875   -0.108064   -0.105343 -999.000000 -999.000000 -999.000000 -999.000000 -999.000000 -999.000000 -999.000000 -999.000000 -999.000000
   -0.167729   -0.167727   -0.167725   -0.167721   -0.167718   -0.167714   -0.167710   -0.167706   -0.167703   -0.167699   -0.148543   -0.148539   -0.148535   -0.148530   -0.148526   -0.148522   -0.148518   -0.117723   -0.117703   -0.117682   -0.117662   -0.117559   -0.117455   -0.115959   -0.113649   -0.110875   -0.108064   -0.105343   -0.102716   -0.096172 -999.000000 -999.000000 -999.000000 -999.000000 -999.000000 -999.000000 -999.000000
   -0.167729   -0.167728   -0.167725   -0.167722   -0.167718   -0.167714   -0.167710   -0.167707   -0.167703   -0.167699   -0.148543   -0.148539   -0.148535   -0.148531   -0.148526   -0.148522   -0.148518   -0.117723   -0.117703   -0.117683   -0.117662   -0.117559   -0.117456   -0.115959   -0.113650   -0.110875   -0.108064   -0.105343   -0.102716   -0.096172   -0.093994   -0.091866   -0.089784 -999.000000 -999.000000 -999.000000 -999.000000
   -0.167729   -0.167728   -0.167726   -0.167722   -0.167718   -0.167714   -0.167711   -0.167707   -0.167703   -0.167700   -0.148544   -0.148539   -0.148535   -0.148531   -0.148527   -0.148522   -0.148518   -0.117724   -0.117703   -0.117683   -0.117662   -0.117560   -0.117456   -0.115959   -0.113650   -0.110876   -0.108065   -0.105343   -0.102716   -0.096173   -0.093994   -0.091866   -0.089784   -0.087753 -999.000000 -999.000000 -999.000000
   -0.167730   -0.167729   -0.167726   -0.167723   -0.167719   -0.167715   -0.167711   -0.167708   -0.167704   -0.167700   -0.148544   -0.148540   -0.148536   -0.148532   -0.148527   -0.148523   -0.148519   -0.117725   -0.117704   -0.117684   -0.117663   -0.117560   -0.117457   -0.115960   -0.113651   -0.110876   -0.108065   -0.105344   -0.102717   -0.096173   -0.093994   -0.091866   -0.089785   -0.087754   -0.080071   -0.078573   -0.077413
   -0.167731   -0.167730   -0.167727   -0.167724   -0.167720   -0.167716   -0.167712   -0.167709   -0.167705   -0.167701   -0.148546   -0.148541   -0.148537   -0.148533   -0.148528   -0.148524   -0.148520   -0.117726   -0.117706   -0.117685   -0.117665   -0.117562   -0.117458   -0.115961   -0.113652   -0.110878   -0.108067   -0.105345   -0.102718   -0.096174   -0.093995   -0.091867   -0.089786   -0.087755   -0.080072   -0.078574   -0.077413
   -0.167732   -0.167731   -0.167728   -0.167725   -0.167721   -0.167717   -0.167713   -0.167710   -0.167706   -0.167702   -0.148547   -0.148543   -0.148538   -0.148534   -0.148530   -0.148525   -0.148521   -0.117728   -0.117707   -0.117687   -0.117666   -0.117563   -0.117460   -0.115963   -0.113654   -0.110879   -0.108068   -0.105347   -0.102720   -0.096176   -0.093997   -0.091869   -0.089787   -0.087756   -0.080073   -0.078575   -0.077414
   -0.167734   -0.167732   -0.167730   -0.167726   -0.167722   -0.167719   -0.167715   -0.167711   -0.167707   -0.167704   -0.148548   -0.148544   -0.148540   -0.148536   -0.148531   -0.148527   -0.148523   -0.117730   -0.117709   -0.117689   -0.117668   -0.117565   -0.117462   -0.115965   -0.113656   -0.110881   -0.108070   -0.105349   -0.102722   -0.096178   -0.093999   -0.091871   -0.089789   -0.087758   -0.080075   -0.078577   -0.077416
   -0.167735   -0.167734   -0.167732   -0.167728   -0.167724   -0.167720   -0.167717   -0.167713   -0.167709   -0.167705   -0.148550   -0.148546   -0.148542   -0.148537   -0.148533   -0.148529   -0.148525   -0.117732   -0.117712   -0.117691   -0.117671   -0.117568   -0.117464   -0.115967   -0.113658   -0.110884   -0.108073   -0.105351   -0.102724   -0.096181   -0.094002   -0.091873   -0.089792   -0.087760   -0.080078   -0.078580   -0.077418
   -0.167737   -0.167736   -0.167733   -0.167730   -0.167726   -0.167722   -0.167718   -0.167715   -0.167711   -0.167707   -0.148552   -0.148548   -0.148544   -0.148540   -0.148535   -0.148531   -0.148527   -0.117735   -0.117714   -0.117694   -0.117673   -0.117570   -0.117467   -0.115970   -0.113661   -0.110886   -0.108076   -0.105354   -0.102727   -0.096184   -0.094005   -0.091877   -0.089795   -0.087763   -0.080081   -0.078583   -0.077421
   -0.167739   -0.167738   -0.167736   -0.167732   -0.167728   -0.167724   -0.167721   -0.167717   -0.167713   -0.167709   -0.148555   -0.148551   -0.148546   -0.148542   -0.148538   -0.148534   -0.148529   -0.117738   -0.117717   -0.117697   -0.117676   -0.117574   -0.117470   -0.115973   -0.113664   -0.110890   -0.108079   -0.105357   -0.102730   -0.096187   -0.094008   -0.091880   -0.089799   -0.087767   -0.080085   -0.078587   -0.077425
   -0.167742   -0.167740   -0.167738   -0.167734   -0.167731   -0.167727   -0.167723   -0.167719   -0.167716   -0.167712   -0.148558   -0.148553   -0.148549   -0.148545   -0.148541   -0.148536   -0.148532   -0.117741   -0.117721   -0.117700   -0.117680   -0.117577   -0.117473   -0.115977   -0.113668   -0.110893   -0.108083   -0.105361   -0.102734   -0.096191   -0.094012   -0.091884   -0.089803   -0.087771   -0.080090   -0.078591   -0.077430
   -0.167745   -0.167743   -0.167741   -0.167737   -0.167733   -0.167730   -0.167726   -0.167722   -0.167718   -0.167715   -0.148561   -0.148556   -0.148552   -0.148548   -0.148544   -0.148539   -0.148535   -0.117745   -0.117725   -0.117704   -0.117684   -0.117581   -0.117477   -0.115981   -0.113672   -0.110897   -0.108087   -0.105365   -0.102739   -0.096196   -0.094017   -0.091889   -0.089808   -0.087776   -0.080095   -0.078596   -0.077435
   -0.167748   -0.167746   -0.167744   -0.167740   -0.167736   -0.167733   -0.167729   -0.167725   -0.167721   -0.167718   -0.148564   -0.148560   -0.148556   -0.148551   -0.148547   -0.148543   -0.148539   -0.117750   -0.117729   -0.117709   -0.117688   -0.117585   -0.117482   -0.115985   -0.113676   -0.110902   -0.108091   -0.105370   -0.102743   -0.096201   -0.094022   -0.091894   -0.089813   -0.087782   -0.080101   -0.078602   -0.077441
   -0.167751   -0.167749   -0.167747   -0.167743   -0.167740   -0.167736   -0.167732   -0.167728   -0.167725   -0.167721   -0.148568   -0.148564   -0.148559   -0.148555   -0.148551   -0.148547   -0.148542   -0.117754   -0.117734   -0.117713   -0.117693   -0.117590   -0.117486   -0.115990   -0.113681   -0.110907   -0.108097   -0.105376   -0.102749   -0.096207   -0.094028   -0.091900   -0.089819   -0.087788   -0.080107   -0.078609   -0.077447
   -0.167754   -0.167753   -0.167751   -0.167747   -0.167743   -0.167740   -0.167736   -0.167732   -0.167728   -0.167725   -0.148572   -0.148568   -0.148563   -0.148559   -0.148555   -0.148551   -0.148547   -0.117759   -0.117739   -0.117719   -0.117698   -0.117595   -0.117492   -0.115995   -0.113686   -0.110913   -0.108102   -0.105381   -0.102755   -0.096213   -0.094035   -0.091907   -0.089826   -0.087795   -0.080115   -0.078616   -0.077455
   -0.167758   -0.167757   -0.167755   -0.167751   -0.167747   -0.167743   -0.167740   -0.167736   -0.167732   -0.167729   -0.148576   -0.148572   -0.148568   -0.148564   -0.148559   -0.148555   -0.148551   -0.117765   -0.117745   -0.117724   -0.117704   -0.117601   -0.117497   -0.116001   -0.113692   -0.110919   -0.108108   -0.105388   -0.102761   -0.096220   -0.094042   -0.091914   -0.089833   -0.087802   -0.080123   -0.078625   -0.077463
   -0.167763   -0.167761   -0.167759   -0.167755   -0.167751   -0.167748   -0.167744   -0.167740   -0.167737   -0.167733   -0.148581   -0.148577   -0.148573   -0.148568   -0.148564   -0.148560   -0.148556   -0.117771   -0.117751   -0.117730   -0.117710   -0.117607   -0.117503   -0.116007   -0.113699   -0.110925   -0.108115   -0.105395   -0.102769   -0.096228   -0.094050   -0.091922   -0.089841   -0.087810   -0.080132   -0.078634   -0.077472
   -0.167767   -0.167766   -0.167764   -0.167760   -0.167756   -0.167752   -0.167749   -0.167745   -0.167741   -0.167738   -0.148586   -0.148582   -0.148578   -0.148574   -0.148569   -0.148565   -0.148561   -0.117778   -0.117757   -0.117737   -0.117716   -0.117614   -0.117510   -0.116014   -0.113706   -0.110932   -0.108123   -0.105402   -0.102776   -0.096236   -0.094058   -0.091931   -0.089850   -0.087819   -0.080142   -0.078643   -0.077482
   -0.167772   -0.167771   -0.167769   -0.167765   -0.167761   -0.167757   -0.167754   -0.167750   -0.167746   -0.167743   -0.148592   -0.148588   -0.148584   -0.148579   -0.148575   -0.148571   -0.148567   -0.117785   -0.117765   -0.117744   -0.117724   -0.117621   -0.117517   -0.116021   -0.113713   -0.110940   -0.108130   -0.105410   -0.102785   -0.096245   -0.094067   -0.091940   -0.089860   -0.087829   -0.080152   -0.078654   -0.077493
   -0.167778   -0.167776   -0.167774   -0.167770   -0.167766   -0.167763   -0.167759   -0.167755   -0.167751   -0.167748   -0.148598   -0.148594   -0.148590   -0.148585   -0.148581   -0.148577   -0.148573   -0.117793   -0.117772   -0.117752   -0.117731   -0.117628   -0.117525   -0.116029   -0.113721   -0.110948   -0.108139   -0.105419   -0.102794   -0.096255   -0.094077   -0.091950   -0.089870   -0.087840   -0.080164   -0.078666   -0.077505
   -0.167783   -0.167782   -0.167780   -0.167776   -0.167772   -0.167768   -0.167765   -0.167761   -0.167757   -0.167754   -0.148605   -0.148600   -0.148596   -0.148592   -0.148588   -0.148583   -0.148579   -0.117801   -0.117780   -0.117760   -0.117739   -0.117637   -0.117533   -0.116037   -0.113730   -0.110957   -0.108148   -0.105429   -0.102803   -0.096265   -0.094088   -0.091961   -0.089881   -0.087851   -0.080176   -0.078679   -0.077518
   -0.167789   -0.167788   -0.167786   -0.167782   -0.167778   -0.167775   -0.167771   -0.167767   -0.167763   -0.167760   -0.148612   -0.148607   -0.148603   -0.148599   -0.148595   -0.148590   -0.148586   -0.117810   -0.117789   -0.117769   -0.117748   -0.117645   -0.117542   -0.116046   -0.113739   -0.110967   -0.108158   -0.105439   -0.102814   -0.096276   -0.094099   -0.091973   -0.089893   -0.087863   -0.080190   -0.078692   -0.077531
   -0.167796   -0.167794   -0.167792   -0.167788   -0.167785   -0.167781   -0.167777   -0.167774   -0.167770   -0.167766   -0.148619   -0.148615   -0.148610   -0.148606   -0.148602   -0.148598   -0.148594   -0.117819   -0.117798   -0.117778   -0.117758   -0.117655   -0.117551   -0.116056   -0.113749   -0.110977   -0.108168   -0.105449   -0.102825   -0.096288   -0.094111   -0.091985   -0.089906   -0.087876   -0.080204   -0.078707   -0.077546
   -0.167803   -0.167801   -0.167799   -0.167795   -0.167792   -0.167788   -0.167784   -0.167781   -0.167777   -0.167773   -0.148627   -0.148623   -0.148618   -0.148614   -0.148610   -0.148606   -0.148602   -0.117829   -0.117808   -0.117788   -0.117768   -0.117665   -0.117561   -0.116066   -0.113759   -0.110988   -0.108180   -0.105461   -0.102837   -0.096301   -0.094124   -0.091999   -0.089919   -0.087890   -0.080219   -0.078722   -0.077562
   -0.167810   -0.167809   -0.167807   -0.167803   -0.167799   -0.167795   -0.167792   -0.167788   -0.167784   -0.167781   -0.148635   -0.148631   -0.148627   -0.148622   -0.148618   -0.148614   -0.148610   -0.117839   -0.117819   -0.117799   -0.117778   -0.117675   -0.117572   -0.116077   -0.113770   -0.110999   -0.108191   -0.105473   -0.102849   -0.096314   -0.094138   -0.092013   -0.089934   -0.087905   -0.080236   -0.078739   -0.077579
   -0.167818   -0.167817   -0.167814   -0.167811   -0.167807   -0.167803   -0.167800   -0.167796   -0.167792   -0.167788   -0.148644   -0.148640   -0.148636   -0.148631   -0.148627   -0.148623   -0.148619   -0.117851   -0.117830   -0.117810   -0.117789   -0.117687   -0.117583   -0.116089   -0.113782   -0.111011   -0.108204   -0.105486   -0.102863   -0.096329   -0.094153   -0.092028   -0.089950   -0.087921   -0.080253   -0.078757   -0.077597
   -0.167826   -0.167825   -0.167823   -0.167819   -0.167815   -0.167812   -0.167808   -0.167804   -0.167800   -0.167797   -0.148653   -0.148649   -0.148645   -0.148641   -0.148637   -0.148632   -0.148628   -0.117862   -0.117842   -0.117822   -0.117801   -0.117699   -0.117596   -0.116101   -0.113795   -0.111024   -0.108218   -0.105500   -0.102877   -0.096344   -0.094169   -0.092044   -0.089966   -0.087938   -0.080272   -0.078776   -0.077616
   -0.167835   -0.167834   -0.167831   -0.167828   -0.167824   -0.167820   -0.167817   -0.167813   -0.167809   -0.167806   -0.148663   -0.148659   -0.148655   -0.148651   -0.148647   -0.148642   -0.148638   -0.117875   -0.117855   -0.117834   -0.117814   -0.117711   -0.117608   -0.116114   -0.113808   -0.111038   -0.108232   -0.105515   -0.102892   -0.096360   -0.094186   -0.092061   -0.089984   -0.087956   -0.080292   -0.078796   -0.077637
   -0.167845   -0.167843   -0.167841   -0.167837   -0.167833   -0.167830   -0.167826   -0.167822   -0.167819   -0.167815   -0.148674   -0.148670   -0.148666   -0.148661   -0.148657   -0.148653   -0.148649   -0.117888   -0.117868   -0.117848   -0.117827   -0.117725   -0.117622   -0.116128   -0.113823   -0.111053   -0.108247   -0.105530   -0.102908   -0.096378   -0.094203   -0.092080   -0.090003   -0.087976   -0.080313   -0.078818   -0.077659
   -0.167854   -0.167853   -0.167851   -0.167847   -0.167843   -0.167840   -0.167836   -0.167832   -0.167829   -0.167825   -0.148685   -0.148681   -0.148677   -0.148673   -0.148668   -0.148664   -0.148660   -0.117903   -0.117882   -0.117862   -0.117842   -0.117739   -0.117636   -0.116142   -0.113838   -0.111068   -0.108263   -0.105547   -0.102925   -0.096396   -0.094222   -0.092099   -0.090022   -0.087996   -0.080335   -0.078840   -0.077682
   -0.167865   -0.167863   -0.167861   -0.167857   -0.167854   -0.167850   -0.167846   -0.167843   -0.167839   -0.167835   -0.148697   -0.148693   -0.148689   -0.148684   -0.148680   -0.148676   -0.148672   -0.117918   -0.117897   -0.117877   -0.117856   -0.117754   -0.117651   -0.116158   -0.113853   -0.111085   -0.108280   -0.105564   -0.102943   -0.096415   -0.094242   -0.092119   -0.090043   -0.088017   -0.080359   -0.078865   -0.077706
   -0.167876   -0.167874   -0.167872   -0.167868   -0.167865   -0.167861   -0.167857   -0.167854   -0.167850   -0.167846   -0.148709   -0.148705   -0.148701   -0.148697   -0.148693   -0.148688   -0.148684   -0.117933   -0.117913   -0.117893   -0.117872   -0.117770   -0.117667   -0.116174   -0.113870   -0.111102   -0.108298   -0.105583   -0.102962   -0.096436   -0.094263   -0.092141   -0.090066   -0.088040   -0.080384   -0.078890   -0.077732
   -0.167887   -0.167886   -0.167883   -0.167880   -0.167876   -0.167872   -0.167869   -0.167865   -0.167861   -0.167858   -0.148722   -0.148718   -0.148714   -0.148710   -0.148706   -0.148701   -0.148697   -0.117950   -0.117929   -0.117909   -0.117889   -0.117787   -0.117684   -0.116191   -0.113888   -0.111120   -0.108316   -0.105602   -0.102982   -0.096457   -0.094285   -0.092164   -0.090089   -0.088064   -0.080410   -0.078917   -0.077760
   -0.167899   -0.167898   -0.167896   -0.167892   -0.167888   -0.167885   -0.167881   -0.167877   -0.167874   -0.167870   -0.148736   -0.148732   -0.148728   -0.148724   -0.148719   -0.148715   -0.148711   -0.117967   -0.117947   -0.117927   -0.117906   -0.117804   -0.117701   -0.116209   -0.113906   -0.111139   -0.108336   -0.105622   -0.103003   -0.096480   -0.094308   -0.092188   -0.090114   -0.088090   -0.080438   -0.078946   -0.077789
   -0.167912   -0.167911   -0.167909   -0.167905   -0.167902   -0.167898   -0.167894   -0.167890   -0.167887   -0.167883   -0.148751   -0.148747   -0.148743   -0.148738   -0.148734   -0.148730   -0.148726   -0.117986   -0.117966   -0.117945   -0.117925   -0.117823   -0.117720   -0.116228   -0.113926   -0.111159   -0.108357   -0.105644   -0.103026   -0.096504   -0.094333   -0.092213   -0.090140   -0.088116   -0.080467   -0.078976   -0.077819
   -0.167926   -0.167925   -0.167923   -0.167919   -0.167915   -0.167912   -0.167908   -0.167904   -0.167901   -0.167897   -0.148767   -0.148763   -0.148758   -0.148754   -0.148750   -0.148746   -0.148742   -0.118006   -0.117986   -0.117965   -0.117945   -0.117843   -0.117741   -0.116249   -0.113947   -0.111181   -0.108379   -0.105667   -0.103049   -0.096529   -0.094359   -0.092240   -0.090167   -0.088144   -0.080498   -0.079007   -0.077851
   -0.167941   -0.167940   -0.167938   -0.167934   -0.167930   -0.167927   -0.167923   -0.167919   -0.167916   -0.167912   -0.148784   -0.148779   -0.148775   -0.148771   -0.148767   -0.148763   -0.148759   -0.118027   -0.118007   -0.117987   -0.117966   -0.117865   -0.117762   -0.116271   -0.113969   -0.111204   -0.108403   -0.105692   -0.103075   -0.096556   -0.094387   -0.092268   -0.090196   -0.088175   -0.080531   -0.079041   -0.077885
   -0.167957   -0.167955   -0.167953   -0.167950   -0.167946   -0.167942   -0.167939   -0.167935   -0.167931   -0.167928   -0.148801   -0.148797   -0.148793   -0.148789   -0.148785   -0.148780   -0.148776   -0.118049   -0.118029   -0.118009   -0.117989   -0.117887   -0.117785   -0.116294   -0.113993   -0.111229   -0.108429   -0.105718   -0.103102   -0.096585   -0.094417   -0.092299   -0.090228   -0.088207   -0.080567   -0.079077   -0.077922
   -0.167973   -0.167972   -0.167970   -0.167966   -0.167962   -0.167959   -0.167955   -0.167951   -0.167948   -0.167944   -0.148820   -0.148816   -0.148812   -0.148807   -0.148803   -0.148799   -0.148795   -0.118073   -0.118053   -0.118033   -0.118012   -0.117911   -0.117808   -0.116318   -0.114018   -0.111255   -0.108455   -0.105746   -0.103130   -0.096616   -0.094448   -0.092331   -0.090261   -0.088241   -0.080604   -0.079115   -0.077961
   -0.167990   -0.167989   -0.167987   -0.167983   -0.167980   -0.167976   -0.167972   -0.167969   -0.167965   -0.167962   -0.148839   -0.148835   -0.148831   -0.148827   -0.148823   -0.148819   -0.148815   -0.118098   -0.118077   -0.118057   -0.118037   -0.117936   -0.117833   -0.116344   -0.114044   -0.111282   -0.108484   -0.105775   -0.103160   -0.096648   -0.094482   -0.092366   -0.090296   -0.088277   -0.080644   -0.079156   -0.078002
   -0.168008   -0.168007   -0.168005   -0.168001   -0.167998   -0.167994   -0.167990   -0.167987   -0.167983   -0.167980   -0.148860   -0.148856   -0.148852   -0.148847   -0.148843   -0.148839   -0.148835   -0.118123   -0.118103   -0.118083   -0.118063   -0.117962   -0.117860   -0.116371   -0.114072   -0.111310   -0.108513   -0.105805   -0.103192   -0.096682   -0.094516   -0.092402   -0.090333   -0.088315   -0.080686   -0.079198   -0.078046
   -0.168027   -0.168026   -0.168024   -0.168020   -0.168017   -0.168013   -0.168009   -0.168006   -0.168002   -0.167999   -0.148881   -0.148877   -0.148873   -0.148869   -0.148865   -0.148861   -0.148857   -0.118151   -0.118130   -0.118110   -0.118090   -0.117989   -0.117887   -0.116399   -0.114101   -0.111340   -0.108544   -0.105837   -0.103225   -0.096718   -0.094553   -0.092439   -0.090372   -0.088355   -0.080730   -0.079243   -0.078091
   -0.168047   -0.168046   -0.168044   -0.168040   -0.168037   -0.168033   -0.168029   -0.168026   -0.168022   -0.168019   -0.148904   -0.148900   -0.148896   -0.148892   -0.148887   -0.148883   -0.148879   -0.118179   -0.118159   -0.118139   -0.118119   -0.118018   -0.117916   -0.116428   -0.114131   -0.111372   -0.108577   -0.105871   -0.103260   -0.096755   -0.094592   -0.092479   -0.090413   -0.088397   -0.080776   -0.079291   -0.078140
   -0.168068   -0.168067   -0.168065   -0.168061   -0.168058   -0.168054   -0.168050   -0.168047   -0.168043   -0.168040   -0.148928   -0.148923   -0.148919   -0.148915   -0.148911   -0.148907   -0.148903   -0.118209   -0.118189   -0.118169   -0.118149   -0.118048   -0.117946   -0.116459   -0.114163   -0.111405   -0.108611   -0.105906   -0.103296   -0.096794   -0.094632   -0.092520   -0.090456   -0.088441   -0.080824   -0.079340   -0.078190
   -0.168090   -0.168089   -0.168087   -0.168083   -0.168080   -0.168076   -0.168073   -0.168069   -0.168066   -0.168062   -0.148953   -0.148949   -0.148945   -0.148941   -0.148936   -0.148932   -0.148928   -0.118241   -0.118221   -0.118201   -0.118181   -0.118080   -0.117979   -0.116492   -0.114197   -0.111440   -0.108647   -0.105943   -0.103334   -0.096835   -0.094674   -0.092564   -0.090501   -0.088488   -0.080875   -0.079392   -0.078243
   -0.168114   -0.168113   -0.168111   -0.168107   -0.168104   -0.168100   -0.168097   -0.168093   -0.168089   -0.168086   -0.148980   -0.148976   -0.148972   -0.148968   -0.148963   -0.148959   -0.148956   -0.118275   -0.118255   -0.118235   -0.118215   -0.118114   -0.118013   -0.116527   -0.114233   -0.111477   -0.108685   -0.105983   -0.103375   -0.096879   -0.094719   -0.092610   -0.090548   -0.088536   -0.080929   -0.079447   -0.078299
   -0.168140   -0.168138   -0.168136   -0.168133   -0.168129   -0.168126   -0.168122   -0.168119   -0.168115   -0.168112   -0.149009   -0.149005   -0.149001   -0.148997   -0.148992   -0.148988   -0.148984   -0.118311   -0.118292   -0.118272   -0.118252   -0.118151   -0.118050   -0.116565   -0.114272   -0.111516   -0.108726   -0.106025   -0.103418   -0.096925   -0.094767   -0.092659   -0.090598   -0.088588   -0.080985   -0.079505   -0.078358
   -0.168167   -0.168165   -0.168163   -0.168160   -0.168156   -0.168153   -0.168149   -0.168146   -0.168142   -0.168139   -0.149039   -0.149035   -0.149031   -0.149027   -0.149023   -0.149019   -0.149015   -0.118350   -0.118330   -0.118310   -0.118290   -0.118190   -0.118089   -0.116605   -0.114313   -0.111559   -0.108770   -0.106070   -0.103465   -0.096975   -0.094818   -0.092711   -0.090652   -0.088643   -0.081045   -0.079566   -0.078420
   -0.168195   -0.168194   -0.168192   -0.168188   -0.168185   -0.168181   -0.168178   -0.168174   -0.168171   -0.168167   -0.149072   -0.149068   -0.149064   -0.149060   -0.149056   -0.149052   -0.149048   -0.118391   -0.118371   -0.118351   -0.118331   -0.118231   -0.118131   -0.116647   -0.114356   -0.111604   -0.108816   -0.106118   -0.103515   -0.097028   -0.094872   -0.092768   -0.090709   -0.088702   -0.081110   -0.079632   -0.078486
   -0.168226   -0.168224   -0.168222   -0.168219   -0.168215   -0.168212   -0.168208   -0.168205   -0.168201   -0.168198   -0.149106   -0.149102   -0.149098   -0.149094   -0.149090   -0.149086   -0.149082   -0.118434   -0.118414   -0.118394   -0.118375   -0.118275   -0.118174   -0.116692   -0.114402   -0.111651   -0.108865   -0.106169   -0.103567   -0.097085   -0.094930   -0.092827   -0.090771   -0.088764   -0.081179   -0.079702   -0.078558
   -0.168257   -0.168256   -0.168254   -0.168250   -0.168247   -0.168243   -0.168240   -0.168236   -0.168233   -0.168230   -0.149142   -0.149138   -0.149134   -0.149130   -0.149126   -0.149122   -0.149118   -0.118480   -0.118460   -0.118440   -0.118420   -0.118321   -0.118220   -0.116739   -0.114450   -0.111701   -0.108917   -0.106222   -0.103622   -0.097144   -0.094991   -0.092890   -0.090835   -0.088831   -0.081252   -0.079777   -0.078634
   -0.168292   -0.168290   -0.168288   -0.168285   -0.168281   -0.168278   -0.168274   -0.168271   -0.168267   -0.168264   -0.149180   -0.149177   -0.149173   -0.149169   -0.149165   -0.149161   -0.149157   -0.118528   -0.118509   -0.118489   -0.118469   -0.118370   -0.118270   -0.116789   -0.114502   -0.111754   -0.108971   -0.106278   -0.103680   -0.097206   -0.095056   -0.092956   -0.090903   -0.088901   -0.081329   -0.079855   -0.078714
   -0.168328   -0.168327   -0.168325   -0.168322   -0.168318   -0.168315   -0.168311   -0.168308   -0.168304   -0.168301   -0.149222   -0.149218   -0.149214   -0.149210   -0.149206   -0.149202   -0.149199   -0.118581   -0.118561   -0.118542   -0.118522   -0.118423   -0.118323   -0.116843   -0.114557   -0.111811   -0.109030   -0.106339   -0.103742   -0.097273   -0.095124   -0.093026   -0.090975   -0.088975   -0.081410   -0.079938   -0.078798
   -0.168368   -0.168367   -0.168365   -0.168362   -0.168358   -0.168355   -0.168351   -0.168348   -0.168344   -0.168341   -0.149268   -0.149264   -0.149260   -0.149256   -0.149252   -0.149248   -0.149244   -0.118638   -0.118619   -0.118599   -0.118579   -0.118480   -0.118380   -0.116902   -0.114617   -0.111873   -0.109094   -0.106404   -0.103810   -0.097345   -0.095198   -0.093102   -0.091052   -0.089054   -0.081496   -0.080026   -0.078888
   -0.168412   -0.168411   -0.168409   -0.168405   -0.168402   -0.168398   -0.168395   -0.168391   -0.168388   -0.168385   -0.149317   -0.149313   -0.149309   -0.149305   -0.149301   -0.149297   -0.149293   -0.118700   -0.118681   -0.118661   -0.118641   -0.118542   -0.118443   -0.116965   -0.114683   -0.111940   -0.109163   -0.106475   -0.103883   -0.097423   -0.095277   -0.093183   -0.091136   -0.089139   -0.081589   -0.080121   -0.078984
   -0.168459   -0.168458   -0.168456   -0.168452   -0.168449   -0.168445   -0.168442   -0.168439   -0.168435   -0.168432   -0.149370   -0.149366   -0.149362   -0.149358   -0.149354   -0.149350   -0.149347   -0.118767   -0.118748   -0.118728   -0.118708   -0.118610   -0.118511   -0.117034   -0.114753   -0.112013   -0.109238   -0.106552   -0.103962   -0.097507   -0.095364   -0.093272   -0.091227   -0.089232   -0.081690   -0.080223   -0.079087
   -0.168510   -0.168509   -0.168507   -0.168503   -0.168500   -0.168496   -0.168493   -0.168490   -0.168486   -0.168483   -0.149428   -0.149424   -0.149420   -0.149416   -0.149412   -0.149408   -0.149404   -0.118840   -0.118820   -0.118801   -0.118781   -0.118683   -0.118584   -0.117109   -0.114830   -0.112091   -0.109319   -0.106636   -0.104048   -0.097599   -0.095458   -0.093368   -0.091325   -0.089333   -0.081800   -0.080335   -0.079200
   -0.168566   -0.168564   -0.168562   -0.168559   -0.168556   -0.168552   -0.168549   -0.168546   -0.168542   -0.168539   -0.149491   -0.149487   -0.149483   -0.149479   -0.149475   -0.149471   -0.149468   -0.118919   -0.118900   -0.118880   -0.118861   -0.118763   -0.118664   -0.117190   -0.114913   -0.112177   -0.109407   -0.106726   -0.104141   -0.097698   -0.095560   -0.093472   -0.091432   -0.089442   -0.081919   -0.080456   -0.079323
   -0.168627   -0.168626   -0.168624   -0.168621   -0.168617   -0.168614   -0.168611   -0.168607   -0.168604   -0.168601   -0.149560   -0.149557   -0.149553   -0.149549   -0.149545   -0.149541   -0.149538   -0.119007   -0.118988   -0.118968   -0.118949   -0.118851   -0.118752   -0.117279   -0.115004   -0.112271   -0.109503   -0.106825   -0.104242   -0.097807   -0.095671   -0.093586   -0.091548   -0.089560   -0.082048   -0.080587   -0.079455
   -0.168697   -0.168696   -0.168694   -0.168690   -0.168687   -0.168684   -0.168680   -0.168677   -0.168674   -0.168670   -0.149639   -0.149635   -0.149631   -0.149627   -0.149624   -0.149620   -0.149616   -0.119106   -0.119086   -0.119067   -0.119047   -0.118950   -0.118851   -0.117380   -0.115106   -0.112375   -0.109610   -0.106935   -0.104355   -0.097926   -0.095793   -0.093710   -0.091675   -0.089689   -0.082189   -0.080730   -0.079599
   -0.168777   -0.168775   -0.168773   -0.168770   -0.168767   -0.168763   -0.168760   -0.168757   -0.168754   -0.168750   -0.149729   -0.149725   -0.149721   -0.149717   -0.149714   -0.149710   -0.149706   -0.119219   -0.119200   -0.119180   -0.119161   -0.119063   -0.118964   -0.117494   -0.115222   -0.112494   -0.109731   -0.107059   -0.104481   -0.098060   -0.095929   -0.093849   -0.091816   -0.089833   -0.082344   -0.080887   -0.079758
   -0.168871   -0.168870   -0.168868   -0.168864   -0.168861   -0.168858   -0.168854   -0.168851   -0.168848   -0.168845   -0.149835   -0.149831   -0.149828   -0.149824   -0.149820   -0.149816   -0.149812   -0.119352   -0.119333   -0.119313   -0.119294   -0.119195   -0.119096   -0.117627   -0.115357   -0.112631   -0.109871   -0.107201   -0.104626   -0.098213   -0.096084   -0.094006   -0.091975   -0.089994   -0.082519   -0.081062   -0.079934
   -0.168988   -0.168987   -0.168985   -0.168982   -0.168978   -0.168975   -0.168972   -0.168968   -0.168965   -0.168962   -0.149967   -0.149963   -0.149959   -0.149955   -0.149952   -0.149948   -0.149944   -0.119517   -0.119498   -0.119478   -0.119458   -0.119359   -0.119259   -0.117789   -0.115521   -0.112796   -0.110038   -0.107370   -0.104797   -0.098393   -0.096265   -0.094188   -0.092159   -0.090180   -0.082718   -0.081262   -0.080133
   -0.169152   -0.169151   -0.169149   -0.169145   -0.169142   -0.169138   -0.169135   -0.169131   -0.169128   -0.169124   -0.150150   -0.150146   -0.150142   -0.150138   -0.150134   -0.150130   -0.150126   -0.119745   -0.119725   -0.119704   -0.119684   -0.119581   -0.119477   -0.118004   -0.115733   -0.113008   -0.110250   -0.107582   -0.105008   -0.098613   -0.096485   -0.094408   -0.092378   -0.090399   -0.082952   -0.081495   -0.080364
 -999.000000 -999.000000 -999.000000 -999.000000 -999.000000 -999.000000 -999.000000 -999.000000 -999.000000 -999.000000 -999.000000 -999.000000 -999.000000 -999.000000 -999.000000 -999.000000 -999.000000 -999.000000 -999.000000 -999.000000 -999.000000 -999.000000   -0.119931   -0.118385   -0.116082   -0.113337   -0.110564   -0.107884   -0.105302   -0.098911   -0.096775   -0.094692   -0.092657   -0.090674   -0.083240   -0.081778   -0.080642
 -999.000000 -999.000000 -999.000000 -999.000000 -999.000000 -999.000000 -999.000000 -999.000000 -999.000000 -999.000000 -999.000000 -999.000000 -999.000000 -999.000000 -999.000000 -999.000000 -999.000000 -999.000000 -999.000000 -999.000000 -999.000000 -999.000000 -999.000000 -999.000000 -999.000000 -999.000000 -999.000000 -999.000000 -999.000000   -0.099567   -0.097282   -0.095143   -0.093073   -0.091065   -0.083635   -0.082154   -0.081001
 -999.000000 -999.000000 -999.000000 -999.000000 -999.000000 -999.000000 -999.000000 -999.000000 -999.000000 -999.000000 -999.000000 -999.000000 -999.000000 -999.000000 -999.000000 -999.000000 -999.000000 -999.000000 -999.000000 -999.000000 -999.000000 -999.000000 -999.000000 -999.000000 -999.000000 -999.000000 -999.000000 -999.000000 -999.000000 -999.000000 -999.000000 -999.000000 -999.000000 -999.000000 -999.000000   -0.082826   -0.081566
#
# iasp91 travel-time table for P'P'ab
#
