#
#
# Flinn-Engdahl regionalization scheme, 1995 version
#
#
# Young, J.B., Presgrave, B.W., Aichele, H., Wiens, D.A. and Flinn, E.A., 
# 1996, The Flinn-Engdahl Regionalisation Scheme: the 1995 revision, 
# Physics of the Earth and Planetary Interiors, 96, 223-297.
#
# Flinn, E.A., Engdahl, E.R. and Hill, A.R., 1974, 
# Seismic and geographical regionalization, 
# Bulletin of the Seismological Society of America, 64, 771-993.
#
# Flinn, E.A., and Engdahl, E.R., 1965, 
# A proposed basis for geographical and seismic regionalization, 
# Reviews of Geophysics, 3, 123-149.
#
# File format:
#    the first part of this file consists of columns:
#         number of longitudes, longitudes
#    the second part of this file consists of columns:
#         number of grns, geographic region numbers
#
#     latitudes are from 90N to 90S
#
# number of latitudes; number of longitudes for each lat
181
2 2 7 8 8 8 9 9 12 15 13 13 17 16 17 20 19 18 23 24 23 24 23 22 24 24 26 27 23 29 34 33 36 38 38 43 44 49 51 47 44 40 43 51 47 49 51 53 52 55 55 61 57 61 54 54 54 51 51 48 48 49 55 50 50 48 47 49 49 48 56 57 56 51 51 48 52 57 56 60 58 55 52 53 52 56 50 52 49 43 48 51 51 50 47 49 48 52 50 53 51 53 48 43 43 41 41 41 41 42 41 41 40 40 39 46 42 36 36 39 38 38 37 39 42 38 36 34 34 33 31 31 28 26 27 27 28 27 27 29 30 30 28 28 26 24 23 22 21 21 18 15 11 12 11 16 13 11 11 7 9 8 10 11 8 7 7 6 4 2 2 2 2 2 2 2 2 2 2 2 2 
#
# First part: longitude ranges
#
2 -180 180
2 -180 180
7 -180 -75 -10 35 70 100 180
8 -180 -75 -10 35 70 120 170 180
8 -180 -60 -10 35 70 120 170 180
8 -180 -60 -10 35 70 130 160 180
9 -180 -80 -60 -10 35 70 135 155 180
9 -180 -90 -60 -10 35 70 135 155 180
12 -180 -95 -65 -10 5 35 70 85 110 135 155 180
15 -180 -100 -67 -55 -40 -30 -15 5 35 70 85 110 135 155 180
13 -180 -110 -70 -40 -17 5 35 70 85 110 135 161 180
13 -180 -120 -73 -40 -17 5 35 70 93 110 135 161 180
17 -180 -125 -73 -40 -17 5 35 65 70 88 97 101 116 135 154 161 180
16 -180 -166 -125 -78 -71 -40 -17 5 25 58 70 88 116 135 161 180
17 -180 -166 -125 -79 -60 -40 -17 10 25 54 67 81 85 116 135 155 180
20 -180 -166 -125 -116 -79 -58 -40 -17 10 20 52 62 79 85 88 110 130 135 155 180
19 -180 -166 -127 -90 -76 -57 -40 -20 10 20 52 59 69 85 110 130 135 145 180
18 -180 -166 -127 -90 -74 -57 -40 -20 0 20 50 59 68 85 130 139 151 180
23 -180 -177 -166 -158 -154 -127 -90 -71 -56 -40 -20 0 20 23 29 50 59 66 85 130 159 178 180
24 -180 -177 -163 -141 -130 -90 -67 -55 -40 -20 0 18 31 50 58 61 66 85 130 161 168 172 178 180
23 -180 -178 -164 -141 -137 -78 -67 -55 -40 -20 0 15 26 28 29 32 37 48 66 85 130 150 180
24 -180 -176 -167 -141 -136 -75 -65 -54 -40 -25 -10 12 20 22 28 30 40 43 64 68 85 130 158 180
23 -180 -172 -170 -166 -141 -136 -74 -63 -54 -40 -30 -10 12 17 24 29 30 61 68 85 130 178 180
22 -180 -169 -167 -141 -134 -75 -61 -54 -40 -33 -30 -10 11 16 24 29 30 55 68 85 130 180
24 -180 -169 -168 -141 -132 -79 -62 -54 -40 -35 -30 -23 -14 -10 10 14 24 29 31 55 68 85 130 180
24 -180 -171 -167 -161 -141 -131 -79 -64 -53 -40 -30 -23 -14 -10 10 14 23 29 31 55 65 85 130 180
26 -180 -172 -168 -165 -161 -141 -130 -80 -71 -64 -52 -40 -30 -21 -18 -10 7 12 21 30 32 55 65 85 130 180
27 -180 -170 -169 -166 -161 -141 -129 -91 -80 -78 -72 -70 -64 -51 -40 -30 -10 5 12 20 30 32 55 63 85 130 180
23 -180 -167 -141 -127 -93 -79 -71 -64 -50 -42 -30 -10 4 12 19 28 31 55 63 85 130 176 180
29 -180 -168 -152 -148 -142 -139 -124 -94 -78 -69 -65 -64 -49 -42 -31 -27 -4 0 4 12 19 27 29 55 63 85 130 173 180
34 -180 -168 -152 -148 -142 -134 -120 -110 -102 -94 -78 -69 -66 -65 -63 -52 -33 -28 -4 0 4 12 19 21 55 63 110 120 142 156 160 165 171 180
33 -180 -163 -158 -154 -151 -142 -139 -133 -120 -110 -102 -93 -78 -64 -62 -52 -35 -29 -8 -2 5 10 18 21 55 63 110 120 142 155 157 165 180
36 -180 -172 -167 -163 -159 -155 -151 -142 -137 -132 -120 -110 -102 -90 -78 -64 -61 -52 -37 -30 -8 -1 8 11 17 21 55 63 102 113 120 141 156 162 164 180
38 -180 -172 -167 -163 -162 -155 -151 -142 -136 -130 -120 -110 -102 -90 -88 -77 -64 -61 -52 -37 -31 -8 -1 8 12 17 21 55 63 102 113 120 139 155 161 164 170 180
38 -180 -169 -165 -163 -157 -151 -142 -135 -130 -120 -110 -102 -91 -86 -78 -64 -59 -52 -37 -32 -9 -1 8 13 15 21 55 63 102 113 120 139 155 161 163 164 170 180
43 -180 -172 -165 -163 -160 -142 -135 -131 -130 -120 -110 -102 -93 -81 -68 -57 -52 -37 -32 -11 -8 0 8 14 16 20 55 63 65 71 102 113 120 137 141 144 155 159 163 164 170 175 180
44 -180 -172 -165 -163 -142 -135 -130 -120 -110 -102 -95 -81 -68 -55 -52 -37 -32 -25 -11 -6 1 5 7 14 24 55 61 65 75 78 102 113 119 127 137 141 144 155 158 161 164 170 175 180
49 -180 -172 -166 -165 -142 -135 -129 -118 -110 -102 -95 -80 -66 -55 -52 -37 -32 -25 -11 -6 2 4 7 14 24 55 61 65 75 79 97 101 102 113 119 121 125 127 137 141 144 152 156 158 159 164 170 175 180
51 -180 -172 -167 -165 -142 -135 -129 -127 -117 -110 -102 -95 -80 -67 -57 -55 -52 -33 -24 -11 -6 2 3 6 15 24 50 53 55 61 65 75 80 97 103 113 119 121 126 128 137 141 144 152 156 157 159 164 170 175 180
47 -180 -172 -165 -142 -132 -125 -115 -110 -102 -95 -79 -67 -58 -55 -52 -33 -24 -6 1 3 6 13 16 24 49 65 75 84 89 99 102 109 113 117 118 120 126 128 137 141 145 150 153 158 164 175 180
44 -180 -165 -142 -132 -123 -114 -110 -102 -95 -79 -67 -65 -61 -59 -53 -52 -34 -24 -3 6 13 19 23 47 65 75 86 88 91 94 99 107 117 120 126 131 137 141 145 148 153 157 164 180
40 -180 -165 -142 -132 -123 -117 -116 -104 -97 -94 -79 -70 -64 -59 -53 -52 -34 -24 -5 8 13 17 21 22 47 65 75 85 87 88 116 129 135 141 144 148 151 156 164 180
43 -180 -165 -142 -132 -125 -124 -117 -116 -104 -97 -90 -86 -79 -70 -68 -64 -59 -52 -34 -24 -5 7 9 10 17 22 28 48 65 75 82 86 91 119 130 135 141 144 146 150 155 164 180
51 -180 -165 -142 -132 -125 -124 -123 -117 -114 -104 -97 -92 -90 -84 -79 -70 -68 -64 -62 -59 -56 -52 -35 -23 -5 -2 6 10 13 14 17 21 28 49 50 53 65 75 82 85 91 117 133 135 141 144 146 149 154 164 180
47 -180 -165 -142 -132 -125 -124 -119 -117 -114 -104 -97 -93 -88 -83 -74 -71 -67 -65 -59 -35 -22 -5 -2 7 14 21 28 32 37 48 51 58 59 65 75 80 83 91 115 130 134 138 141 146 152 164 180
49 -180 -132 -125 -124 -117 -114 -112 -111 -109 -104 -97 -92 -87 -82 -76 -73 -71 -67 -62 -35 -20 -5 -2 7 13 15 22 29 33 37 44 48 50 56 61 65 75 80 81 95 112 130 134 137 141 146 150 155 180
51 -180 -132 -125 -124 -117 -114 -111 -104 -97 -91 -87 -82 -79 -73 -71 -70 -67 -65 -35 -20 -10 -2 0 3 8 10 14 16 23 28 39 45 48 51 56 62 64 65 75 80 81 96 112 130 132 136 140 146 148 153 180
53 -180 -132 -125 -124 -117 -114 -111 -104 -97 -91 -88 -87 -83 -80 -73 -70 -66 -35 -20 -10 -2 4 8 10 15 18 22 28 41 45 48 52 56 58 59 65 71 75 80 81 96 97 100 111 129 130 132 135 136 139 146 150 180
52 -180 -132 -125 -124 -120 -114 -111 -104 -96 -91 -87 -85 -80 -75 -73 -69 -35 -20 -10 -6 4 8 10 12 17 19 21 23 27 41 44 45 49 52 55 56 57 61 65 69 76 80 95 97 111 126 131 136 139 146 150 180
55 -180 -132 -125 -124 -120 -114 -109 -102 -96 -95 -91 -87 -85 -81 -75 -74 -72 -69 -35 -20 -10 -7 1 5 8 10 14 18 19 20 21 24 26 43 45 50 52 62 65 69 72 74 78 94 98 111 125 130 136 139 140 141 143 148 180
55 -180 -132 -125 -123 -120 -114 -109 -102 -95 -94 -91 -87 -85 -81 -79 -77 -75 -74 -69 -35 -33 -27 -20 -10 -7 1 5 8 10 15 19 21 23 26 44 49 53 63 65 68 72 73 74 94 101 111 124 129 136 139 140 142 143 148 180
61 -180 -132 -124 -123 -120 -118 -114 -109 -102 -95 -94 -91 -90 -88 -86 -83 -80 -77 -75 -69 -35 -31 -25 -20 -10 -7 1 5 11 16 18 20 24 27 44 45 47 48 49 53 55 58 65 68 70 72 73 75 91 100 104 111 124 129 136 138 140 141 143 148 180
57 -180 -132 -123 -119 -117 -114 -109 -102 -95 -94 -91 -90 -89 -88 -83 -80 -77 -75 -69 -36 -35 -31 -25 -20 -10 -7 0 9 11 16 21 25 27 44 45 49 53 56 57 60 64 65 72 74 76 91 102 104 111 124 130 136 139 141 142 148 180
61 -180 -132 -123 -118 -115 -114 -112 -109 -103 -100 -95 -94 -91 -89 -82 -75 -69 -37 -35 -27 -25 -20 -10 -8 -2 0 8 12 14 16 21 25 29 36 41 44 46 49 50 59 62 63 65 71 73 75 79 91 103 105 107 109 123 125 130 136 137 140 142 148 180
54 -180 -130 -122 -116 -114 -112 -109 -103 -100 -95 -94 -90 -84 -75 -69 -39 -35 -20 -10 -8 -2 8 12 23 27 28 31 35 41 45 47 50 61 64 65 71 73 75 79 81 82 90 103 109 121 125 130 132 137 139 140 142 148 180
54 -180 -127 -121 -115 -114 -112 -109 -103 -100 -95 -94 -91 -88 -85 -83 -79 -76 -69 -41 -35 -20 -10 -8 -2 8 12 23 27 31 35 41 45 46 50 61 65 71 74 75 78 80 90 102 107 121 125 130 133 136 137 140 141 148 180
54 -180 -127 -120 -115 -114 -112 -109 -103 -100 -95 -94 -91 -88 -85 -82 -78 -69 -42 -30 -22 -10 -9 -2 8 12 25 35 39 45 47 50 61 65 70 74 75 76 77 78 80 90 102 103 106 121 125 129 132 135 137 138 141 148 180
51 -180 -125 -118 -115 -112 -109 -103 -100 -95 -94 -91 -88 -85 -81 -79 -69 -43 -32 -22 -10 -1 8 11 16 19 25 34 37 39 46 48 50 61 65 69 74 75 78 80 96 97 98 108 122 126 128 132 135 137 144 180
51 -180 -170 -122 -117 -115 -113 -112 -109 -107 -105 -100 -95 -94 -92 -88 -85 -81 -69 -44 -34 -22 -10 -3 9 10 18 19 25 34 37 41 47 48 50 61 65 68 74 75 78 80 99 110 122 126 129 132 137 144 177 180
48 -180 -165 -122 -117 -115 -113 -109 -106 -104 -100 -95 -94 -90 -88 -83 -81 -69 -46 -36 -22 -10 -3 9 10 25 34 37 43 47 49 50 61 65 66 73 75 79 81 99 109 123 126 129 132 137 144 177 180
48 -180 -165 -122 -116 -114 -112 -109 -105 -100 -95 -94 -89 -86 -83 -80 -69 -47 -38 -22 -11 -5 10 25 35 44 47 49 50 61 65 72 74 80 81 84 94 97 99 109 123 126 129 131 132 137 144 177 180
49 -180 -160 -121 -115 -113 -111 -109 -104 -101 -100 -98 -95 -83 -80 -69 -47 -39 -22 -13 -7 10 25 35 44 49 51 62 65 71 73 80 82 86 92 98 99 100 106 108 109 122 126 128 131 132 137 145 177 180
55 -180 -160 -121 -115 -112 -110 -108 -106 -100 -99 -98 -97 -83 -80 -75 -69 -47 -41 -22 -14 -9 10 25 34 35 44 50 52 63 65 69 72 81 85 88 89 92 93 95 98 99 101 103 105 118 122 123 126 127 131 132 137 145 177 180
50 -180 -150 -120 -114 -112 -109 -100 -98 -97 -83 -80 -74 -69 -48 -42 -22 -15 -9 -7 10 25 34 36 44 52 53 62 65 69 71 84 88 90 95 96 98 99 102 103 104 117 121 123 126 130 132 137 145 177 180
50 -180 -150 -120 -113 -111 -108 -98 -97 -82 -80 -73 -69 -48 -42 -22 -16 -12 -6 10 25 35 36 44 52 55 57 62 65 70 71 88 93 94 96 97 99 104 116 120 121 122 123 125 126 129 132 137 145 177 180
48 -180 -150 -120 -119 -113 -110 -108 -97 -82 -80 -72 -69 -48 -43 -18 -12 -7 -4 10 25 36 37 45 57 61 66 68 71 88 89 91 93 95 97 99 105 114 119 120 122 123 126 127 132 137 145 177 180
47 -180 -178 -150 -120 -118 -111 -109 -107 -106 -97 -86 -78 -69 -48 -43 -18 -12 -6 -3 12 25 36 38 45 60 61 67 68 69 88 89 91 93 95 97 100 106 112 118 120 122 123 126 132 137 145 180
49 -180 -178 -161 -157 -150 -120 -117 -109 -107 -105 -99 -97 -86 -76 -69 -48 -43 -18 -13 -6 -1 10 12 25 35 37 38 45 60 65 68 88 89 92 93 94 98 102 105 107 112 117 120 121 123 126 137 145 180
49 -180 -175 -161 -155 -150 -120 -115 -108 -106 -105 -104 -101 -99 -97 -91 -86 -74 -69 -48 -43 -18 -13 -6 0 9 12 25 38 39 45 60 64 69 89 91 92 93 99 102 103 108 112 117 123 126 137 141 150 180
48 -180 -175 -159 -154 -150 -120 -115 -108 -106 -105 -102 -99 -96 -91 -86 -74 -72 -69 -48 -43 -18 -6 1 8 12 25 38 39 45 59 63 70 87 92 100 105 107 108 112 117 126 131 137 141 144 146 150 180
56 -180 -172 -157 -154 -150 -120 -115 -108 -106 -104 -103 -100 -98 -95 -91 -87 -81 -74 -72 -69 -68 -67 -65 -64 -60 -48 -43 -18 -6 3 5 12 24 38 40 48 58 63 72 87 93 98 101 104 106 108 112 117 126 131 137 141 144 146 150 180
57 -180 -172 -157 -154 -150 -120 -115 -108 -105 -104 -103 -102 -99 -97 -95 -91 -87 -79 -75 -72 -69 -67 -65 -64 -60 -48 -43 -18 -6 4 12 24 39 41 48 58 62 72 85 93 98 101 105 107 108 112 117 120 123 126 131 137 141 144 147 150 180
56 -180 -172 -165 -150 -120 -115 -108 -105 -104 -102 -101 -98 -95 -92 -89 -88 -79 -75 -72 -69 -67 -65 -64 -59 -48 -43 -18 -6 4 12 24 38 39 41 48 57 62 72 84 94 98 105 106 107 110 117 120 123 126 131 137 141 145 147 150 180
51 -180 -172 -165 -150 -120 -115 -106 -103 -102 -98 -94 -92 -90 -89 -88 -81 -64 -59 -48 -43 -18 -14 -5 4 12 24 37 40 42 48 56 61 73 83 94 99 105 107 110 117 119 123 126 131 137 141 145 147 150 159 180
51 -180 -172 -165 -150 -120 -115 -106 -104 -98 -94 -93 -91 -89 -83 -64 -59 -48 -43 -18 -13 -12 -11 -10 3 12 23 37 41 42 48 53 61 73 81 94 99 106 107 110 117 119 122 126 131 137 141 145 147 150 159 180
48 -180 -120 -115 -106 -104 -98 -95 -94 -92 -89 -85 -83 -63 -59 -48 -43 -18 -12 -2 0 12 22 36 42 48 51 53 61 73 81 90 97 99 105 107 110 117 119 125 128 131 137 141 144 147 150 159 180
52 -180 -120 -113 -106 -104 -98 -96 -92 -90 -88 -87 -83 -63 -59 -48 -43 -18 -12 -3 1 4 7 12 22 36 43 48 52 57 60 73 81 90 97 99 103 108 110 117 120 122 125 128 131 137 141 144 146 148 150 159 180
57 -180 -120 -113 -106 -100 -96 -93 -88 -87 -83 -73 -71 -69 -63 -59 -47 -43 -18 -16 -13 -11 -4 2 4 12 22 36 43 45 47 52 57 60 71 74 81 90 98 100 103 107 110 117 120 122 124 126 128 131 141 148 150 159 161 164 167 180
56 -180 -120 -110 -106 -100 -93 -88 -86 -83 -76 -72 -68 -63 -60 -46 -42 -18 -9 -5 2 4 12 23 35 44 47 50 52 57 59 71 75 80 90 98 100 102 103 106 110 117 119 121 123 124 125 126 128 131 142 148 159 161 164 167 180
60 -180 -120 -110 -106 -100 -93 -88 -86 -83 -76 -74 -73 -72 -71 -69 -62 -60 -45 -40 -18 -8 -7 -6 -3 0 4 12 22 23 35 43 47 52 54 59 71 75 80 90 98 100 103 105 110 117 118 120 121 123 124 126 128 131 142 146 159 161 164 167 180
58 -180 -165 -153 -120 -110 -106 -100 -95 -92 -88 -85 -83 -82 -78 -75 -73 -72 -71 -63 -60 -44 -35 -18 -15 -13 -11 -8 -3 0 3 12 21 23 34 44 47 51 54 61 71 76 80 82 90 98 100 104 108 117 119 122 124 127 128 131 142 159 180
55 -180 -165 -153 -120 -106 -100 -96 -92 -87 -84 -83 -82 -78 -77 -76 -73 -61 -60 -58 -43 -32 -18 -15 -10 -8 -3 0 3 12 19 24 34 46 47 51 54 61 71 76 79 82 90 98 101 104 107 117 118 121 127 128 131 142 160 180
52 -180 -165 -153 -120 -106 -100 -97 -91 -86 -83 -82 -80 -79 -78 -77 -72 -61 -57 -40 -32 -18 -15 -11 -8 -3 1 3 12 15 25 34 47 50 55 63 70 75 79 83 90 98 101 104 116 118 121 127 128 131 142 162 180
53 -180 -165 -164 -161 -153 -120 -106 -100 -90 -83 -78 -77 -70 -61 -57 -54 -52 -40 -30 -18 -13 -12 -8 -3 1 3 11 15 26 35 47 50 55 64 70 75 79 83 90 98 99 103 104 116 119 120 121 127 128 131 142 165 180
52 -180 -165 -164 -161 -153 -120 -106 -100 -90 -83 -78 -77 -68 -61 -57 -54 -50 -38 -30 -18 -13 -7 -3 1 3 10 15 27 36 45 47 49 56 66 70 75 79 83 90 94 100 104 115 119 121 123 127 128 131 142 165 180
56 -180 -165 -161 -156 -153 -120 -106 -100 -89 -83 -78 -77 -68 -61 -60 -58 -54 -50 -36 -28 -18 -13 -7 -3 1 3 10 15 19 20 23 28 35 36 43 47 49 58 68 70 75 80 90 95 100 104 114 119 121 125 128 131 142 165 171 180
50 -180 -165 -161 -156 -153 -120 -106 -100 -89 -83 -78 -77 -67 -64 -62 -60 -58 -54 -52 -50 -35 -26 -18 9 15 17 19 31 34 42 47 48 60 68 70 75 80 90 96 101 104 113 118 125 128 131 142 165 171 180
52 -180 -165 -161 -156 -153 -120 -106 -100 -96 -86 -83 -79 -77 -67 -64 -62 -60 -57 -56 -55 -54 -53 -49 -34 -20 -18 9 16 18 31 35 41 47 62 68 70 75 80 90 96 101 105 111 118 125 126 128 130 141 145 165 180
49 -180 -165 -161 -156 -153 -120 -106 -100 -96 -86 -80 -79 -78 -70 -67 -64 -62 -60 -58 -49 -33 -18 -9 9 11 13 18 30 35 41 46 64 69 70 78 92 97 103 105 108 119 120 125 127 130 141 145 165 180
43 -180 -165 -153 -120 -106 -100 -96 -92 -89 -86 -81 -79 -75 -70 -62 -49 -32 -18 -9 9 14 18 30 31 35 41 44 65 70 78 92 97 104 105 108 119 125 127 130 141 145 165 180
48 -180 -176 -168 -165 -153 -120 -107 -100 -96 -92 -89 -86 -81 -80 -76 -75 -70 -62 -45 -31 -18 -9 9 14 18 30 31 35 41 43 65 70 78 92 98 105 109 118 124 127 130 141 145 149 154 164 171 180
51 -180 -176 -168 -165 -153 -120 -107 -100 -96 -92 -89 -86 -81 -80 -76 -75 -73 -69 -62 -43 -27 -18 -9 9 14 17 29 31 35 42 43 67 70 78 92 98 107 109 118 124 127 130 137 140 141 145 149 154 164 171 180
51 -180 -176 -168 -165 -153 -120 -109 -100 -96 -86 -82 -79 -78 -75 -71 -70 -62 -38 -20 -18 -9 9 12 16 28 31 35 37 41 43 67 70 78 92 99 107 109 118 124 129 131 137 139 141 143 145 149 154 164 171 180
50 -180 -176 -168 -165 -153 -120 -109 -100 -96 -86 -82 -81 -80 -79 -77 -70 -62 -37 -18 -9 10 12 16 28 31 35 38 41 45 67 68 78 92 100 107 111 118 124 126 127 131 136 141 142 146 150 154 164 171 180
47 -180 -176 -168 -165 -153 -120 -111 -100 -92 -86 -82 -81 -78 -74 -70 -62 -35 -18 -9 11 15 28 31 39 40 45 67 68 78 94 101 107 118 123 132 137 141 144 146 147 150 153 154 161 164 175 180
49 -180 -176 -168 -165 -153 -144 -134 -120 -111 -100 -92 -86 -82 -80 -74 -72 -62 -34 -18 -9 12 13 28 31 40 47 67 68 78 94 102 105 106 108 118 123 132 135 137 139 141 145 148 153 154 161 164 175 180
48 -180 -176 -168 -165 -153 -144 -134 -120 -113 -100 -92 -86 -82 -79 -75 -72 -62 -34 -18 -9 12 17 28 32 40 47 67 68 78 94 104 106 114 118 123 131 133 136 138 139 141 146 148 154 162 164 175 180
52 -180 -178 -175 -168 -165 -157 -148 -144 -134 -120 -113 -100 -92 -84 -80 -79 -75 -73 -62 -34 -18 -9 12 17 19 22 29 32 40 49 66 68 78 96 105 114 118 123 130 133 136 137 140 141 143 146 149 154 164 173 176 180
50 -180 -178 -175 -168 -165 -157 -148 -144 -134 -120 -113 -100 -92 -84 -80 -78 -75 -72 -62 -34 -18 -9 12 22 29 32 40 49 66 68 78 96 105 107 114 116 119 124 128 130 133 137 141 146 151 155 164 173 176 180
53 -180 -178 -175 -168 -165 -157 -148 -144 -134 -120 -115 -104 -92 -83 -79 -78 -74 -70 -62 -34 -18 -9 12 22 29 32 33 40 51 65 68 78 96 105 114 116 119 121 123 127 132 140 141 144 146 151 156 164 165 168 173 176 180
51 -180 -176 -165 -157 -148 -144 -134 -120 -115 -104 -92 -83 -79 -77 -73 -70 -68 -65 -62 -35 -18 -9 13 22 29 33 35 41 51 65 72 98 105 114 116 119 121 123 125 132 141 144 147 151 156 158 164 165 168 173 180
53 -180 -176 -165 -157 -148 -144 -134 -120 -117 -104 -92 -82 -78 -77 -71 -70 -68 -65 -62 -36 -18 -9 13 24 25 29 33 35 37 41 48 51 65 71 98 105 114 116 119 121 125 130 138 141 144 151 156 159 164 165 168 173 180
48 -180 -176 -165 -157 -148 -144 -134 -120 -117 -107 -92 -82 -78 -76 -69 -68 -64 -62 -37 -18 -10 12 24 28 30 33 35 41 48 51 64 71 105 116 119 121 129 138 141 145 151 156 159 164 165 168 173 180
43 -180 -176 -173 -168 -165 -157 -149 -133 -120 -119 -107 -92 -81 -77 -76 -70 -68 -61 -38 -18 -10 12 22 33 35 41 47 51 64 70 105 125 129 137 141 146 151 156 162 165 169 173 180
43 -180 -176 -173 -168 -165 -157 -149 -133 -120 -119 -107 -92 -81 -77 -75 -70 -68 -60 -38 -18 -10 12 22 32 34 36 41 46 51 64 70 105 124 129 137 141 147 156 162 165 170 173 180
41 -180 -176 -173 -165 -157 -149 -133 -120 -107 -80 -76 -74 -70 -69 -60 -38 -18 -10 11 22 30 34 36 41 45 51 64 70 105 123 129 138 141 147 156 162 165 170 173 177 180
41 -180 -176 -173 -165 -157 -149 -133 -120 -107 -79 -75 -72 -70 -68 -58 -38 -18 -10 11 22 29 33 35 36 41 44 51 64 70 105 121 129 138 147 156 162 165 170 173 177 180
41 -180 -176 -173 -166 -157 -147 -133 -124 -107 -77 -73 -70 -69 -58 -38 -18 -10 11 18 23 27 33 40 43 51 53 67 70 105 121 129 138 147 159 162 164 166 171 173 177 180
41 -180 -176 -173 -166 -156 -147 -133 -124 -107 -77 -71 -70 -69 -68 -58 -39 -18 -10 11 21 26 33 38 43 50 53 67 70 105 120 129 138 149 159 162 165 167 171 173 177 180
42 -180 -176 -173 -166 -156 -147 -133 -124 -107 -77 -71 -70 -69 -68 -60 -59 -58 -39 -18 -10 12 21 26 33 36 43 50 53 67 70 105 117 129 138 150 159 162 165 168 171 175 180
41 -180 -176 -173 -166 -156 -145 -133 -124 -107 -77 -71 -70 -69 -68 -62 -58 -39 -18 -10 13 21 28 33 36 42 50 53 67 72 105 114 129 138 150 159 162 166 169 171 175 180
41 -180 -176 -173 -166 -156 -145 -133 -124 -107 -77 -71 -70 -69 -67 -62 -58 -40 -18 -10 13 21 28 32 36 42 49 53 67 72 105 113 129 138 152 159 163 167 169 173 175 180
40 -180 -176 -166 -156 -145 -133 -124 -115 -102 -77 -71 -70 -68 -67 -65 -62 -56 -40 -18 -10 14 20 29 31 36 42 49 53 67 73 105 112 129 138 152 160 164 169 175 180
40 -180 -176 -166 -156 -145 -133 -124 -115 -102 -77 -71 -70 -68 -67 -64 -62 -55 -41 -18 -10 14 20 27 32 36 42 49 53 67 74 105 112 129 138 153 161 165 169 175 180
39 -180 -176 -170 -156 -145 -133 -124 -115 -102 -77 -71 -70 -69 -67 -62 -59 -54 -44 -18 -10 14 20 26 32 36 42 48 53 67 76 105 112 129 138 154 162 169 175 180
46 -180 -176 -170 -156 -145 -133 -124 -115 -102 -77 -71 -70 -69 -68 -67 -63 -62 -58 -54 -47 -18 -9 14 20 21 23 24 26 32 35 42 48 63 67 70 76 105 112 129 138 151 155 162 169 175 180
42 -180 -176 -170 -124 -115 -102 -77 -71 -70 -69 -68 -66 -64 -62 -58 -54 -48 -18 -9 14 20 21 22 31 32 33 35 62 66 71 77 105 112 129 141 152 155 162 169 173 175 180
36 -180 -170 -124 -115 -102 -77 -72 -70 -69 -68 -66 -65 -62 -57 -55 -48 -18 -8 15 20 33 35 61 65 72 77 105 112 129 141 152 155 165 173 178 180
36 -180 -170 -124 -115 -102 -77 -72 -71 -70 -69 -67 -66 -62 -56 -48 -18 -8 15 20 33 35 60 64 68 73 78 105 113 129 141 152 155 165 173 178 180
39 -180 -179 -177 -170 -120 -115 -102 -77 -72 -71 -70 -69 -68 -66 -62 -57 -49 -18 -8 15 16 27 29 32 35 59 63 73 78 105 113 129 141 152 155 165 173 178 180
38 -180 -179 -177 -170 -120 -115 -102 -100 -77 -72 -71 -69 -67 -66 -62 -58 -56 -49 -18 -9 15 17 32 35 58 62 74 79 105 114 129 141 152 155 165 173 178 180
38 -180 -170 -119 -115 -102 -97 -85 -77 -72 -71 -70 -67 -66 -62 -58 -55 -50 -18 -9 15 17 31 35 56 61 74 79 105 114 129 135 141 152 155 165 173 178 180
37 -180 -170 -119 -105 -97 -85 -77 -72 -71 -70 -67 -65 -62 -58 -53 -51 -27 -10 15 17 30 35 54 60 74 79 105 114 129 140 141 151 154 165 173 178 180
39 -180 -170 -118 -105 -94 -85 -77 -72 -71 -69 -67 -65 -62 -58 -53 -52 -26 -10 15 17 29 35 52 58 74 79 87 105 114 126 133 140 141 150 153 165 173 178 180
42 -180 -170 -118 -105 -94 -85 -77 -73 -71 -69 -67 -65 -63 -62 -58 -53 -25 -16 -6 15 17 27 35 49 56 74 79 84 87 105 114 125 134 140 141 150 153 165 173 176 178 180
38 -180 -174 -117 -105 -98 -91 -80 -73 -72 -71 -70 -66 -65 -62 -56 -23 -16 -6 15 35 47 54 74 84 87 105 114 120 135 141 144 149 152 165 172 173 175 180
36 -180 -174 -117 -105 -98 -91 -80 -74 -72 -71 -70 -68 -62 -56 -22 -16 -6 15 35 45 53 74 84 87 105 114 136 141 148 149 152 165 172 174 175 180
34 -180 -174 -117 -105 -100 -95 -88 -80 -74 -73 -72 -71 -62 -56 -21 -16 -6 15 35 45 51 73 84 90 105 114 139 141 151 165 172 174 177 180
34 -180 -174 -117 -105 -100 -95 -88 -80 -74 -73 -72 -71 -62 -56 -21 -16 -6 15 35 44 51 73 84 92 105 114 139 141 151 165 172 174 178 180
33 -180 -174 -117 -105 -95 -92 -85 -80 -74 -73 -72 -71 -62 -60 -21 -16 -6 15 35 44 50 73 84 97 105 114 142 149 165 172 174 177 180
31 -180 -174 -117 -105 -95 -92 -85 -81 -74 -73 -72 -71 -62 -21 -16 -6 15 35 40 50 72 84 105 114 142 149 165 173 175 177 180
31 -180 -174 -117 -105 -94 -89 -81 -74 -72 -71 -62 -21 -16 -6 9 20 32 44 57 72 84 105 114 142 150 160 171 174 175 176 180
28 -180 -170 -117 -105 -94 -89 -81 -75 -72 -71 -63 -21 -16 -6 9 20 32 44 57 71 84 114 142 150 160 171 174 180
26 -180 -170 -117 -105 -86 -81 -75 -72 -71 -64 -22 -8 9 20 32 44 57 71 84 114 142 150 160 169 173 180
27 -180 -170 -117 -105 -86 -81 -75 -72 -71 -64 -22 -8 9 20 32 44 57 63 76 84 114 142 150 160 167 172 180
27 -180 -170 -117 -105 -83 -75 -72 -71 -66 -22 -8 9 20 32 44 57 63 76 84 114 142 150 160 167 171 177 180
28 -180 -170 -117 -105 -83 -76 -72 -71 -66 -24 -22 -6 9 20 32 44 57 63 76 84 114 142 150 162 168 170 177 180
27 -180 -170 -117 -105 -83 -76 -72 -71 -66 -26 -22 -4 9 20 32 44 57 63 76 84 114 142 150 162 169 177 180
27 -180 -170 -117 -105 -83 -76 -73 -71 -66 -28 -22 -2 9 20 32 44 57 63 76 84 114 142 150 162 169 173 180
29 -180 -170 -117 -105 -83 -76 -73 -71 -67 -65 -55 -30 -23 -10 -2 9 20 32 44 57 63 76 84 114 142 150 162 170 180
30 -180 -170 -125 -105 -83 -76 -73 -71 -67 -65 -55 -32 -24 -10 -2 9 20 32 44 57 63 76 80 96 114 142 150 162 170 180
30 -180 -170 -125 -105 -83 -76 -72 -71 -68 -65 -55 -34 -26 -10 -2 9 20 32 44 57 63 76 80 96 114 142 150 162 170 180
28 -180 -170 -147 -127 -105 -83 -76 -71 -65 -55 -40 -31 -28 -10 -2 9 20 32 63 76 80 96 114 120 135 155 164 180
28 -180 -170 -147 -127 -105 -83 -75 -71 -65 -55 -40 -31 -29 -10 -2 9 20 32 63 76 80 96 114 120 135 155 164 180
26 -180 -170 -154 -127 -105 -83 -74 -71 -65 -55 -40 -31 -22 -9 -2 9 20 32 63 76 83 114 135 155 164 180
24 -180 -170 -154 -127 -113 -83 -72 -65 -59 -40 -31 -22 -8 -2 9 20 32 71 83 114 135 155 164 180
23 -180 -170 -157 -127 -113 -73 -59 -40 -31 -22 -18 -7 -2 9 20 32 71 83 114 135 155 164 180
22 -180 -170 -157 -127 -117 -73 -59 -31 -22 -18 -7 -2 9 20 32 71 86 114 135 155 164 180
21 -180 -170 -160 -127 -117 -73 -59 -31 -22 -7 -2 9 20 32 71 86 114 135 155 164 180
21 -180 -170 -160 -127 -117 -73 -59 -31 -22 -7 -2 9 20 32 71 86 114 135 155 164 180
18 -180 -170 -148 -73 -59 -52 -31 -22 -15 -5 20 71 86 114 135 155 164 180
15 -180 -148 -73 -62 -52 -31 -22 -15 -5 20 71 86 114 148 180
11 -180 -149 -65 -56 -5 20 71 86 114 148 180
12 -180 -149 -65 -61 -54 -5 20 71 86 114 148 180
11 -180 -150 -65 -56 -5 20 71 86 114 148 180
16 -180 -159 -67 -59 -5 20 51 56 71 86 95 105 111 114 148 180
13 -180 -159 -70 -59 -5 20 48 59 71 81 145 148 180
11 -180 -162 -70 -60 -5 20 44 71 79 148 180
11 -180 -162 -76 -60 -5 20 33 36 39 156 180
7 -180 -162 -76 -60 -11 162 180
9 -180 -141 -76 -60 -11 162 168 171 180
8 -180 -141 -76 -60 -14 162 171 180
10 -180 -141 -103 -95 -76 -60 -19 159 171 180
11 -180 -141 -129 -120 -103 -71 -60 -21 159 170 180
8 -180 -141 -66 -60 -24 155 167 180
7 -180 -147 -56 -27 155 164 180
7 -180 -152 -50 -32 155 164 180
6 -180 -162 155 170 178 180
4 -180 155 170 180
2 -180 180
2 -180 180
2 -180 180
2 -180 180
2 -180 180
2 -180 180
2 -180 180
2 -180 180
2 -180 180
2 -180 180
2 -180 180
2 -180 180
#
# Second part: geographic region numbers for corresponding longitude ranges
#
1 633
1 633
6 634 633 641 644 651 633
7 634 633 641 644 651 633 634
7 634 633 641 644 651 633 634
7 634 635 641 644 651 633 634
8 634 678 635 641 644 651 633 634
8 634 678 635 641 645 651 633 634
11 634 678 635 641 643 645 649 652 654 633 634
14 634 678 635 680 636 635 641 643 645 649 652 654 633 634
12 634 678 680 636 640 643 645 649 652 654 667 634
12 634 678 680 636 640 643 647 649 652 654 667 634
16 634 678 680 636 640 643 647 648 649 653 652 653 655 667 668 634
15 669 634 678 681 680 636 640 643 647 648 649 653 655 668 669
16 669 675 678 681 680 636 640 643 647 648 649 650 653 655 668 669
19 669 675 679 678 681 680 636 640 642 647 648 649 650 653 726 653 655 668 669
18 669 675 679 682 681 680 636 640 642 647 648 649 650 726 653 655 668 669
17 669 675 679 682 681 680 636 639 642 647 648 649 650 726 655 670 669
22 670 672 675 676 675 679 682 681 680 636 639 642 647 646 647 648 649 725 726 670 669 670
23 670 672 676 675 679 682 681 680 636 639 642 646 647 648 724 649 725 726 670 669 670 669 670
22 670 672 676 677 679 682 681 680 636 639 642 646 721 723 722 724 647 724 725 726 671 670
23 670 672 676 677 679 682 444 680 636 637 642 646 536 721 723 724 647 724 335 725 726 671 670
22 670 672 673 676 677 679 682 444 680 636 637 642 646 536 721 723 724 335 725 726 671 670
21 670 673 676 677 679 682 444 680 636 402 637 642 646 536 721 723 724 335 725 726 671
23 671 673 676 677 679 682 444 680 636 402 637 638 637 642 646 536 721 723 724 335 725 726 671
23 671 673 676 1 18 679 682 444 680 402 637 638 637 642 646 536 721 723 724 335 725 726 671
25 3 674 673 676 1 18 679 442 682 444 680 402 637 638 637 642 535 536 721 723 724 335 725 726 671
26 3 674 3 676 1 18 679 440 442 443 442 682 444 680 402 637 642 535 536 721 723 724 335 725 726 671
22 3 2 18 679 440 443 442 444 680 402 637 642 535 536 721 723 724 335 725 726 671 3
28 3 2 14 2 19 18 679 440 443 442 445 444 680 402 738 402 533 534 535 536 721 723 724 335 725 726 671 3
33 3 2 14 15 19 23 24 438 439 440 443 442 443 445 446 402 738 402 533 534 535 536 537 724 335 326 328 656 671 663 217 671 3
32 3 11 12 13 15 20 19 23 24 438 439 440 443 445 446 402 738 402 533 534 535 536 537 724 335 326 328 656 671 663 217 3
35 3 8 3 11 12 13 15 20 19 23 24 438 439 440 443 445 446 402 738 402 533 534 542 536 537 724 335 326 327 328 656 663 217 218 3
37 3 8 3 11 12 13 15 20 19 23 24 438 439 441 440 443 445 446 402 738 402 533 534 542 536 537 724 335 326 327 328 656 663 217 218 4 3
37 3 9 10 12 17 15 20 19 23 24 438 439 441 440 443 445 446 402 738 402 533 534 542 536 537 724 335 326 327 328 656 663 217 218 219 4 3
42 3 9 10 12 17 21 22 19 23 24 438 439 441 443 445 446 402 738 402 532 533 534 543 537 548 724 335 326 713 326 327 328 656 661 662 663 217 218 219 4 5 3
43 7 9 10 17 21 22 23 24 438 439 441 443 445 446 402 738 403 402 532 533 534 540 543 548 724 335 336 713 329 326 327 328 657 656 661 662 663 217 218 219 4 5 6
48 7 9 16 17 21 22 23 24 438 439 441 443 445 446 402 738 403 402 532 533 534 540 543 548 724 335 336 713 329 326 333 326 327 328 657 658 657 656 661 662 663 220 217 218 219 16 5 6
50 7 9 16 17 21 22 25 23 24 438 439 441 443 449 455 446 402 403 402 532 533 534 540 543 548 724 336 724 335 336 713 329 326 333 327 328 657 658 657 656 661 662 663 220 217 218 219 16 5 6
46 7 16 17 21 25 23 24 438 439 441 447 449 455 446 402 403 402 533 538 541 543 547 548 724 336 713 329 326 333 334 333 327 333 328 657 658 657 656 661 662 663 220 221 222 16 6
43 16 17 21 25 23 24 438 439 441 447 448 450 454 455 446 402 403 402 538 543 547 548 357 336 713 329 331 333 334 333 334 333 657 658 657 656 661 662 663 220 221 222 16
39 16 17 21 25 29 33 456 461 464 441 447 448 454 455 446 402 403 402 538 543 546 547 549 357 336 713 329 331 332 334 658 657 661 662 663 220 221 222 16
42 16 17 21 26 27 29 33 456 461 464 468 441 447 448 451 454 455 402 403 402 538 544 543 546 549 358 357 336 713 329 331 332 334 658 657 661 662 663 220 221 222 16
50 16 17 21 26 27 28 29 33 456 461 464 466 468 441 447 475 451 453 452 402 455 402 403 402 539 538 544 545 546 383 549 358 357 336 338 336 713 329 331 332 334 658 657 661 662 663 220 221 222 16
46 16 17 21 30 31 28 32 33 456 462 464 466 468 470 447 475 451 452 402 403 402 539 538 545 383 358 357 361 357 338 336 339 336 713 329 331 332 334 658 657 661 223 224 221 222 16
48 611 30 31 32 33 457 458 459 460 462 464 466 468 470 472 474 475 452 402 403 402 539 538 545 382 383 358 360 361 362 357 338 336 339 336 713 329 331 332 334 658 657 661 223 224 221 222 611
50 611 30 31 32 33 457 460 462 464 466 468 470 472 474 475 477 452 402 403 402 377 378 538 379 380 381 382 383 359 360 362 337 338 336 339 336 339 713 330 331 332 334 658 657 661 223 224 221 222 611
52 611 30 31 32 33 457 460 463 465 466 467 468 470 472 476 477 402 404 402 377 378 387 380 381 382 383 359 360 362 337 338 336 339 340 339 713 716 330 320 332 322 323 334 658 659 657 661 660 223 224 225 611
51 611 34 35 36 37 478 460 463 465 467 469 471 473 472 476 402 404 402 376 377 387 380 389 390 382 391 383 363 366 367 362 337 338 340 336 339 340 339 713 716 320 321 322 323 658 659 660 223 224 225 611
54 611 34 35 36 37 478 479 463 465 481 467 469 471 473 494 472 513 402 404 402 376 377 386 387 388 389 390 382 391 392 364 365 366 367 337 338 340 339 714 715 716 320 321 322 323 658 659 660 223 226 227 228 229 611
54 611 34 35 36 37 478 479 480 482 483 467 469 471 491 492 493 494 513 402 404 405 404 402 376 377 386 387 388 389 390 392 364 365 366 344 338 340 339 714 715 716 719 321 322 323 658 659 660 223 226 227 228 229 611
60 611 34 35 36 40 37 478 479 480 482 483 485 488 489 490 491 492 493 513 402 404 405 404 739 376 377 386 387 398 390 399 364 365 366 343 344 345 344 338 340 341 340 714 715 717 715 719 321 325 322 323 658 659 660 223 226 227 228 229 611
56 611 38 39 40 41 478 479 480 482 483 485 487 488 490 491 492 493 513 402 403 404 405 404 739 376 377 387 397 398 399 368 369 366 343 345 338 341 348 341 340 342 717 715 719 321 325 322 323 658 231 660 226 227 228 229 611
60 611 38 39 40 41 42 495 496 497 499 501 484 486 506 512 513 402 403 404 405 404 739 384 385 387 396 397 400 398 400 368 369 366 374 375 346 345 347 348 341 340 342 718 717 720 324 321 325 322 323 322 664 665 231 660 226 227 228 229 611
53 611 38 39 40 42 495 496 497 499 501 502 506 512 513 402 403 404 739 384 385 396 397 400 370 369 371 372 374 375 346 347 348 342 349 718 710 720 302 304 321 306 325 322 664 665 231 660 232 227 230 228 229 611
53 611 38 43 44 42 495 496 497 499 501 502 505 507 509 511 512 513 402 403 404 393 384 395 396 397 400 370 371 372 374 375 346 347 348 349 709 710 711 302 304 306 325 322 664 665 231 232 233 232 230 228 229 611
53 611 38 43 44 42 495 496 498 500 501 502 505 507 509 511 513 402 403 402 393 384 395 396 397 400 371 374 375 346 347 348 349 709 710 711 302 303 302 304 306 325 307 322 664 665 231 235 236 233 230 211 229 611
50 611 38 45 46 495 496 498 500 503 504 505 507 509 511 513 402 403 402 393 395 396 397 401 400 401 371 373 374 375 346 347 348 350 709 710 711 303 304 306 325 306 307 664 666 234 235 236 237 211 611
50 612 611 47 48 49 46 516 517 518 498 500 503 504 505 507 509 513 402 403 402 393 395 396 397 401 400 401 553 373 374 375 346 347 348 350 709 710 712 308 305 306 307 664 666 234 235 237 211 611 612
47 612 611 47 48 49 50 521 518 498 500 503 504 505 508 510 513 402 403 402 394 395 396 397 401 553 373 374 375 346 347 348 350 709 710 712 308 305 306 307 664 666 234 235 237 211 611 612
47 612 611 47 48 49 50 521 518 500 503 504 526 508 514 513 402 403 402 394 395 396 552 553 555 375 351 352 353 354 710 712 308 309 310 306 313 306 307 664 666 234 238 239 237 211 611 612
48 612 611 47 48 49 50 521 522 518 519 520 526 514 513 402 403 402 394 395 396 552 553 555 351 352 353 354 710 712 308 309 310 306 313 297 318 307 664 307 664 666 234 238 239 240 212 611 612
54 612 611 47 48 49 50 521 522 518 519 520 526 514 515 513 402 403 402 394 743 551 552 553 554 555 351 352 353 354 710 712 308 309 310 311 312 313 317 294 297 318 307 318 664 242 243 245 234 238 239 240 212 611 612
49 612 611 47 48 49 522 518 520 526 514 515 513 402 403 402 394 743 744 551 552 553 554 555 351 352 353 354 710 712 308 309 315 317 294 296 297 318 307 318 664 242 243 245 238 239 240 212 611 612
49 612 611 47 48 49 522 518 526 514 515 513 402 403 402 394 743 744 551 552 553 554 555 351 352 351 353 354 710 712 308 315 317 294 296 297 318 664 242 243 244 243 245 246 238 239 240 213 611 612
47 612 611 693 47 48 49 523 526 514 515 513 402 403 402 743 744 745 551 552 553 554 555 351 355 356 710 712 308 315 316 315 294 296 297 318 664 242 243 244 243 246 238 239 241 213 611 612
46 611 612 611 693 47 48 49 52 523 526 85 515 402 403 402 743 744 745 551 552 553 554 555 351 355 356 710 712 314 315 316 315 294 296 297 318 664 242 243 244 243 246 239 241 213 611
48 611 612 613 612 611 693 47 51 52 523 525 526 85 515 402 403 402 743 744 745 551 754 556 553 557 554 555 351 740 356 314 315 316 315 294 296 297 318 736 664 242 243 244 243 247 241 213 611
48 611 612 613 612 611 693 53 51 52 523 524 523 525 526 84 85 515 402 403 402 743 744 745 551 754 556 557 554 555 351 740 417 314 316 319 295 296 297 734 736 664 242 243 247 241 214 215 611
47 611 612 613 612 611 693 53 54 55 524 523 525 527 84 85 87 88 402 403 402 744 745 551 754 556 557 554 555 351 740 417 314 319 296 734 736 737 664 301 248 260 241 214 215 216 215 611
55 611 612 613 612 611 693 53 54 55 524 57 523 525 527 84 731 85 87 88 402 89 90 91 92 402 403 402 744 745 551 754 556 557 554 555 351 740 417 314 319 296 733 734 736 737 300 301 248 260 241 214 215 216 215 611
56 611 612 613 612 611 693 53 54 55 56 57 59 523 525 527 84 731 86 87 88 89 90 91 92 402 403 402 744 745 754 556 557 554 555 351 740 417 314 319 296 733 734 736 737 300 301 248 249 248 260 241 214 215 216 215 611
55 611 619 612 611 693 53 54 64 56 58 59 60 61 62 93 731 86 87 88 89 90 91 92 402 403 402 744 745 754 556 557 558 554 555 351 740 417 314 319 296 733 734 736 737 301 248 249 248 260 241 214 215 216 215 611
50 611 619 612 611 693 63 64 65 58 60 61 62 70 93 731 94 92 402 403 402 746 744 745 754 556 557 558 554 555 351 740 417 314 319 298 733 734 736 301 248 249 248 260 241 214 215 216 215 611 615
50 611 619 612 611 693 63 64 65 66 69 62 70 72 94 92 402 403 402 746 744 745 744 745 754 556 557 558 554 555 351 740 417 314 319 298 733 734 736 301 248 249 248 260 241 214 215 216 215 611 615
47 611 693 63 730 65 67 68 69 70 72 75 94 95 402 403 402 746 745 751 754 556 557 558 555 351 415 740 417 314 319 703 298 733 734 736 301 248 249 248 260 241 214 215 216 215 611 615
51 611 693 63 730 65 67 68 71 73 72 75 94 95 402 403 402 746 745 751 754 755 754 556 557 558 555 415 416 740 417 314 319 703 298 733 735 736 301 248 250 249 248 260 241 214 210 216 210 215 611 615
56 611 693 63 730 63 68 76 74 75 94 96 97 94 95 402 403 402 746 747 746 745 751 754 755 556 557 558 555 559 415 416 740 417 418 314 319 703 707 733 735 736 301 248 250 249 251 248 260 209 210 215 611 615 616 617 615
55 611 693 63 730 63 76 74 75 79 96 97 94 95 402 403 402 747 745 751 753 755 556 557 558 559 415 419 416 740 417 418 314 319 703 707 708 733 735 736 301 248 252 254 255 256 251 248 260 209 210 614 615 616 617 615
59 611 693 63 730 63 76 77 78 79 96 99 101 100 101 97 98 402 403 402 747 745 750 751 752 753 755 556 564 557 558 560 419 420 421 417 418 314 319 703 707 708 735 736 301 248 252 253 254 255 256 248 260 209 210 614 615 616 617 615
57 611 620 611 693 63 730 63 693 76 77 78 80 81 96 99 101 100 101 97 402 406 402 561 747 748 747 750 752 753 755 556 564 557 558 560 419 420 421 417 418 314 424 319 704 707 708 736 301 252 253 257 259 248 260 209 614 615
54 611 620 611 693 730 63 693 76 77 78 80 81 82 96 99 101 97 529 402 406 402 561 748 747 750 752 753 755 556 564 557 558 560 419 420 421 417 418 314 424 319 704 707 708 736 301 252 253 259 248 260 209 614 615
51 611 620 611 693 730 63 693 76 77 83 81 83 81 82 99 101 529 402 406 402 561 748 749 750 752 753 755 562 564 557 558 419 420 421 420 422 423 424 319 704 707 708 301 261 253 259 248 260 209 614 615
52 611 620 621 620 611 693 757 693 76 83 102 99 101 529 530 531 402 406 402 561 748 749 750 752 753 755 562 564 557 558 419 420 421 420 422 423 424 319 704 706 707 708 301 261 253 258 259 248 260 209 614 615
51 611 620 621 620 611 693 757 693 76 83 102 103 101 529 530 531 402 406 402 561 749 750 752 753 755 562 564 557 558 571 419 420 421 420 422 423 424 420 705 706 707 301 261 258 262 259 248 260 209 614 615
55 611 620 622 620 611 693 757 693 76 83 102 103 101 528 529 530 531 402 406 402 561 749 750 752 753 755 562 564 567 564 567 557 570 558 571 419 420 421 420 422 423 420 705 706 707 301 261 258 262 263 264 209 614 615 618
49 611 620 622 620 611 693 757 693 76 83 102 103 101 113 528 529 530 531 528 402 406 402 561 562 564 566 567 568 570 571 419 420 421 420 422 423 420 705 706 707 301 261 262 263 264 209 614 615 618
51 611 620 622 620 611 693 757 695 696 76 83 102 103 101 113 528 529 530 528 530 531 528 402 406 402 561 562 566 567 568 570 571 420 421 420 422 423 420 705 706 707 301 261 262 263 266 267 196 198 614 618
48 611 620 622 620 611 693 757 695 696 104 105 106 103 113 101 113 528 529 528 402 406 407 561 563 565 566 567 568 570 571 420 421 420 422 420 705 706 707 301 261 262 265 266 267 196 198 614 618
42 611 620 611 693 757 695 696 697 696 104 105 106 103 113 528 402 406 407 561 565 566 567 568 569 570 571 420 421 422 420 705 706 707 301 261 265 266 267 196 198 614 618
47 632 624 632 620 632 693 694 695 696 697 696 104 105 107 110 103 113 528 409 406 407 409 565 566 567 568 569 570 571 425 421 422 425 273 274 275 261 265 269 267 196 198 199 190 191 632 618
50 632 624 632 620 632 693 694 695 696 697 696 104 105 107 110 111 103 113 528 409 406 407 409 565 566 567 572 569 570 574 425 421 422 425 273 274 275 261 268 269 267 196 197 196 198 199 190 191 632 618
50 632 624 632 620 632 693 694 698 696 104 105 107 110 111 103 113 528 409 406 407 409 565 566 567 572 569 573 570 574 425 421 422 425 273 274 275 261 268 270 272 196 201 197 200 198 199 190 191 632 618
49 632 624 632 620 632 693 694 698 696 108 109 110 105 110 111 113 528 409 407 409 565 566 567 572 569 573 570 574 425 421 426 425 273 274 275 261 268 270 271 272 196 201 202 200 203 190 191 632 618
46 632 624 632 620 632 693 694 698 699 108 109 110 111 112 113 528 409 407 409 566 567 572 573 570 574 425 421 426 425 273 274 275 268 280 196 201 202 200 207 203 192 190 193 191 632 623
48 632 624 632 620 632 630 632 693 694 698 699 108 109 111 112 113 528 409 408 409 575 567 572 573 574 425 421 426 425 273 274 276 277 275 268 280 204 196 205 201 202 207 192 190 193 191 632 623
47 632 624 632 620 632 630 632 693 694 698 699 108 109 111 112 113 528 409 408 409 575 567 572 573 574 425 421 426 425 273 276 277 278 279 280 281 204 196 205 201 202 207 192 193 191 632 623
51 623 632 625 632 626 620 632 630 632 693 694 698 699 108 109 111 112 113 528 409 408 409 575 567 575 567 572 573 574 425 429 426 425 273 277 278 279 280 281 204 208 205 201 202 206 207 192 193 183 632 623
49 623 632 625 632 626 620 632 630 632 693 694 698 699 108 109 116 112 113 528 409 408 409 575 567 572 573 574 425 429 426 425 273 282 277 283 285 286 289 290 281 208 205 206 207 194 193 183 632 623
52 623 632 625 632 626 620 632 630 632 693 694 698 699 108 109 116 112 113 528 409 408 409 575 567 572 576 573 574 425 429 426 425 273 282 284 285 287 288 289 290 208 205 206 595 207 194 193 183 184 183 632 623
50 180 169 626 620 632 630 632 693 694 698 699 114 115 116 112 113 119 113 528 409 408 409 575 567 576 577 573 574 425 429 425 273 282 284 291 287 288 289 290 208 594 595 207 194 195 193 183 184 183 180
52 180 169 626 620 632 630 632 693 694 698 699 114 115 116 112 118 119 113 528 409 408 409 575 576 567 576 577 573 581 574 583 425 429 425 273 282 284 291 292 293 290 591 208 594 595 194 195 193 183 184 183 180
47 180 169 626 620 632 630 632 693 694 698 699 114 115 116 118 119 113 528 409 410 409 575 576 567 576 577 581 574 583 425 429 425 588 291 292 293 591 593 594 595 194 195 193 183 184 183 180
42 181 169 170 169 626 628 631 632 693 694 698 699 114 115 116 118 119 528 409 410 409 575 576 577 581 574 583 425 429 425 588 590 591 593 594 595 194 195 185 186 185 181
42 181 169 170 169 626 628 631 632 693 694 698 699 114 115 116 118 120 528 409 410 409 575 576 581 577 581 582 583 425 429 425 588 590 591 593 594 595 195 185 186 185 181
40 181 173 169 627 628 631 632 684 683 114 115 117 118 120 528 409 410 409 575 576 581 577 581 582 583 425 429 425 588 590 591 593 594 595 596 185 186 185 181 182
40 181 173 169 627 628 631 632 684 683 114 115 117 118 120 528 409 410 409 575 576 580 581 577 581 582 583 425 429 425 588 590 591 594 595 596 185 186 185 181 182
40 181 173 174 627 628 631 632 684 683 114 115 118 120 528 409 410 409 578 575 576 580 581 582 583 425 427 429 425 588 590 591 594 595 597 187 185 186 185 181 182
40 181 173 174 627 628 631 632 684 683 121 122 123 124 120 528 409 410 409 578 579 580 581 582 583 425 427 429 425 588 590 591 594 605 597 187 185 186 185 181 182
41 181 173 174 627 628 631 632 684 683 121 122 123 124 125 126 120 528 409 410 409 578 579 580 581 582 583 425 427 429 425 588 590 591 594 605 597 187 185 186 185 171
40 181 173 174 627 629 631 632 684 683 121 122 123 124 125 126 528 409 410 409 578 579 580 581 582 583 425 427 429 425 588 590 591 594 605 597 187 188 186 185 171
40 181 173 174 627 629 631 632 684 683 121 122 123 124 125 126 528 409 410 409 578 579 580 581 582 583 425 427 429 425 588 590 591 594 605 597 187 188 189 185 171
39 171 174 627 629 631 632 684 685 683 121 122 123 124 128 129 126 528 409 410 409 578 579 584 581 582 583 425 427 429 425 589 590 591 594 605 597 187 189 171
39 171 174 627 629 631 632 684 685 683 121 122 123 127 128 129 126 528 409 410 409 578 579 584 581 582 583 425 427 429 425 589 590 591 594 605 597 187 189 171
38 171 175 632 629 631 632 684 685 683 121 122 123 127 129 133 126 528 409 410 409 578 579 584 581 582 583 425 427 429 425 589 590 591 594 605 597 189 171
45 171 175 632 629 631 632 684 685 683 121 122 123 127 130 129 132 133 126 528 409 410 409 578 584 579 584 579 584 581 582 583 425 428 741 429 425 589 590 591 594 604 605 597 189 171
41 171 175 632 684 685 683 121 122 123 127 130 131 132 133 126 528 409 410 409 578 584 579 584 586 581 587 425 428 741 429 425 589 590 592 594 604 605 597 606 189 171
35 177 632 684 685 683 121 122 123 127 130 131 132 133 126 528 409 410 409 578 584 587 425 428 741 429 425 589 590 592 594 604 605 606 176 177
35 177 632 684 685 683 134 135 136 127 138 130 132 133 528 409 410 409 578 584 587 425 428 741 425 429 425 589 590 592 594 604 605 606 176 177
38 177 178 177 632 684 685 683 134 135 136 127 137 138 132 133 528 409 410 409 587 584 585 584 587 425 428 425 429 425 589 590 592 601 604 605 606 176 177
37 177 178 177 632 684 685 686 683 134 135 127 137 138 141 133 142 528 409 410 409 587 584 587 425 428 425 429 434 589 590 592 601 604 605 607 176 177
37 177 632 684 685 686 683 687 134 135 127 137 138 141 133 142 528 409 410 409 587 584 587 425 428 425 429 434 589 590 600 592 601 604 605 607 176 177
36 179 632 684 686 683 687 134 135 127 139 140 141 133 142 528 409 410 409 587 584 587 425 428 425 429 434 589 590 600 592 601 603 605 607 176 179
38 179 632 684 686 683 687 134 135 127 139 140 141 133 142 528 409 410 409 587 584 587 425 428 425 429 434 425 589 590 599 600 592 601 603 605 607 176 179
41 179 632 684 686 683 687 134 135 127 139 140 141 146 133 142 409 410 411 409 587 584 587 425 428 425 429 434 435 425 589 590 599 600 592 601 603 605 607 160 176 179
37 688 632 684 756 686 683 134 135 136 127 139 140 146 133 409 410 411 409 587 425 428 425 429 435 425 598 590 599 600 602 601 603 605 607 158 159 160
35 688 632 684 756 686 683 134 135 136 127 139 146 133 409 410 411 409 587 425 428 425 429 435 425 598 599 600 602 601 603 605 607 158 159 160
33 688 632 684 692 756 686 683 134 135 136 145 146 133 409 410 411 409 587 425 428 425 429 435 425 598 599 600 603 605 607 158 159 160
33 688 632 684 692 756 686 683 134 135 136 145 146 133 409 410 411 409 587 425 428 425 429 435 425 598 599 600 603 605 607 158 159 160
32 688 632 684 692 756 686 683 134 135 136 145 146 133 409 410 411 409 587 425 428 425 429 435 425 598 599 608 610 607 158 159 160
30 688 632 684 692 756 686 683 143 135 136 145 146 409 410 411 409 587 425 428 425 429 435 598 437 608 610 161 163 159 160
30 688 632 684 692 756 686 143 144 145 146 409 410 411 409 413 430 431 432 425 429 435 598 437 609 610 161 162 163 159 160
27 689 632 684 692 756 686 143 144 145 146 409 410 411 409 413 430 431 432 425 429 435 437 609 610 161 162 164
25 689 632 684 692 686 143 144 145 146 409 410 409 413 430 431 432 425 429 435 437 609 610 161 162 164
26 689 632 684 692 686 143 144 145 146 409 410 409 413 430 431 432 425 433 429 435 437 609 610 161 162 164
26 689 632 684 692 143 144 145 146 409 410 409 413 430 431 432 425 433 429 435 437 609 610 161 162 164 168
27 690 632 684 692 143 144 145 146 409 152 410 409 413 430 431 432 425 433 429 435 437 700 165 161 162 164 168
26 690 632 684 692 143 144 145 146 409 152 410 409 413 430 431 432 425 433 429 435 742 700 165 161 164 168
26 690 632 684 692 143 144 145 146 409 152 410 409 413 430 431 432 425 433 429 435 742 700 165 161 164 168
28 690 632 684 692 143 144 145 146 409 148 409 152 156 410 412 413 430 431 432 425 433 429 435 742 700 165 166 168
29 690 632 684 692 143 144 145 146 409 148 409 152 156 410 412 413 430 431 432 425 433 436 425 435 742 700 165 166 168
29 690 632 684 692 143 144 145 146 409 148 409 152 156 410 412 413 430 431 432 425 433 436 425 435 742 700 165 166 168
27 690 632 691 684 692 143 144 147 148 409 151 152 156 410 412 413 430 425 433 436 425 435 742 437 701 167 168
27 690 632 691 684 692 143 144 147 148 409 151 152 156 410 412 413 430 425 433 436 425 435 742 437 701 167 168
25 690 632 691 684 692 143 144 147 148 409 151 153 156 410 412 413 430 425 433 436 425 437 701 167 168
23 690 632 691 684 692 143 147 149 150 151 153 156 410 412 413 430 425 436 425 437 701 167 168
22 690 632 691 684 692 149 150 151 153 156 732 410 412 413 430 425 436 425 437 701 167 168
21 690 632 691 684 692 149 150 153 156 732 410 412 413 430 425 436 425 437 701 167 168
20 690 632 691 684 692 149 150 153 732 410 412 413 430 425 436 425 437 701 167 168
20 690 632 691 684 692 149 150 153 732 410 412 413 430 425 436 425 437 701 167 168
17 690 691 692 149 154 150 153 732 156 414 425 436 425 437 701 167 168
14 691 692 149 154 150 153 732 156 414 425 436 425 437 702
10 691 692 154 156 414 425 436 425 437 702
11 691 692 154 155 156 414 425 436 425 437 702
10 691 692 155 156 414 425 436 425 437 702
15 691 692 155 156 414 425 729 425 436 425 729 425 729 437 702
12 691 692 155 156 414 425 729 425 436 729 437 702
10 691 692 155 156 414 425 729 436 729 702
10 691 692 155 156 414 425 729 425 729 702
6 691 692 155 156 729 702
8 728 692 155 156 729 727 702 728
7 728 692 155 157 729 727 728
9 728 692 729 692 155 157 729 727 728
10 728 692 729 692 729 155 157 729 727 728
7 728 729 155 157 729 727 728
6 728 729 157 729 727 728
6 728 729 157 729 727 728
5 728 729 727 729 728
3 729 727 729
1 729
1 729
1 729
1 729
1 729
1 729
1 729
1 729
1 729
1 729
1 729
1 729
# EOF
