#
# ak135 travel-time table for PKPbc
#
# number of distance and depth samples
13 37
# delta samples
143.000 144.000 145.000 146.000 147.000 148.000 149.000 150.000 151.000 152.000 153.000 154.000 155.000 
# depth samples
    0.000000    1.000000    2.500000    5.000000    7.500000   10.000000   12.500000   15.000000   17.500000   19.900000   20.000000   22.500000   25.000000   27.500000   30.000000   32.500000   34.900000   35.000000   40.000000   45.000000   50.000000   75.000000  100.000000  150.000000  200.000000  250.000000  300.000000  350.000000  400.000000  450.000000  500.000000  550.000000  600.000000  650.000000  700.000000  750.000000  800.000000
#
# travel times (rows - delta, columns - depth)
#
 -999.000000 -999.000000 -999.000000 -999.000000 -999.000000 -999.000000 -999.000000 -999.000000 -999.000000 -999.000000 -999.000000 -999.000000 -999.000000 -999.000000 -999.000000 -999.000000 -999.000000 -999.000000 -999.000000 -999.000000 -999.000000 -999.000000 -999.000000 -999.000000 -999.000000 -999.000000 -999.000000 -999.000000 -999.000000 -999.000000 -999.000000 -999.000000 -999.000000 -999.000000 1095.359985 1091.124390 1086.929688
 -999.000000 -999.000000 -999.000000 -999.000000 -999.000000 -999.000000 -999.000000 -999.000000 -999.000000 -999.000000 -999.000000 -999.000000 -999.000000 -999.000000 -999.000000 -999.000000 -999.000000 -999.000000 -999.000000 -999.000000 -999.000000 -999.000000 -999.000000 -999.000000 -999.000000 -999.000000 -999.000000 -999.000000 1127.423462 1122.321533 1117.349854 1112.468262 1107.675049 1102.968140 1098.564575 1094.275757 1090.036133
 1178.473145 1178.303589 1178.049072 1177.625000 1177.200806 1176.776733 1176.352539 1175.928345 1175.504150 1175.096924 1175.079956 1174.703003 1174.326050 1173.949097 1173.572021 1173.195068 1172.833008 1172.817993 1172.214966 1171.611816 1171.008667 1167.993042 1164.977295 1158.966919 1153.053833 1147.254639 1141.586182 1136.043823 1130.622559 1125.475098 1120.464844 1115.547852 1110.720947 1105.981567 1101.544922 1097.223633 1092.952271
 1181.652832 1181.482666 1181.227295 1180.801636 1180.376099 1179.950439 1179.524902 1179.099365 1178.673706 1178.265137 1178.248169 1177.869629 1177.491211 1177.112671 1176.734253 1176.355713 1175.992310 1175.977295 1175.370605 1174.764038 1174.157471 1171.125488 1168.094604 1162.055908 1156.116089 1150.290894 1144.596802 1139.029175 1133.583008 1128.410034 1123.374268 1118.432007 1113.580078 1108.815796 1104.353027 1100.005371 1095.708130
 1184.585205 1184.414673 1184.158936 1183.732666 1183.306396 1182.880127 1182.453735 1182.027466 1181.601196 1181.192017 1181.174927 1180.795654 1180.416382 1180.037109 1179.657837 1179.278564 1178.914429 1178.899292 1178.290649 1177.682129 1177.073730 1174.031982 1170.991577 1164.933960 1158.974976 1153.130737 1147.417480 1141.830444 1136.364746 1131.171387 1126.114990 1121.151978 1116.279297 1111.494019 1107.009155 1102.639648 1098.320679
 1187.333862 1187.163086 1186.906982 1186.480103 1186.053345 1185.626465 1185.199585 1184.772827 1184.345947 1183.936157 1183.919189 1183.539185 1183.159302 1182.779419 1182.399536 1182.019653 1181.654907 1181.639771 1181.029541 1180.419556 1179.809448 1176.760132 1173.712036 1167.638916 1161.664551 1155.804565 1150.075317 1144.472412 1138.990601 1133.780762 1128.707886 1123.728638 1118.839966 1114.039062 1109.538330 1105.152954 1100.818481
 1189.925171 1189.754150 1189.497803 1189.070557 1188.643311 1188.216064 1187.788696 1187.361450 1186.934204 1186.524048 1186.506958 1186.126587 1185.746216 1185.365845 1184.985474 1184.605103 1184.239868 1184.224731 1183.613403 1183.002075 1182.390869 1179.335571 1176.281738 1170.197266 1164.211426 1158.340210 1152.599854 1146.985718 1141.492798 1136.271362 1131.187012 1126.196167 1121.295898 1116.483398 1111.970459 1107.572876 1103.226196
 1192.398315 1192.227295 1191.970703 1191.543213 1191.115601 1190.687988 1190.260498 1189.832886 1189.405396 1188.994873 1188.977783 1188.597046 1188.216309 1187.835693 1187.454956 1187.074219 1186.708740 1186.693604 1186.081421 1185.469238 1184.857300 1181.797852 1178.739868 1172.647217 1166.653198 1160.773682 1155.024902 1149.402222 1143.900513 1138.670166 1133.576538 1128.576294 1123.666626 1118.844604 1114.321533 1109.913696 1105.556763
 1194.779907 1194.608765 1194.352051 1193.924316 1193.496460 1193.068726 1192.640869 1192.213135 1191.785278 1191.374634 1191.357544 1190.976562 1190.595581 1190.214600 1189.833618 1189.452637 1189.086914 1189.071777 1188.458862 1187.846069 1187.233398 1184.170776 1181.109497 1175.010132 1169.009521 1163.123169 1157.367310 1151.737549 1146.228638 1140.990479 1135.889160 1130.880981 1125.963257 1121.132935 1116.601196 1112.184448 1107.818604
 1197.083374 1196.912231 1196.655396 1196.227417 1195.799316 1195.371338 1194.943359 1194.515381 1194.087402 1193.676514 1193.659424 1193.278198 1192.896973 1192.515747 1192.134521 1191.753418 1191.387451 1191.372314 1190.758789 1190.145508 1189.532227 1186.466797 1183.402710 1177.297729 1171.291382 1165.399170 1159.637329 1154.001343 1148.486206 1143.241577 1138.133423 1133.118530 1128.193848 1123.356567 1118.817505 1114.393311 1110.020020
 1199.317871 1199.146606 1198.889771 1198.461548 1198.033325 1197.605225 1197.177002 1196.748901 1196.320679 1195.909668 1195.892578 1195.511108 1195.129761 1194.748413 1194.366943 1193.985596 1193.619507 1193.604248 1192.990356 1192.376587 1191.762817 1188.695068 1185.628540 1179.518921 1173.507690 1167.610596 1161.843872 1156.202881 1150.682495 1145.432495 1140.318848 1135.298340 1130.368042 1125.525024 1120.979858 1116.549316 1112.169556
 1201.493896 1201.322632 1201.065674 1200.637329 1200.208984 1199.780640 1199.352417 1198.924072 1198.495728 1198.084595 1198.067505 1197.685913 1197.304321 1196.922852 1196.541260 1196.159790 1195.793457 1195.778320 1195.163940 1194.549805 1193.935669 1190.865967 1187.797485 1181.683960 1175.668823 1169.767578 1163.996704 1158.351196 1152.826416 1147.571533 1142.452759 1137.427002 1132.491211 1127.642456 1123.090942 1118.653809 1114.267090
 1203.617554 1203.446167 1203.189087 1202.760620 1202.332153 1201.903809 1201.475342 1201.046875 1200.618408 1200.207153 1200.190063 1199.808350 1199.426636 1199.044922 1198.663208 1198.281494 1197.915039 1197.899902 1197.285156 1196.670654 1196.056152 1192.984497 1189.914062 1183.796509 1177.777222 1171.871704 1166.096191 1160.446045 -999.000000 -999.000000 -999.000000 -999.000000 -999.000000 -999.000000 -999.000000 -999.000000 -999.000000
#
# dtdd (rows - delta, columns - depth)
#
 -999.000000 -999.000000 -999.000000 -999.000000 -999.000000 -999.000000 -999.000000 -999.000000 -999.000000 -999.000000 -999.000000 -999.000000 -999.000000 -999.000000 -999.000000 -999.000000 -999.000000 -999.000000 -999.000000 -999.000000 -999.000000 -999.000000 -999.000000 -999.000000 -999.000000 -999.000000 -999.000000 -999.000000 -999.000000 -999.000000 -999.000000 -999.000000 -999.000000 -999.000000    3.388339    3.287759    3.221704
 -999.000000 -999.000000 -999.000000 -999.000000 -999.000000 -999.000000 -999.000000 -999.000000 -999.000000 -999.000000 -999.000000 -999.000000 -999.000000 -999.000000 -999.000000 -999.000000 -999.000000 -999.000000 -999.000000 -999.000000 -999.000000 -999.000000 -999.000000 -999.000000 -999.000000 -999.000000 -999.000000 -999.000000    3.421831    3.312875    3.246741    3.197396    3.155378    3.116442    3.077583    3.040104    3.004177
    3.432581    3.429342    3.424816    3.417959    3.411750    3.406029    3.400696    3.395680    3.390929    3.386580    3.386404    3.381544    3.376899    3.372442    3.368151    3.364008    3.360156    3.359998    3.350477    3.341568    3.333162    3.296667    3.268179    3.223316    3.186227    3.153198    3.121793    3.091462    3.061979    3.032307    3.003098    2.974457    2.946285    2.918501    2.889698    2.860988    2.832691
    3.037084    3.036753    3.036258    3.035432    3.034608    3.033784    3.032961    3.032139    3.031318    3.030530    3.030497    3.029575    3.028655    3.027735    3.026816    3.025899    3.025019    3.024982    3.022700    3.020424    3.018155    3.006912    2.995826    2.974021    2.952410    2.930890    2.909360    2.887802    2.866179    2.843815    2.821263    2.798679    2.776054    2.753377    2.729534    2.705478    2.681522
    2.835404    2.835159    2.834792    2.834181    2.833569    2.832958    2.832347    2.831736    2.831125    2.830539    2.830514    2.829828    2.829141    2.828455    2.827770    2.827084    2.826426    2.826399    2.824691    2.822986    2.821282    2.812788    2.804335    2.787491    2.770531    2.753400    2.736035    2.718437    2.700608    2.682007    2.663091    2.643999    2.624732    2.605496    2.586157    2.567446    2.549459
    2.665442    2.665240    2.664937    2.664432    2.663927    2.663422    2.662917    2.662412    2.661907    2.661422    2.661402    2.660834    2.660266    2.659699    2.659131    2.658564    2.658019    2.657996    2.656583    2.655170    2.653758    2.646703    2.639659    2.625556    2.611328    2.597389    2.583738    2.570316    2.557079    2.543605    2.530203    2.516942    2.503796    2.490740    2.477135    2.463510    2.450025
    2.525786    2.525648    2.525442    2.525099    2.524756    2.524414    2.524071    2.523728    2.523386    2.523057    2.523044    2.522660    2.522276    2.521892    2.521508    2.521125    2.520757    2.520742    2.519789    2.518838    2.517889    2.513164    2.508476    2.499171    2.489849    2.480476    2.471014    2.461462    2.451818    2.441789    2.431619    2.421378    2.411064    2.400672    2.389702    2.378577    2.367443
    2.424563    2.424459    2.424303    2.424043    2.423783    2.423523    2.423263    2.423003    2.422743    2.422493    2.422483    2.422191    2.421899    2.421607    2.421314    2.421022    2.420742    2.420730    2.420004    2.419278    2.418552    2.414927    2.411307    2.404063    2.396726    2.389274    2.381680    2.373943    2.366068    2.357819    2.349392    2.340847    2.332186    2.323406    2.314082    2.304572    2.294999
    2.340803    2.340717    2.340588    2.340373    2.340157    2.339942    2.339727    2.339511    2.339296    2.339089    2.339081    2.338839    2.338597    2.338354    2.338112    2.337870    2.337638    2.337628    2.337026    2.336423    2.335821    2.332807    2.329791    2.323733    2.317570    2.311283    2.304848    2.298265    2.291533    2.284449    2.277178    2.269772    2.262231    2.254554    2.246375    2.238104    2.229883
    2.267547    2.267473    2.267361    2.267176    2.266990    2.266804    2.266618    2.266432    2.266246    2.266068    2.266060    2.265851    2.265642    2.265433    2.265224    2.265014    2.264813    2.264805    2.264284    2.263764    2.263242    2.260634    2.258019    2.252754    2.247383    2.241933    2.236404    2.230796    2.225107    2.219169    2.213121    2.207007    2.200826    2.194575    2.187956    2.181220    2.174454
    2.203523    2.203462    2.203372    2.203221    2.203070    2.202919    2.202768    2.202617    2.202466    2.202321    2.202315    2.202145    2.201976    2.201806    2.201636    2.201466    2.201303    2.201297    2.200875    2.200453    2.200031    2.197922    2.195812    2.191578    2.187276    2.182892    2.178411    2.173831    2.169152    2.164233    2.159190    2.154058    2.148823    2.143378    2.137419    2.131142    2.124614
    2.149885    2.149834    2.149757    2.149630    2.149502    2.149374    2.149246    2.149118    2.148989    2.148866    2.148861    2.148717    2.148572    2.148427    2.148283    2.148138    2.147999    2.147993    2.147632    2.147270    2.146908    2.145082    2.143236    2.139469    2.135553    2.131470    2.127198    2.122726    2.118044    2.112996    2.107681    2.102123    2.096309    2.090225    2.083548    2.076497    2.069141
    2.096039    2.095982    2.095896    2.095752    2.095608    2.095464    2.095320    2.095176    2.095032    2.094893    2.094887    2.094725    2.094563    2.094400    2.094237    2.094074    2.093918    2.093911    2.093505    2.093098    2.092690    2.090634    2.088553    2.084301    2.079872    2.075245    2.070391    2.065298 -999.000000 -999.000000 -999.000000 -999.000000 -999.000000 -999.000000 -999.000000 -999.000000 -999.000000
#
# dtdh (rows - delta, columns - depth)
#
 -999.000000 -999.000000 -999.000000 -999.000000 -999.000000 -999.000000 -999.000000 -999.000000 -999.000000 -999.000000 -999.000000 -999.000000 -999.000000 -999.000000 -999.000000 -999.000000 -999.000000 -999.000000 -999.000000 -999.000000 -999.000000 -999.000000 -999.000000 -999.000000 -999.000000 -999.000000 -999.000000 -999.000000 -999.000000 -999.000000 -999.000000 -999.000000 -999.000000 -999.000000   -0.085151   -0.084249   -0.083601
 -999.000000 -999.000000 -999.000000 -999.000000 -999.000000 -999.000000 -999.000000 -999.000000 -999.000000 -999.000000 -999.000000 -999.000000 -999.000000 -999.000000 -999.000000 -999.000000 -999.000000 -999.000000 -999.000000 -999.000000 -999.000000 -999.000000 -999.000000 -999.000000 -999.000000 -999.000000 -999.000000 -999.000000   -0.106239   -0.100332   -0.098526   -0.096736   -0.094984   -0.093289   -0.086347   -0.085210   -0.084453
   -0.169628   -0.169632   -0.169638   -0.169647   -0.169655   -0.169662   -0.169669   -0.169675   -0.169680   -0.169685   -0.150782   -0.150789   -0.150795   -0.150801   -0.150806   -0.150811   -0.150816   -0.120610   -0.120616   -0.120621   -0.120625   -0.120631   -0.120619   -0.119317   -0.117216   -0.114667   -0.112093   -0.109617   -0.107245   -0.101159   -0.099260   -0.097422   -0.095644   -0.093929   -0.087007   -0.085852   -0.085078
   -0.170237   -0.170236   -0.170236   -0.170236   -0.170235   -0.170234   -0.170234   -0.170233   -0.170233   -0.170232   -0.151397   -0.151397   -0.151397   -0.151396   -0.151396   -0.151395   -0.151395   -0.121333   -0.121323   -0.121314   -0.121304   -0.121256   -0.121208   -0.119864   -0.117743   -0.115183   -0.112601   -0.110119   -0.107742   -0.101670   -0.099766   -0.097926   -0.096145   -0.094428   -0.087534   -0.086374   -0.085595
   -0.170518   -0.170517   -0.170517   -0.170516   -0.170516   -0.170515   -0.170514   -0.170514   -0.170513   -0.170512   -0.151712   -0.151711   -0.151711   -0.151710   -0.151710   -0.151709   -0.151708   -0.121724   -0.121713   -0.121703   -0.121693   -0.121641   -0.121590   -0.120244   -0.118123   -0.115566   -0.112987   -0.110509   -0.108135   -0.102081   -0.100180   -0.098341   -0.096563   -0.094848   -0.087977   -0.086811   -0.086020
   -0.170739   -0.170739   -0.170739   -0.170738   -0.170737   -0.170737   -0.170736   -0.170735   -0.170734   -0.170734   -0.151961   -0.151960   -0.151960   -0.151959   -0.151958   -0.151958   -0.151957   -0.122034   -0.122023   -0.122013   -0.122002   -0.121950   -0.121897   -0.120553   -0.118435   -0.115882   -0.113306   -0.110829   -0.108456   -0.102412   -0.100507   -0.098664   -0.096879   -0.095156   -0.088297   -0.087123   -0.086325
   -0.170911   -0.170911   -0.170910   -0.170909   -0.170909   -0.170908   -0.170907   -0.170906   -0.170905   -0.170905   -0.152153   -0.152152   -0.152151   -0.152151   -0.152150   -0.152149   -0.152148   -0.122271   -0.122260   -0.122249   -0.122238   -0.122183   -0.122128   -0.120781   -0.118661   -0.116106   -0.113530   -0.111053   -0.108680   -0.102644   -0.100739   -0.098895   -0.097110   -0.095388   -0.088542   -0.087368   -0.086569
   -0.171029   -0.171029   -0.171029   -0.171028   -0.171027   -0.171026   -0.171025   -0.171025   -0.171024   -0.171023   -0.152286   -0.152285   -0.152284   -0.152283   -0.152283   -0.152282   -0.152281   -0.122437   -0.122425   -0.122414   -0.122403   -0.122347   -0.122291   -0.120944   -0.118826   -0.116274   -0.113700   -0.111225   -0.108855   -0.102828   -0.100924   -0.099083   -0.097300   -0.095580   -0.088747   -0.087574   -0.086775
   -0.171124   -0.171123   -0.171123   -0.171122   -0.171121   -0.171121   -0.171120   -0.171119   -0.171118   -0.171118   -0.152392   -0.152391   -0.152390   -0.152390   -0.152389   -0.152388   -0.152387   -0.122569   -0.122557   -0.122546   -0.122535   -0.122479   -0.122423   -0.121077   -0.118961   -0.116412   -0.113841   -0.111369   -0.109001   -0.102983   -0.101082   -0.099243   -0.097463   -0.095745   -0.088924   -0.087753   -0.086954
   -0.171204   -0.171203   -0.171203   -0.171202   -0.171201   -0.171201   -0.171200   -0.171199   -0.171198   -0.171198   -0.152482   -0.152481   -0.152480   -0.152479   -0.152479   -0.152478   -0.152477   -0.122680   -0.122669   -0.122658   -0.122647   -0.122591   -0.122535   -0.121191   -0.119077   -0.116530   -0.113962   -0.111493   -0.109128   -0.103116   -0.101217   -0.099380   -0.097601   -0.095885   -0.089073   -0.087901   -0.087103
   -0.171271   -0.171271   -0.171270   -0.171270   -0.171269   -0.171268   -0.171267   -0.171267   -0.171266   -0.171265   -0.152558   -0.152557   -0.152556   -0.152555   -0.152555   -0.152554   -0.152553   -0.122775   -0.122764   -0.122753   -0.122741   -0.122686   -0.122630   -0.121286   -0.119173   -0.116629   -0.114062   -0.111595   -0.109232   -0.103226   -0.101328   -0.099492   -0.097715   -0.096001   -0.089198   -0.088029   -0.087233
   -0.171326   -0.171326   -0.171326   -0.171325   -0.171324   -0.171323   -0.171323   -0.171322   -0.171321   -0.171320   -0.152620   -0.152619   -0.152618   -0.152617   -0.152617   -0.152616   -0.152615   -0.122852   -0.122841   -0.122830   -0.122819   -0.122763   -0.122707   -0.121365   -0.119254   -0.116712   -0.114148   -0.111684   -0.109324   -0.103325   -0.101431   -0.099600   -0.097828   -0.096118   -0.089328   -0.088164   -0.087374
   -0.171380   -0.171380   -0.171380   -0.171379   -0.171378   -0.171378   -0.171377   -0.171376   -0.171376   -0.171375   -0.152681   -0.152680   -0.152679   -0.152679   -0.152678   -0.152677   -0.152676   -0.122928   -0.122917   -0.122906   -0.122896   -0.122841   -0.122786   -0.121446   -0.119339   -0.116801   -0.114241   -0.111781 -999.000000 -999.000000 -999.000000 -999.000000 -999.000000 -999.000000 -999.000000 -999.000000 -999.000000
#
# ak135 travel-time table for PKPbc
#
