#
# ak135 travel-time table for PKPdf
#
# number of distance and depth samples
67 37
# delta samples
114.000 115.000 116.000 117.000 118.000 119.000 120.000 121.000 122.000 123.000 124.000 125.000 126.000 127.000 128.000 129.000 130.000 131.000 132.000 133.000 134.000 135.000 136.000 137.000 138.000 
139.000 140.000 141.000 142.000 143.000 144.000 145.000 146.000 147.000 148.000 149.000 150.000 151.000 152.000 153.000 154.000 155.000 156.000 157.000 158.000 159.000 160.000 161.000 162.000 163.000 
164.000 165.000 166.000 167.000 168.000 169.000 170.000 171.000 172.000 173.000 174.000 175.000 176.000 177.000 178.000 179.000 180.000 
# depth samples
    0.000000    1.000000    2.500000    5.000000    7.500000   10.000000   12.500000   15.000000   17.500000   19.900000   20.000000   22.500000   25.000000   27.500000   30.000000   32.500000   34.900000   35.000000   40.000000   45.000000   50.000000   75.000000  100.000000  150.000000  200.000000  250.000000  300.000000  350.000000  400.000000  450.000000  500.000000  550.000000  600.000000  650.000000  700.000000  750.000000  800.000000
#
# travel times (rows - delta, columns - depth)
#
 -999.000000 -999.000000 -999.000000 -999.000000 -999.000000 -999.000000 -999.000000 -999.000000 -999.000000 -999.000000 -999.000000 -999.000000 -999.000000 -999.000000 -999.000000 -999.000000 -999.000000 -999.000000 -999.000000 -999.000000 -999.000000 -999.000000 -999.000000 -999.000000 -999.000000 -999.000000 -999.000000 -999.000000 -999.000000 -999.000000 -999.000000 -999.000000 -999.000000 -999.000000 -999.000000 -999.000000 1033.499023
 -999.000000 -999.000000 -999.000000 -999.000000 -999.000000 -999.000000 -999.000000 -999.000000 -999.000000 -999.000000 -999.000000 -999.000000 -999.000000 -999.000000 -999.000000 -999.000000 -999.000000 -999.000000 -999.000000 -999.000000 -999.000000 -999.000000 -999.000000 -999.000000 -999.000000 1091.112427 1085.325562 1079.664062 1074.122803 1068.850952 1063.714844 1058.671753 1053.718506 1048.852417 1044.282837 1039.827637 1035.423218
 1124.836914 1124.665283 1124.407959 1123.979126 1123.550293 1123.121460 1122.692627 1122.263794 1121.834961 1121.423218 1121.406128 1121.023926 1120.641724 1120.259644 1119.877441 1119.495239 1119.128418 1119.113159 1118.497437 1117.881714 1117.266113 1114.188721 1111.112793 1104.984131 1098.953491 1093.036743 1087.249878 1081.588257 1076.046997 1070.775146 1065.639160 1060.595947 1055.642700 1050.776611 1046.207031 1041.751709 1037.347290
 1126.760986 1126.589478 1126.332153 1125.903320 1125.474487 1125.045654 1124.616821 1124.187866 1123.759033 1123.347412 1123.330200 1122.948120 1122.565918 1122.183716 1121.801636 1121.419434 1121.052612 1121.037354 1120.421631 1119.805908 1119.190186 1116.112915 1113.036987 1106.908203 1100.877563 1094.960815 1089.173950 1083.512329 1077.971069 1072.699097 1067.563110 1062.519897 1057.566650 1052.700562 1048.130859 1043.675537 1039.271118
 1128.684937 1128.513428 1128.256104 1127.827148 1127.398315 1126.969482 1126.540649 1126.111816 1125.682983 1125.271240 1125.254150 1124.871948 1124.489746 1124.107666 1123.725464 1123.343384 1122.976440 1122.961182 1122.345459 1121.729736 1121.114136 1118.036743 1114.960815 1108.832031 1102.801392 1096.884521 1091.097656 1085.436035 1079.894775 1074.622681 1069.486694 1064.443481 1059.490112 1054.623901 1050.054199 1045.598755 1041.194336
 1130.608398 1130.436768 1130.179443 1129.750610 1129.321777 1128.892944 1128.464111 1128.035156 1127.606323 1127.194702 1127.177490 1126.795410 1126.413208 1126.031006 1125.648926 1125.266724 1124.899902 1124.884644 1124.268799 1123.653076 1123.037476 1119.960083 1116.884155 1110.755371 1104.724731 1098.807739 1093.020874 1087.359131 1081.817871 1076.545776 1071.409668 1066.366333 1061.412964 1056.546631 1051.976807 1047.521362 1043.116821
 1132.531128 1132.359497 1132.102295 1131.673340 1131.244507 1130.815674 1130.386841 1129.958008 1129.529053 1129.117432 1129.100342 1128.718140 1128.335938 1127.953735 1127.571655 1127.189453 1126.822632 1126.807373 1126.191528 1125.575806 1124.960205 1121.882812 1118.806763 1112.677979 1106.647217 1100.730225 1094.943237 1089.281494 1083.740112 1078.468018 1073.331787 1068.288452 1063.334961 1058.468506 1053.898560 1049.442993 1045.038330
 1134.453003 1134.281372 1134.024170 1133.595215 1133.166382 1132.737549 1132.308716 1131.879883 1131.450928 1131.039307 1131.022095 1130.640015 1130.257812 1129.875610 1129.493530 1129.111328 1128.744385 1128.729248 1128.113403 1127.497681 1126.882080 1123.804565 1120.728516 1114.599609 1108.568848 1102.651855 1096.864746 1091.202881 1085.661377 1080.389160 1075.252808 1070.209351 1065.255859 1060.389282 1055.819214 1051.363525 1046.958618
 1136.373779 1136.202271 1135.944946 1135.515991 1135.087158 1134.658325 1134.229492 1133.800537 1133.371704 1132.960083 1132.942871 1132.560669 1132.178589 1131.796387 1131.414185 1131.032104 1130.665161 1130.649902 1130.034180 1129.418457 1128.802734 1125.725220 1122.649170 1116.520142 1110.489380 1104.572266 1098.785034 1093.123047 1087.581543 1082.309204 1077.172729 1072.129150 1067.175415 1062.308716 1057.738525 1053.282593 1048.877563
 1138.293213 1138.121582 1137.864258 1137.435425 1137.006592 1136.577759 1136.148804 1135.719971 1135.291138 1134.879395 1134.862305 1134.480103 1134.097900 1133.715820 1133.333618 1132.951416 1132.584595 1132.569336 1131.953491 1131.337769 1130.722046 1127.644531 1124.568481 1118.439331 1112.408325 1106.491089 1100.703857 1095.041748 1089.500122 1084.227539 1079.090942 1074.047241 1069.093384 1064.226562 1059.656128 1055.200073 1050.794800
 1140.210938 1140.039429 1139.782104 1139.353271 1138.924438 1138.495483 1138.066650 1137.637817 1137.208862 1136.797241 1136.780029 1136.397827 1136.015747 1135.633545 1135.251343 1134.869141 1134.502319 1134.487061 1133.871216 1133.255493 1132.639771 1129.562256 1126.486084 1120.356812 1114.325684 1108.408325 1102.620972 1096.958740 1091.416870 1086.144165 1081.007446 1075.963501 1071.009399 1066.142456 1061.571777 1057.115479 1052.709961
 1142.126953 1141.955322 1141.697998 1141.269165 1140.840210 1140.411377 1139.982544 1139.553711 1139.124756 1138.713013 1138.695923 1138.313721 1137.931519 1137.549438 1137.167236 1136.785034 1136.418091 1136.402954 1135.787109 1135.171265 1134.555664 1131.477905 1128.401733 1122.272339 1116.241089 1110.323608 1104.536011 1098.873657 1093.331543 1088.058716 1082.921753 1077.877686 1072.923340 1068.056030 1063.485229 1059.028564 1054.622803
 1144.040527 1143.869019 1143.611694 1143.182739 1142.753906 1142.325073 1141.896118 1141.467285 1141.038452 1140.626709 1140.609619 1140.227295 1139.845215 1139.463013 1139.080811 1138.698608 1138.331665 1138.316528 1137.700684 1137.084839 1136.469116 1133.391479 1130.315063 1124.185547 1118.154175 1112.236450 1106.448730 1100.786133 1095.243896 1089.970825 1084.833618 1079.789185 1074.834717 1069.967163 1065.395996 1060.939087 1056.532959
 1145.951660 1145.780029 1145.522705 1145.093872 1144.664917 1144.236084 1143.807251 1143.378296 1142.949463 1142.537720 1142.520630 1142.138428 1141.756226 1141.374023 1140.991821 1140.609619 1140.242676 1140.227539 1139.611572 1138.995850 1138.380127 1135.302246 1132.225830 1126.096069 1120.064575 1114.146606 1108.358643 1102.695923 1097.153320 1091.880005 1086.742554 1081.697876 1076.743042 1071.875244 1067.303711 1062.846436 1058.439941
 1147.859741 1147.688232 1147.430786 1147.001953 1146.572998 1146.144165 1145.715210 1145.286377 1144.857544 1144.445801 1144.428589 1144.046387 1143.664185 1143.281982 1142.899780 1142.517578 1142.150757 1142.135498 1141.519531 1140.903809 1140.287964 1137.210083 1134.133545 1128.003662 1121.971802 1116.053711 1110.265503 1104.602417 1099.059692 1093.786011 1088.648315 1083.603271 1078.648071 1073.779907 1069.208008 1064.750366 1060.343506
 1149.764404 1149.592896 1149.335571 1148.906616 1148.477783 1148.048828 1147.619873 1147.191040 1146.762085 1146.350342 1146.333252 1145.951050 1145.568848 1145.186646 1144.804443 1144.422241 1144.055298 1144.040039 1143.424072 1142.808350 1142.192505 1139.114502 1136.037842 1129.907715 1123.875610 1117.957275 1112.168701 1106.505371 1100.962280 1095.688354 1090.550293 1085.504883 1080.549316 1075.680786 1071.108398 1066.650269 1062.242920
 1151.665283 1151.493652 1151.236328 1150.807495 1150.378540 1149.949585 1149.520752 1149.091797 1148.662842 1148.251099 1148.234009 1147.851807 1147.469604 1147.087280 1146.705078 1146.322876 1145.955933 1145.940796 1145.324829 1144.708984 1144.093140 1141.015015 1137.938232 1131.807739 1125.775391 1119.856689 1114.067871 1108.404175 1102.860840 1097.586548 1092.447998 1087.402222 1082.446289 1077.577271 1073.004395 1068.545776 1064.137817
 1153.561646 1153.390137 1153.132812 1152.703857 1152.274902 1151.846069 1151.417114 1150.988159 1150.559204 1150.147461 1150.130371 1149.748169 1149.365845 1148.983643 1148.601440 1148.219238 1147.852295 1147.837036 1147.221069 1146.605103 1145.989380 1142.911011 1139.834106 1133.703369 1127.670654 1121.751587 1115.962402 1110.298462 1104.754639 1099.479980 1094.340942 1089.294800 1084.338257 1079.468750 1074.895386 1070.436157 1066.027588
 1155.453125 1155.281616 1155.024292 1154.595337 1154.166382 1153.737427 1153.308472 1152.879517 1152.450684 1152.038818 1152.021729 1151.639526 1151.257202 1150.875000 1150.492798 1150.110474 1149.743530 1149.728271 1149.112305 1148.496338 1147.880493 1144.802002 1141.724976 1135.593872 1129.560791 1123.641357 1117.851807 1112.187378 1106.643188 1101.367920 1096.228516 1091.181763 1086.224731 1081.354736 1076.780640 1072.320801 1067.911499
 1157.338989 1157.167480 1156.910034 1156.481079 1156.052124 1155.623291 1155.194336 1154.765381 1154.336426 1153.924683 1153.907471 1153.525146 1153.142944 1152.760742 1152.378418 1151.996216 1151.629150 1151.614014 1150.997925 1150.381958 1149.766113 1146.687378 1143.610107 1137.478638 1131.445190 1125.525391 1119.735352 1114.070435 1108.525635 1103.250000 1098.109985 1093.062622 1088.104980 1083.234253 1078.659546 1074.198975 1069.788940
 1159.218506 1159.046997 1158.789551 1158.360596 1157.931641 1157.502686 1157.073730 1156.644775 1156.215820 1155.804077 1155.786865 1155.404541 1155.022339 1154.640015 1154.257812 1153.875488 1153.508545 1153.493286 1152.877197 1152.261230 1151.645264 1148.566406 1145.488892 1139.356934 1133.322998 1127.402710 1121.612183 1115.946777 1110.401489 1105.125244 1099.984619 1094.936646 1089.978271 1085.106812 1080.531372 1076.069946 1071.659058
 1161.090942 1160.919312 1160.661987 1160.233032 1159.804077 1159.375000 1158.946045 1158.517090 1158.088135 1157.676270 1157.659180 1157.276855 1156.894531 1156.512329 1156.130005 1155.747681 1155.380737 1155.365479 1154.749268 1154.133301 1153.517212 1150.438110 1147.360352 1141.228027 1135.193604 1129.272705 1123.481689 1117.815674 1112.269775 1106.992798 1101.851440 1096.802734 1091.843750 1086.971436 1082.395142 1077.932739 1073.520874
 1162.955322 1162.783813 1162.526367 1162.097412 1161.668335 1161.239380 1160.810425 1160.381348 1159.952393 1159.540527 1159.523438 1159.141113 1158.758789 1158.376465 1157.994141 1157.611816 1157.244873 1157.229614 1156.613403 1155.997314 1155.381226 1152.301880 1149.223877 1143.090820 1137.055786 1131.134399 1125.342651 1119.676025 1114.129517 1108.851807 1103.709595 1098.660156 1093.700195 1088.827026 1084.249756 1079.786255 1075.373413
 1164.810669 1164.639160 1164.381714 1163.952637 1163.523682 1163.094604 1162.665649 1162.236572 1161.807617 1161.395752 1161.378662 1160.996216 1160.613892 1160.231567 1159.849243 1159.466919 1159.099854 1159.084595 1158.468384 1157.852173 1157.236084 1154.156372 1151.078125 1144.944458 1138.908813 1132.986816 1127.194336 1121.526978 1115.979614 1110.701172 1105.558105 1100.507812 1095.546875 1090.672852 1086.094360 1081.629883 1077.215820
 1166.656128 1166.484497 1166.227051 1165.798096 1165.369019 1164.939941 1164.510864 1164.081909 1163.652832 1163.240967 1163.223877 1162.841431 1162.459106 1162.076782 1161.694336 1161.312012 1160.944946 1160.929688 1160.313354 1159.697144 1159.080933 1156.000977 1152.922363 1146.788086 1140.751709 1134.828979 1129.035767 1123.367554 1117.819458 1112.540039 1107.396118 1102.344849 1097.382935 1092.507812 1087.928223 1083.462524 1079.047241
 1168.490723 1168.319092 1168.061646 1167.632568 1167.203491 1166.774414 1166.345337 1165.916260 1165.487183 1165.075317 1165.058228 1164.675781 1164.293335 1163.911011 1163.528564 1163.146240 1162.779053 1162.763916 1162.147461 1161.531128 1160.914917 1157.834595 1154.755615 1148.620605 1142.583496 1136.659912 1130.865967 1125.196899 1119.647827 1114.367432 1109.222534 1104.170044 1099.207031 1094.330811 1089.749878 1085.282837 1080.866089
 1170.312988 1170.141357 1169.883911 1169.454834 1169.025757 1168.596680 1168.167603 1167.738525 1167.309448 1166.897461 1166.880371 1166.497925 1166.115479 1165.733032 1165.350586 1164.968140 1164.601074 1164.585815 1163.969360 1163.353027 1162.736694 1159.655884 1156.576538 1150.440674 1144.402710 1138.478271 1132.683350 1127.013306 1121.463257 1116.181763 1111.035767 1105.982056 1101.017822 1096.140259 1091.557983 1087.089355 1082.671143
 1172.121826 1171.950073 1171.692627 1171.263550 1170.834351 1170.405273 1169.976196 1169.546997 1169.117920 1168.705933 1168.688843 1168.306396 1167.923828 1167.541382 1167.158936 1166.776489 1166.409302 1166.394165 1165.777588 1165.161133 1164.544678 1161.463501 1158.383667 1152.246948 1146.208008 1140.282593 1134.486694 1128.815552 1123.264404 1117.981689 1112.834351 1107.779419 1102.813721 1097.934692 1093.350830 1088.880615 1084.460571
 1173.915283 1173.743652 1173.486084 1173.056885 1172.627808 1172.198608 1171.769409 1171.340332 1170.911133 1170.499146 1170.482056 1170.099487 1169.717041 1169.334473 1168.952026 1168.569580 1168.202271 1168.187134 1167.570435 1166.953857 1166.337402 1163.255737 1160.175293 1154.037598 1147.997681 1142.071167 1136.274048 1130.601807 1125.049438 1119.765381 1114.616699 1109.560303 1104.593140 1099.712402 1095.126831 1090.654785 1086.232910
 1175.691772 1175.520142 1175.262573 1174.833374 1174.404175 1173.974976 1173.545776 1173.116577 1172.687378 1172.275391 1172.258301 1171.875732 1171.493164 1171.110596 1170.728027 1170.345581 1169.978271 1169.963013 1169.346313 1168.729614 1168.113037 1165.030762 1161.949951 1155.811157 1149.770020 1143.842285 1138.044067 1132.370483 1126.816650 1121.531250 1116.380981 1111.322876 1106.354126 1101.471680 1096.884277 1092.410156 1087.986206
 1177.449463 1177.277832 1177.020264 1176.591064 1176.161743 1175.732544 1175.303345 1174.874023 1174.444824 1174.032837 1174.015625 1173.633057 1173.250488 1172.867920 1172.485229 1172.102661 1171.735352 1171.720215 1171.103271 1170.486572 1169.869751 1166.786987 1163.705566 1157.565552 1151.523193 1145.594116 1139.794556 1134.119507 1128.564209 1123.277222 1118.125244 1113.065552 1108.094849 1103.210571 1098.621094 1094.144897 1089.718750
 1179.186401 1179.014771 1178.757202 1178.327881 1177.898560 1177.469360 1177.040039 1176.610840 1176.181519 1175.769409 1175.752197 1175.369629 1174.986938 1174.604370 1174.221680 1173.838989 1173.471680 1173.456421 1172.839478 1172.222534 1171.605713 1168.522339 1165.440186 1159.298828 1153.255127 1147.324707 1141.523560 1135.847046 1130.290161 1125.001465 1119.847656 1114.786011 1109.813477 1104.927124 1100.335327 1095.856812 1091.428223
 1180.900513 1180.728760 1180.471191 1180.041870 1179.612549 1179.183228 1178.753906 1178.324585 1177.895142 1177.483032 1177.465942 1177.083130 1176.700439 1176.317749 1175.935059 1175.552368 1175.185059 1175.169800 1174.552612 1173.935669 1173.318604 1170.234497 1167.151733 1161.008911 1154.963745 1149.031738 1143.229004 1137.550903 1131.992188 1126.701538 1121.545898 1116.482178 1111.507446 1106.618896 1102.024780 1097.543701 1093.112549
 1182.589355 1182.417603 1182.159912 1181.730591 1181.301147 1180.871826 1180.442383 1180.013062 1179.583618 1179.171509 1179.154297 1178.771484 1178.388794 1178.005981 1177.623291 1177.240479 1176.873047 1176.857788 1176.240601 1175.623413 1175.006226 1171.921387 1168.837769 1162.693481 1156.646851 1150.713135 1144.908691 1139.228760 1133.668213 1128.375610 1123.217896 1118.151978 1113.175049 1108.284180 1103.687500 1099.203735 1094.769775
 1184.250977 1184.079102 1183.821533 1183.392090 1182.962646 1182.533203 1182.103760 1181.674316 1181.244873 1180.832642 1180.815430 1180.432617 1180.049805 1179.666992 1179.284180 1178.901367 1178.533813 1178.518677 1177.901123 1177.283813 1176.666504 1173.580933 1170.496460 1164.350586 1158.302246 1152.366821 1146.560547 1140.878662 1135.316162 1130.021362 1124.861328 1119.793091 1114.813599 1109.920166 1105.320679 1100.833862 1096.396851
 1185.882202 1185.710449 1185.452637 1185.023193 1184.593628 1184.164185 1183.734741 1183.305176 1182.875732 1182.463379 1182.446289 1182.063354 1181.680420 1181.297485 1180.914673 1180.531738 1180.164185 1180.148926 1179.531372 1178.913818 1178.296387 1175.209717 1172.124512 1165.976807 1159.926392 1153.989014 1148.180664 1142.496582 1136.931763 1131.634521 1126.471802 1121.400879 1116.418701 1111.522339 1106.919556 1102.429443 1097.989014
 1187.478271 1187.306396 1187.048706 1186.619141 1186.189575 1185.760010 1185.330444 1184.900879 1184.471313 1184.058960 1184.041748 1183.658813 1183.275757 1182.892822 1182.509888 1182.126953 1181.759277 1181.744019 1181.126221 1180.508423 1179.890747 1176.803223 1173.716919 1167.567139 1161.514648 1155.575073 1149.764404 1144.078003 1138.510742 1133.210693 1128.045288 1122.971558 1117.986328 1113.086792 1108.480713 1103.987183 1099.543091
 1189.035522 1188.863647 1188.605835 1188.176147 1187.746582 1187.316895 1186.887207 1186.457642 1186.027954 1185.615479 1185.598389 1185.215332 1184.832275 1184.449219 1184.066162 1183.683105 1183.315308 1183.300049 1182.682129 1182.064209 1181.446289 1178.357666 1175.270386 1169.118408 1163.063721 1157.121948 1151.308838 1145.619995 1140.050171 1134.747559 1129.579346 1124.502686 1119.514526 1114.611938 1110.002686 1105.505737 1101.058105
 1190.552490 1190.380615 1190.122803 1189.693115 1189.263428 1188.833618 1188.403931 1187.974243 1187.544556 1187.131958 1187.114868 1186.731689 1186.348511 1185.965454 1185.582275 1185.199219 1184.831421 1184.816162 1184.197876 1183.579712 1182.961670 1179.872070 1176.783691 1170.629761 1164.572998 1158.628906 1152.813721 1147.122437 1141.550293 1136.245117 1131.074219 1125.994751 1121.003662 1116.098267 1111.485718 1106.985352 1102.534424
 1192.029785 1191.857788 1191.599976 1191.170166 1190.740356 1190.310547 1189.880859 1189.451050 1189.021240 1188.608643 1188.591431 1188.208252 1187.825073 1187.441772 1187.058594 1186.675415 1186.307495 1186.292236 1185.673828 1185.055542 1184.437256 1181.346680 1178.257324 1172.101318 1166.042358 1160.096191 1154.278687 1148.585083 1143.010376 1137.702637 1132.529053 1127.446777 1122.452759 1117.544312 1112.928589 1108.424805 1103.970337
 1193.465454 1193.293457 1193.035522 1192.605713 1192.175903 1191.745972 1191.316162 1190.886230 1190.456421 1190.043823 1190.026611 1189.643311 1189.260010 1188.876709 1188.493408 1188.110107 1187.742188 1187.726929 1187.108276 1186.489746 1185.871338 1182.779663 1179.689331 1173.531128 1167.470215 1161.521729 1155.701904 1150.005859 1144.428711 1139.118286 1133.941895 1128.856812 1123.859863 1118.948364 1114.329224 1109.822144 1105.364014
 1194.857544 1194.685547 1194.427612 1193.997681 1193.567749 1193.137817 1192.707886 1192.277954 1191.848022 1191.435303 1191.418091 1191.034790 1190.651367 1190.267944 1189.884644 1189.501221 1189.133179 1189.117920 1188.499146 1187.880371 1187.261719 1184.169067 1181.077637 1174.917358 1168.854248 1162.903442 1157.081299 1151.382812 1145.803223 1140.490112 1135.310913 1130.222900 1125.223022 1120.308350 1115.685913 1111.175293 1106.713745
 1196.204102 1196.032104 1195.774170 1195.344116 1194.914062 1194.484131 1194.054077 1193.624146 1193.194092 1192.781250 1192.764160 1192.380615 1191.997192 1191.613770 1191.230347 1190.846802 1190.478760 1190.463501 1189.844360 1189.225464 1188.606567 1185.512939 1182.420410 1176.258057 1170.192749 1164.239746 1158.415161 1152.714355 1147.132202 1141.816284 1136.634399 1131.543457 1126.540649 1121.622925 1116.997070 1112.483032 1108.017944
 1197.503662 1197.331543 1197.073486 1196.643433 1196.213379 1195.783325 1195.353271 1194.923096 1194.493042 1194.080200 1194.062988 1193.679443 1193.295898 1192.912354 1192.528809 1192.145264 1191.777100 1191.761841 1191.142578 1190.523438 1189.904419 1186.809692 1183.716187 1177.551636 1171.484131 1165.528931 1159.702026 1153.998779 1148.414062 1143.095581 1137.910889 1132.817017 1127.811279 1122.890503 1118.261353 1113.743896 1109.275269
 1198.754517 1198.582520 1198.324341 1197.894165 1197.464111 1197.033936 1196.603760 1196.173584 1195.743530 1195.330566 1195.313354 1194.929688 1194.546143 1194.162476 1193.778809 1193.395264 1193.026978 1193.011719 1192.392212 1191.772949 1191.153564 1188.057861 1184.963257 1178.796753 1172.727051 1166.769653 1160.940430 1155.234741 1149.647583 1144.326538 1139.139038 1134.042480 1129.033691 1124.109985 1119.477661 1114.956787 1110.484741
 1199.955688 1199.783569 1199.525391 1199.095215 1198.665039 1198.234741 1197.804565 1197.374268 1196.944092 1196.531128 1196.513916 1196.130127 1195.746460 1195.362793 1194.979126 1194.595337 1194.227051 1194.211792 1193.592163 1192.972534 1192.353027 1189.256348 1186.160767 1179.992188 1173.920288 1167.960693 1162.129272 1156.421265 1150.831665 1145.508057 1140.317871 1135.218506 1130.206909 1125.280273 1120.644775 1116.120605 1111.645142
 1201.105835 1200.933716 1200.675537 1200.245239 1199.815063 1199.384766 1198.954468 1198.524170 1198.093872 1197.680786 1197.663574 1197.279785 1196.895996 1196.512207 1196.128418 1195.744629 1195.376221 1195.360962 1194.741089 1194.121338 1193.501709 1190.403931 1187.307373 1181.136841 1175.062866 1169.101196 1163.267456 1157.557251 1151.965332 1146.639038 1141.446289 1136.344238 1131.329834 1126.400269 1121.761719 1117.234375 1112.755615
 1202.204102 1202.031982 1201.773682 1201.343384 1200.912964 1200.482666 1200.052246 1199.621948 1199.191528 1198.778442 1198.761230 1198.377319 1197.993530 1197.609619 1197.225830 1196.841919 1196.473389 1196.458130 1195.838135 1195.218140 1194.598267 1191.499634 1188.402100 1182.229614 1176.153687 1170.189819 1164.354004 1158.641602 1153.047363 1147.718628 1142.523315 1137.418701 1132.401611 1127.469360 1122.827759 1118.297363 1113.815430
 1203.249756 1203.077637 1202.819336 1202.388916 1201.958496 1201.528076 1201.097656 1200.667236 1200.236816 1199.823608 1199.806519 1199.422485 1199.038574 1198.654663 1198.270752 1197.886841 1197.518188 1197.502930 1196.882690 1196.262573 1195.642578 1192.542969 1189.444580 1183.270142 1177.192383 1171.226562 1165.388672 1159.674072 1154.077759 1148.746704 1143.549072 1138.441895 1133.422241 1128.487305 1123.842896 1119.309570 1114.824707
 1204.242798 1204.070557 1203.812256 1203.381714 1202.951294 1202.520752 1202.090332 1201.659790 1201.229370 1200.816040 1200.798950 1200.414917 1200.030884 1199.646851 1199.262817 1198.878906 1198.510254 1198.494995 1197.874512 1197.254272 1196.634033 1193.533569 1190.434204 1184.258057 1178.178345 1172.210693 1166.370850 1160.654175 1155.055664 1149.722412 1144.522339 1139.412720 1134.390625 1129.453003 1124.805908 1120.269653 1115.781738
 1205.181152 1205.008911 1204.750610 1204.320068 1203.889526 1203.458862 1203.028320 1202.597778 1202.167236 1201.753906 1201.736816 1201.352661 1200.968628 1200.584595 1200.200439 1199.816406 1199.447754 1199.432373 1198.811890 1198.191406 1197.570923 1194.469604 1191.369507 1185.191528 1179.110107 1173.140503 1167.298706 1161.580078 1155.979492 1150.644043 1145.441772 1140.329834 1135.305298 1130.365234 1125.715454 1121.176392 1116.685791
 1206.064209 1205.891968 1205.633667 1205.203003 1204.772461 1204.341797 1203.911255 1203.480591 1203.050049 1202.636597 1202.619507 1202.235352 1201.851196 1201.467041 1201.082886 1200.698730 1200.329956 1200.314697 1199.693970 1199.073364 1198.452759 1195.350708 1192.249634 1186.070068 1179.986938 1174.015625 1168.172119 1162.451538 1156.848999 1151.511597 1146.307129 1141.192993 1136.166260 1131.223877 1126.571533 1122.029907 1117.536621
 1206.892212 1206.719971 1206.461548 1206.030884 1205.600220 1205.169556 1204.738892 1204.308228 1203.877563 1203.464111 1203.446899 1203.062744 1202.678589 1202.294312 1201.910156 1201.526001 1201.157104 1201.141846 1200.520996 1199.900146 1199.279541 1196.176514 1193.074829 1186.893677 1180.808960 1174.835938 1168.990723 1163.268433 1157.664185 1152.324707 1147.118286 1142.002075 1136.973267 1132.028687 1127.374023 1122.829956 1118.334106
 1207.664673 1207.492310 1207.233887 1206.803223 1206.372559 1205.941772 1205.511108 1205.080322 1204.649658 1204.236206 1204.218994 1203.834717 1203.450439 1203.066284 1202.682007 1202.297729 1201.928833 1201.913574 1201.292480 1200.671631 1200.050781 1196.947144 1193.844727 1187.662109 1181.575806 1175.601318 1169.754517 1164.030640 1158.424561 1153.083374 1147.875000 1142.756958 1137.725952 1132.779419 1128.122437 1123.576172 1119.078003
 1208.381104 1208.208740 1207.950317 1207.519531 1207.088867 1206.658081 1206.227295 1205.796509 1205.365845 1204.952271 1204.935059 1204.550781 1204.166382 1203.782104 1203.397827 1203.013550 1202.644653 1202.629272 1202.008179 1201.387085 1200.766113 1197.661865 1194.558716 1188.374756 1182.287109 1176.311157 1170.462769 1164.737305 1159.129761 1153.786865 1148.576660 1143.456787 1138.424072 1133.475464 1128.816528 1124.268066 1119.767700
 1209.041138 1208.868774 1208.610352 1208.179565 1207.748779 1207.317993 1206.887207 1206.456299 1206.025513 1205.611938 1205.594727 1205.210449 1204.826050 1204.441650 1204.057373 1203.672974 1203.304077 1203.288696 1202.667480 1202.046265 1201.425171 1198.320312 1195.216553 1189.031250 1182.942383 1176.965088 1171.115356 1165.388550 1159.779419 1154.434937 1149.223145 1144.101562 1139.067139 1134.116821 1129.455933 1124.905518 1120.403076
 1209.644653 1209.472290 1209.213745 1208.782959 1208.352051 1207.921265 1207.490479 1207.059570 1206.628784 1206.215088 1206.197998 1205.813477 1205.429077 1205.044678 1204.660278 1204.275879 1203.906860 1203.891602 1203.270264 1202.648926 1202.027710 1198.922241 1195.817871 1189.631592 1183.541382 1177.562988 1171.711914 1165.983765 1160.373291 1155.027344 1149.814209 1144.691040 1139.654907 1134.703003 1130.040405 1125.488159 1120.983887
 1210.191162 1210.018799 1209.760376 1209.329468 1208.898560 1208.467651 1208.036865 1207.605957 1207.175049 1206.761475 1206.744263 1206.359741 1205.975342 1205.590820 1205.206421 1204.822021 1204.453003 1204.437622 1203.816162 1203.194824 1202.573486 1199.467407 1196.362671 1190.175171 1184.083984 1178.104370 1172.252197 1166.522827 1160.911133 1155.563965 1150.349365 1145.224854 1140.187378 1135.233887 1130.569702 1126.015747 1121.509888
 1210.680664 1210.508301 1210.249756 1209.818848 1209.387939 1208.957031 1208.526123 1208.095215 1207.664307 1207.250610 1207.233398 1206.848999 1206.464478 1206.079956 1205.695557 1205.311035 1204.941895 1204.926636 1204.305054 1203.683594 1203.062134 1199.955688 1196.850464 1190.662109 1184.569824 1178.589233 1172.736084 1167.005615 1161.392822 1156.044434 1150.828613 1145.702881 1140.664062 1135.709351 1131.043701 1126.488281 1121.980835
 1211.112915 1210.940552 1210.682007 1210.251099 1209.820190 1209.389160 1208.958252 1208.527344 1208.096436 1207.682739 1207.665527 1207.281006 1206.896484 1206.511963 1206.127441 1205.742920 1205.373779 1205.358521 1204.736816 1204.115234 1203.493774 1200.386963 1197.281250 1191.092041 1184.999023 1179.017456 1173.163452 1167.432007 1161.818237 1156.468750 1151.251953 1146.125000 1141.085083 1136.129150 1131.462280 1126.905518 1122.396851
 1211.487915 1211.315552 1211.057007 1210.625977 1210.195068 1209.764038 1209.333130 1208.902100 1208.471191 1208.057495 1208.040283 1207.655640 1207.271118 1206.886597 1206.502075 1206.117554 1205.748413 1205.733032 1205.111328 1204.489746 1203.868164 1200.760864 1197.654907 1191.464966 1185.371094 1179.388916 1173.534058 1167.801758 1162.187134 1156.836792 1151.619019 1146.491211 1141.450195 1136.493286 1131.825317 1127.267456 1122.757568
 1211.805298 1211.632935 1211.374390 1210.943359 1210.512329 1210.081421 1209.650391 1209.219360 1208.788452 1208.374634 1208.357422 1207.972900 1207.588379 1207.203735 1206.819214 1206.434692 1206.065430 1206.050171 1205.428345 1204.806641 1204.185059 1201.077515 1197.971191 1191.780640 1185.686157 1179.703247 1173.847778 1168.114746 1162.499512 1157.148315 1151.929688 1146.801147 1141.759277 1136.801514 1132.132568 1127.573730 1123.062866
 1212.065063 1211.892700 1211.634033 1211.203125 1210.772095 1210.341064 1209.910034 1209.479126 1209.048096 1208.634277 1208.617065 1208.232544 1207.847900 1207.463379 1207.078735 1206.694214 1206.324951 1206.309692 1205.687866 1205.066040 1204.444336 1201.336670 1198.229980 1192.038940 1185.944092 1179.960571 1174.104492 1168.370972 1162.755005 1157.403320 1152.184082 1147.054688 1142.012207 1137.053711 1132.384033 1127.824463 1123.312744
 1212.267212 1212.094849 1211.836182 1211.405151 1210.974121 1210.543091 1210.112183 1209.681152 1209.250122 1208.836304 1208.819092 1208.434448 1208.049927 1207.665283 1207.280762 1206.896118 1206.526855 1206.511597 1205.889648 1205.267944 1204.646240 1201.538208 1198.431396 1192.239990 1186.144653 1180.160767 1174.304321 1168.570312 1162.953979 1157.601685 1152.381958 1147.252075 1142.209106 1137.250000 1132.579712 1128.019531 1123.507202
 1212.411621 1212.239258 1211.980591 1211.549561 1211.118530 1210.687500 1210.256470 1209.825439 1209.394409 1208.980713 1208.963501 1208.578857 1208.194214 1207.809570 1207.425049 1207.040405 1206.671143 1206.655884 1206.033936 1205.412109 1204.790405 1201.682251 1198.575317 1192.383667 1186.287964 1180.303833 1174.447021 1168.712769 1163.096069 1157.743408 1152.523315 1147.393066 1142.349731 1137.390259 1132.719482 1128.158936 1123.646118
 1212.498413 1212.325928 1212.067383 1211.636353 1211.205322 1210.774170 1210.343140 1209.912109 1209.481079 1209.067383 1209.050171 1208.665527 1208.280884 1207.896240 1207.511597 1207.127075 1206.757812 1206.742432 1206.120605 1205.498779 1204.876953 1201.768799 1198.661743 1192.469849 1186.374146 1180.389771 1174.532715 1168.798218 1163.181396 1157.828613 1152.608276 1147.477783 1142.434204 1137.474487 1132.803467 1128.242554 1123.729492
 1212.527344 1212.354858 1212.096313 1211.665283 1211.234253 1210.803223 1210.372192 1209.941162 1209.510132 1209.096313 1209.079102 1208.694458 1208.309814 1207.925171 1207.540527 1207.156006 1206.786743 1206.771362 1206.149536 1205.527710 1204.905884 1201.797729 1198.690674 1192.498657 1186.402832 1180.418457 1174.561401 1168.826782 1163.209839 1157.856934 1152.636597 1147.506104 1142.462280 1137.502563 1132.831543 1128.270508 1123.757324
#
# dtdd (rows - delta, columns - depth)
#
 -999.000000 -999.000000 -999.000000 -999.000000 -999.000000 -999.000000 -999.000000 -999.000000 -999.000000 -999.000000 -999.000000 -999.000000 -999.000000 -999.000000 -999.000000 -999.000000 -999.000000 -999.000000 -999.000000 -999.000000 -999.000000 -999.000000 -999.000000 -999.000000 -999.000000 -999.000000 -999.000000 -999.000000 -999.000000 -999.000000 -999.000000 -999.000000 -999.000000 -999.000000 -999.000000 -999.000000    1.924292
 -999.000000 -999.000000 -999.000000 -999.000000 -999.000000 -999.000000 -999.000000 -999.000000 -999.000000 -999.000000 -999.000000 -999.000000 -999.000000 -999.000000 -999.000000 -999.000000 -999.000000 -999.000000 -999.000000 -999.000000 -999.000000 -999.000000 -999.000000 -999.000000 -999.000000    1.924292    1.924291    1.924290    1.924287    1.924283    1.924278    1.924271    1.924262    1.924252    1.924238    1.924223    1.924204
    1.924253    1.924253    1.924253    1.924252    1.924252    1.924252    1.924251    1.924251    1.924251    1.924251    1.924251    1.924250    1.924250    1.924250    1.924249    1.924249    1.924249    1.924249    1.924248    1.924247    1.924247    1.924242    1.924238    1.924229    1.924219    1.924208    1.924195    1.924181    1.924165    1.924147    1.924127    1.924105    1.924080    1.924053    1.924021    1.923986    1.923948
    1.924055    1.924055    1.924055    1.924054    1.924054    1.924053    1.924052    1.924052    1.924051    1.924050    1.924050    1.924049    1.924049    1.924048    1.924047    1.924047    1.924046    1.924046    1.924044    1.924042    1.924040    1.924031    1.924021    1.924001    1.923978    1.923955    1.923929    1.923902    1.923872    1.923839    1.923803    1.923764    1.923723    1.923678    1.923627    1.923572    1.923512
    1.923682    1.923682    1.923681    1.923680    1.923679    1.923678    1.923677    1.923676    1.923675    1.923674    1.923674    1.923672    1.923671    1.923670    1.923669    1.923668    1.923666    1.923666    1.923663    1.923660    1.923657    1.923642    1.923626    1.923594    1.923559    1.923522    1.923483    1.923441    1.923397    1.923348    1.923295    1.923239    1.923179    1.923115    1.923043    1.922966    1.922883
    1.923120    1.923120    1.923119    1.923118    1.923116    1.923115    1.923113    1.923111    1.923110    1.923108    1.923108    1.923107    1.923105    1.923103    1.923102    1.923100    1.923098    1.923098    1.923094    1.923090    1.923085    1.923064    1.923041    1.922996    1.922948    1.922897    1.922843    1.922786    1.922725    1.922659    1.922588    1.922513    1.922433    1.922348    1.922254    1.922153    1.922046
    1.922356    1.922355    1.922354    1.922352    1.922350    1.922348    1.922346    1.922344    1.922342    1.922340    1.922340    1.922338    1.922335    1.922333    1.922331    1.922329    1.922326    1.922326    1.922321    1.922315    1.922309    1.922281    1.922252    1.922192    1.922129    1.922063    1.921993    1.921919    1.921841    1.921756    1.921666    1.921570    1.921469    1.921362    1.921243    1.921116    1.920983
    1.921371    1.921369    1.921368    1.921365    1.921363    1.921360    1.921358    1.921355    1.921353    1.921350    1.921350    1.921348    1.921345    1.921342    1.921339    1.921336    1.921333    1.921333    1.921326    1.921319    1.921312    1.921276    1.921240    1.921165    1.921086    1.921004    1.920917    1.920825    1.920728    1.920623    1.920511    1.920393    1.920269    1.920138    1.919993    1.919838    1.919676
    1.920148    1.920146    1.920145    1.920141    1.920138    1.920135    1.920132    1.920129    1.920126    1.920123    1.920123    1.920120    1.920116    1.920113    1.920109    1.920106    1.920102    1.920102    1.920094    1.920085    1.920076    1.920032    1.919988    1.919896    1.919801    1.919700    1.919595    1.919484    1.919366    1.919239    1.919104    1.918963    1.918813    1.918656    1.918483    1.918298    1.918105
    1.918667    1.918666    1.918663    1.918660    1.918656    1.918652    1.918649    1.918645    1.918641    1.918638    1.918638    1.918633    1.918629    1.918625    1.918621    1.918617    1.918613    1.918613    1.918602    1.918592    1.918581    1.918529    1.918476    1.918366    1.918252    1.918132    1.918007    1.917874    1.917735    1.917584    1.917424    1.917256    1.917080    1.916894    1.916690    1.916473    1.916245
    1.916905    1.916903    1.916901    1.916896    1.916892    1.916888    1.916883    1.916879    1.916875    1.916870    1.916870    1.916865    1.916861    1.916856    1.916851    1.916846    1.916841    1.916841    1.916829    1.916816    1.916804    1.916742    1.916679    1.916550    1.916416    1.916275    1.916127    1.915972    1.915809    1.915632    1.915445    1.915249    1.915042    1.914826    1.914587    1.914335    1.914070
    1.914836    1.914834    1.914831    1.914826    1.914821    1.914816    1.914811    1.914806    1.914800    1.914796    1.914795    1.914790    1.914784    1.914778    1.914773    1.914767    1.914761    1.914761    1.914747    1.914732    1.914718    1.914646    1.914572    1.914423    1.914266    1.914102    1.913931    1.913750    1.913560    1.913355    1.913139    1.912911    1.912673    1.912422    1.912146    1.911855    1.911550
    1.912430    1.912428    1.912425    1.912419    1.912413    1.912407    1.912401    1.912395    1.912389    1.912384    1.912384    1.912377    1.912370    1.912364    1.912357    1.912350    1.912344    1.912344    1.912327    1.912311    1.912294    1.912211    1.912126    1.911953    1.911772    1.911583    1.911385    1.911177    1.910959    1.910723    1.910474    1.910212    1.909938    1.909651    1.909335    1.909001    1.908651
    1.909656    1.909653    1.909649    1.909643    1.909636    1.909629    1.909623    1.909616    1.909609    1.909603    1.909602    1.909595    1.909587    1.909580    1.909572    1.909564    1.909557    1.909557    1.909538    1.909519    1.909500    1.909404    1.909307    1.909108    1.908901    1.908685    1.908458    1.908220    1.907970    1.907700    1.907415    1.907116    1.906803    1.906475    1.906115    1.905734    1.905336
    1.906475    1.906472    1.906468    1.906460    1.906453    1.906445    1.906437    1.906430    1.906422    1.906414    1.906414    1.906405    1.906397    1.906388    1.906379    1.906371    1.906362    1.906362    1.906340    1.906319    1.906297    1.906188    1.906077    1.905850    1.905614    1.905368    1.905109    1.904838    1.904554    1.904247    1.903923    1.903583    1.903228    1.902855    1.902446    1.902013    1.901562
    1.902848    1.902844    1.902839    1.902830    1.902822    1.902813    1.902804    1.902796    1.902787    1.902778    1.902778    1.902768    1.902758    1.902749    1.902739    1.902729    1.902719    1.902719    1.902694    1.902670    1.902645    1.902521    1.902395    1.902138    1.901870    1.901590    1.901297    1.900989    1.900666    1.900318    1.899951    1.899567    1.899164    1.898742    1.898280    1.897791    1.897281
    1.898724    1.898720    1.898714    1.898705    1.898695    1.898685    1.898675    1.898665    1.898655    1.898646    1.898645    1.898634    1.898623    1.898612    1.898601    1.898590    1.898579    1.898578    1.898551    1.898523    1.898495    1.898354    1.898212    1.897921    1.897618    1.897302    1.896970    1.896623    1.896258    1.895865    1.895450    1.895017    1.894562    1.894086    1.893564    1.893013    1.892437
    1.894053    1.894049    1.894042    1.894031    1.894020    1.894009    1.893998    1.893987    1.893975    1.893965    1.893964    1.893952    1.893939    1.893927    1.893914    1.893901    1.893889    1.893889    1.893857    1.893826    1.893794    1.893636    1.893475    1.893146    1.892805    1.892448    1.892074    1.891682    1.891271    1.890828    1.890361    1.889873    1.889361    1.888826    1.888239    1.887619    1.886972
    1.888773    1.888768    1.888760    1.888748    1.888735    1.888723    1.888710    1.888698    1.888685    1.888673    1.888672    1.888658    1.888644    1.888630    1.888616    1.888602    1.888588    1.888587    1.888552    1.888517    1.888481    1.888303    1.888122    1.887752    1.887368    1.886966    1.886546    1.886105    1.885643    1.885145    1.884620    1.884070    1.883495    1.882893    1.882234    1.881538    1.880813
    1.882813    1.882808    1.882799    1.882785    1.882771    1.882757    1.882743    1.882729    1.882715    1.882701    1.882701    1.882685    1.882669    1.882653    1.882637    1.882621    1.882606    1.882605    1.882565    1.882526    1.882486    1.882285    1.882082    1.881667    1.881235    1.880784    1.880312    1.879818    1.879301    1.878743    1.878155    1.877540    1.876898    1.876225    1.875488    1.874710    1.873900
    1.876110    1.876103    1.876094    1.876078    1.876063    1.876047    1.876031    1.876015    1.875999    1.875984    1.875984    1.875966    1.875948    1.875930    1.875912    1.875895    1.875877    1.875877    1.875832    1.875788    1.875743    1.875518    1.875291    1.874827    1.874344    1.873840    1.873312    1.872759    1.872180    1.871556    1.870899    1.870211    1.869491    1.868737    1.867911    1.867039    1.866130
    1.868575    1.868568    1.868557    1.868540    1.868522    1.868505    1.868487    1.868469    1.868451    1.868434    1.868434    1.868414    1.868394    1.868374    1.868354    1.868334    1.868315    1.868314    1.868264    1.868214    1.868164    1.867912    1.867656    1.867135    1.866593    1.866027    1.865433    1.864812    1.864161    1.863458    1.862718    1.861943    1.861132    1.860283    1.859353    1.858370    1.857345
    1.860059    1.860051    1.860039    1.860019    1.859999    1.859979    1.859959    1.859939    1.859919    1.859900    1.859899    1.859877    1.859854    1.859831    1.859809    1.859786    1.859765    1.859764    1.859707    1.859651    1.859595    1.859310    1.859022    1.858434    1.857822    1.857183    1.856516    1.855819    1.855092    1.854309    1.853488    1.852633    1.851741    1.850811    1.849796    1.848730    1.847625
    1.850513    1.850505    1.850492    1.850470    1.850448    1.850426    1.850405    1.850383    1.850361    1.850340    1.850339    1.850314    1.850290    1.850265    1.850241    1.850216    1.850192    1.850191    1.850130    1.850069    1.850007    1.849697    1.849384    1.848746    1.848084    1.847395    1.846675    1.845924    1.845140    1.844297    1.843413    1.842492    1.841532    1.840533    1.839439    1.838286    1.837086
    1.840150    1.840141    1.840127    1.840104    1.840080    1.840057    1.840033    1.840010    1.839986    1.839963    1.839962    1.839936    1.839909    1.839883    1.839856    1.839830    1.839804    1.839803    1.839737    1.839670    1.839604    1.839269    1.838930    1.838239    1.837520    1.836770    1.835985    1.835164    1.834304    1.833377    1.832402    1.831383    1.830317    1.829204    1.827984    1.826697    1.825358
    1.828700    1.828690    1.828674    1.828648    1.828622    1.828596    1.828569    1.828543    1.828517    1.828491    1.828490    1.828461    1.828431    1.828401    1.828372    1.828342    1.828313    1.828312    1.828238    1.828164    1.828090    1.827716    1.827337    1.826564    1.825761    1.824922    1.824045    1.823126    1.822164    1.821127    1.820036    1.818897    1.817708    1.816467    1.815108    1.813678    1.812191
    1.815808    1.815797    1.815779    1.815750    1.815721    1.815691    1.815662    1.815633    1.815603    1.815575    1.815574    1.815541    1.815508    1.815475    1.815442    1.815409    1.815377    1.815375    1.815293    1.815210    1.815127    1.814710    1.814289    1.813428    1.812534    1.811603    1.810628    1.809609    1.808543    1.807395    1.806188    1.804929    1.803613    1.802239    1.800735    1.799153    1.797507
    1.801387    1.801374    1.801355    1.801322    1.801290    1.801257    1.801225    1.801192    1.801160    1.801129    1.801127    1.801091    1.801054    1.801017    1.800981    1.800944    1.800909    1.800907    1.800816    1.800724    1.800632    1.800170    1.799702    1.798748    1.797757    1.796724    1.795644    1.794516    1.793337    1.792069    1.790736    1.789347    1.787897    1.786385    1.784732    1.782995    1.781191
    1.785295    1.785281    1.785259    1.785223    1.785188    1.785152    1.785116    1.785080    1.785045    1.785010    1.785009    1.784968    1.784928    1.784888    1.784847    1.784807    1.784768    1.784766    1.784666    1.784565    1.784464    1.783955    1.783440    1.782391    1.781302    1.780168    1.778983    1.777744    1.776450    1.775057    1.773595    1.772069    1.770478    1.768819    1.767008    1.765105    1.763131
    1.767433    1.767418    1.767394    1.767355    1.767316    1.767276    1.767237    1.767198    1.767158    1.767120    1.767119    1.767075    1.767030    1.766986    1.766942    1.766897    1.766855    1.766853    1.766742    1.766631    1.766521    1.765962    1.765398    1.764247    1.763053    1.761811    1.760513    1.759158    1.757744    1.756223    1.754627    1.752964    1.751232    1.749426    1.747455    1.745385    1.743239
    1.747684    1.747667    1.747641    1.747598    1.747556    1.747513    1.747470    1.747427    1.747384    1.747343    1.747341    1.747293    1.747244    1.747196    1.747148    1.747099    1.747053    1.747051    1.746930    1.746809    1.746688    1.746080    1.745464    1.744210    1.742908    1.741554    1.740140    1.738664    1.737122    1.735466    1.733728    1.731918    1.730031    1.728067    1.725923    1.723673    1.721340
    1.725883    1.725865    1.725837    1.725790    1.725744    1.725697    1.725650    1.725603    1.725557    1.725512    1.725510    1.725457    1.725404    1.725352    1.725299    1.725246    1.725195    1.725193    1.725062    1.724930    1.724798    1.724134    1.723464    1.722096    1.720678    1.719203    1.717663    1.716055    1.714377    1.712573    1.710682    1.708712    1.706659    1.704522    1.702190    1.699746    1.697220
    1.701791    1.701770    1.701740    1.701689    1.701638    1.701587    1.701536    1.701485    1.701434    1.701385    1.701383    1.701326    1.701268    1.701211    1.701153    1.701096    1.701040    1.701038    1.700895    1.700751    1.700608    1.699885    1.699156    1.697671    1.696135    1.694539    1.692877    1.691146    1.689344    1.687412    1.685391    1.683292    1.681112    1.678848    1.676387    1.673813    1.671154
    1.675545    1.675523    1.675491    1.675437    1.675384    1.675330    1.675276    1.675222    1.675169    1.675117    1.675115    1.675054    1.674993    1.674933    1.674872    1.674811    1.674753    1.674750    1.674599    1.674448    1.674296    1.673534    1.672764    1.671198    1.669578    1.667896    1.666144    1.664321    1.662423    1.660389    1.658256    1.656028    1.653700    1.651269    1.648609    1.645807    1.642893
    1.647182    1.647159    1.647124    1.647065    1.647006    1.646948    1.646889    1.646830    1.646771    1.646714    1.646712    1.646646    1.646580    1.646513    1.646447    1.646380    1.646317    1.646314    1.646149    1.645983    1.645817    1.644980    1.644135    1.642407    1.640612    1.638739    1.636779    1.634728    1.632580    1.630265    1.627829    1.625283    1.622621    1.619837    1.616787    1.613571    1.610238
    1.614444    1.614417    1.614376    1.614308    1.614241    1.614173    1.614105    1.614037    1.613969    1.613903    1.613901    1.613824    1.613747    1.613671    1.613594    1.613517    1.613443    1.613440    1.613250    1.613058    1.612867    1.611903    1.610931    1.608951    1.606902    1.604774    1.602558    1.600250    1.597846    1.595271    1.592576    1.589777    1.586871    1.583852    1.580572    1.577141    1.573597
    1.577174    1.577145    1.577101    1.577029    1.576956    1.576884    1.576811    1.576739    1.576666    1.576596    1.576593    1.576512    1.576430    1.576348    1.576266    1.576184    1.576105    1.576102    1.575898    1.575694    1.575490    1.574461    1.573423    1.571311    1.569125    1.566857    1.564495    1.562035    1.559475    1.556733    1.553879    1.550940    1.547915    1.544803    1.541453    1.537984    1.534438
    1.536998    1.536969    1.536926    1.536853    1.536780    1.536707    1.536634    1.536561    1.536488    1.536418    1.536415    1.536333    1.536251    1.536169    1.536087    1.536004    1.535925    1.535922    1.535718    1.535513    1.535309    1.534281    1.533247    1.531152    1.528999    1.526778    1.524480    1.522105    1.519649    1.517038    1.514328    1.511537    1.508663    1.505704    1.502518    1.499217    1.495829
    1.497265    1.497237    1.497195    1.497126    1.497056    1.496987    1.496917    1.496847    1.496777    1.496710    1.496708    1.496629    1.496551    1.496472    1.496394    1.496315    1.496239    1.496236    1.496041    1.495845    1.495649    1.494664    1.493670    1.491652    1.489568    1.487411    1.485169    1.482841    1.480424    1.477843    1.475151    1.472364    1.469480    1.466496    1.463266    1.459901    1.456440
    1.456797    1.456768    1.456725    1.456654    1.456583    1.456512    1.456440    1.456369    1.456297    1.456229    1.456226    1.456146    1.456065    1.455985    1.455904    1.455824    1.455746    1.455743    1.455543    1.455343    1.455142    1.454134    1.453117    1.451053    1.448922    1.446716    1.444425    1.442047    1.439579    1.436943    1.434197    1.431355    1.428416    1.425376    1.422087    1.418664    1.415144
    1.414250    1.414221    1.414178    1.414105    1.414033    1.413960    1.413887    1.413814    1.413742    1.413672    1.413669    1.413587    1.413505    1.413423    1.413341    1.413259    1.413180    1.413177    1.412973    1.412769    1.412565    1.411538    1.410503    1.408401    1.406232    1.403988    1.401659    1.399241    1.396733    1.394057    1.391269    1.388385    1.385404    1.382321    1.378989    1.375521    1.371961
    1.369643    1.369614    1.369570    1.369496    1.369423    1.369349    1.369276    1.369202    1.369128    1.369057    1.369054    1.368972    1.368889    1.368806    1.368723    1.368640    1.368560    1.368557    1.368351    1.368144    1.367937    1.366898    1.365852    1.363727    1.361538    1.359274    1.356926    1.354491    1.351968    1.349278    1.346478    1.343585    1.340598    1.337513    1.334181    1.330718    1.327165
    1.323287    1.323257    1.323213    1.323140    1.323066    1.322993    1.322919    1.322846    1.322772    1.322701    1.322698    1.322616    1.322533    1.322450    1.322367    1.322284    1.322204    1.322201    1.321995    1.321789    1.321582    1.320544    1.319499    1.317378    1.315192    1.312933    1.310590    1.308162    1.305647    1.302966    1.300178    1.297299    1.294327    1.291260    1.287950    1.284512    1.280985
    1.275420    1.275391    1.275348    1.275275    1.275202    1.275129    1.275056    1.274983    1.274910    1.274839    1.274836    1.274754    1.274672    1.274590    1.274508    1.274425    1.274346    1.274343    1.274138    1.273934    1.273729    1.272699    1.271662    1.269559    1.267392    1.265153    1.262832    1.260428    1.257938    1.255285    1.252526    1.249678    1.246739    1.243707    1.240437    1.237042    1.233562
    1.226202    1.226173    1.226130    1.226058    1.225986    1.225914    1.225842    1.225770    1.225698    1.225629    1.225626    1.225545    1.225464    1.225383    1.225302    1.225220    1.225142    1.225139    1.224938    1.224736    1.224534    1.223519    1.222498    1.220426    1.218292    1.216089    1.213806    1.211442    1.208995    1.206389    1.203681    1.200887    1.198005    1.195033    1.191829    1.188504    1.185098
    1.175864    1.175836    1.175794    1.175724    1.175653    1.175583    1.175512    1.175442    1.175371    1.175304    1.175301    1.175222    1.175142    1.175063    1.174984    1.174904    1.174828    1.174824    1.174627    1.174430    1.174232    1.173239    1.172240    1.170212    1.168125    1.165969    1.163735    1.161422    1.159027    1.156477    1.153827    1.151093    1.148273    1.145365    1.142230    1.138977    1.135644
    1.124402    1.124374    1.124333    1.124264    1.124195    1.124126    1.124057    1.123988    1.123919    1.123852    1.123850    1.123772    1.123695    1.123617    1.123539    1.123461    1.123387    1.123384    1.123191    1.122997    1.122804    1.121832    1.120853    1.118869    1.116826    1.114716    1.112531    1.110269    1.107927    1.105435    1.102845    1.100174    1.097421    1.094588    1.091538    1.088380    1.085151
    1.071935    1.071908    1.071869    1.071802    1.071736    1.071670    1.071604    1.071537    1.071471    1.071407    1.071405    1.071330    1.071256    1.071181    1.071106    1.071032    1.070960    1.070957    1.070772    1.070586    1.070400    1.069468    1.068529    1.066628    1.064673    1.062656    1.060570    1.058412    1.056182    1.053811    1.051350    1.048816    1.046206    1.043519    1.040628    1.037633    1.034570
    1.019558    1.019533    1.019495    1.019432    1.019369    1.019306    1.019243    1.019180    1.019116    1.019056    1.019053    1.018982    1.018911    1.018840    1.018769    1.018698    1.018629    1.018627    1.018450    1.018273    1.018096    1.017207    1.016312    1.014496    1.012625    1.010692    1.008690    1.006615    1.004467    1.002179    0.999801    0.997346    0.994813    0.992200    0.989383    0.986458    0.983461
    0.965935    0.965910    0.965873    0.965811    0.965748    0.965686    0.965624    0.965562    0.965499    0.965439    0.965437    0.965367    0.965297    0.965227    0.965157    0.965087    0.965019    0.965016    0.964842    0.964668    0.964493    0.963617    0.962734    0.960943    0.959099    0.957195    0.955222    0.953179    0.951064    0.948815    0.946482    0.944079    0.941605    0.939058    0.936319    0.933482    0.930581
    0.910747    0.910723    0.910688    0.910629    0.910569    0.910510    0.910451    0.910392    0.910333    0.910276    0.910273    0.910207    0.910140    0.910073    0.910007    0.909940    0.909876    0.909873    0.909708    0.909542    0.909376    0.908544    0.907706    0.906008    0.904262    0.902462    0.900600    0.898674    0.896683    0.894568    0.892373    0.890112    0.887784    0.885388    0.882811    0.880142    0.877412
    0.855562    0.855540    0.855506    0.855451    0.855395    0.855340    0.855284    0.855229    0.855173    0.855119    0.855117    0.855055    0.854992    0.854929    0.854867    0.854804    0.854744    0.854741    0.854586    0.854430    0.854275    0.853492    0.852705    0.851110    0.849470    0.847778    0.846027    0.844217    0.842345    0.840356    0.838291    0.836165    0.833975    0.831720    0.829295    0.826782    0.824213
    0.800250    0.800230    0.800198    0.800146    0.800094    0.800042    0.799990    0.799938    0.799885    0.799835    0.799833    0.799774    0.799716    0.799657    0.799598    0.799539    0.799483    0.799480    0.799335    0.799189    0.799042    0.798309    0.797570    0.796073    0.794534    0.792946    0.791302    0.789602    0.787844    0.785975    0.784035    0.782037    0.779978    0.777858    0.775576    0.773213    0.770795
    0.744547    0.744527    0.744498    0.744449    0.744400    0.744351    0.744301    0.744252    0.744203    0.744156    0.744154    0.744099    0.744044    0.743988    0.743933    0.743878    0.743825    0.743822    0.743685    0.743548    0.743410    0.742720    0.742025    0.740617    0.739169    0.737675    0.736129    0.734530    0.732877    0.731120    0.729296    0.727417    0.725482    0.723490    0.721346    0.719126    0.716855
    0.688285    0.688267    0.688240    0.688194    0.688149    0.688103    0.688057    0.688012    0.687966    0.687922    0.687920    0.687869    0.687817    0.687766    0.687715    0.687663    0.687614    0.687612    0.687484    0.687356    0.687228    0.686586    0.685940    0.684631    0.683285    0.681897    0.680461    0.678976    0.677442    0.675811    0.674118    0.672376    0.670581    0.668734    0.666748    0.664691    0.662588
    0.631824    0.631807    0.631782    0.631740    0.631698    0.631656    0.631614    0.631572    0.631529    0.631489    0.631487    0.631440    0.631393    0.631345    0.631298    0.631251    0.631205    0.631203    0.631086    0.630968    0.630850    0.630259    0.629664    0.628459    0.627219    0.625941    0.624618    0.623250    0.621837    0.620334    0.618775    0.617169    0.615516    0.613815    0.611984    0.610089    0.608150
    0.575077    0.575061    0.575038    0.575000    0.574961    0.574923    0.574884    0.574846    0.574807    0.574770    0.574769    0.574725    0.574682    0.574639    0.574595    0.574552    0.574510    0.574509    0.574401    0.574293    0.574185    0.573644    0.573099    0.571996    0.570861    0.569690    0.568479    0.567227    0.565933    0.564558    0.563131    0.561661    0.560149    0.558592    0.556917    0.555184    0.553412
    0.518050    0.518036    0.518015    0.517980    0.517945    0.517911    0.517876    0.517841    0.517806    0.517773    0.517771    0.517732    0.517693    0.517654    0.517615    0.517576    0.517538    0.517536    0.517439    0.517342    0.517244    0.516755    0.516263    0.515267    0.514242    0.513185    0.512091    0.510961    0.509793    0.508552    0.507264    0.505938    0.504573    0.503168    0.501658    0.500094    0.498495
    0.460902    0.460890    0.460871    0.460840    0.460809    0.460778    0.460747    0.460716    0.460685    0.460655    0.460654    0.460619    0.460584    0.460550    0.460515    0.460480    0.460446    0.460445    0.460358    0.460271    0.460185    0.459749    0.459310    0.458422    0.457508    0.456566    0.455592    0.454584    0.453543    0.452437    0.451290    0.450108    0.448892    0.447640    0.446294    0.444901    0.443476
    0.403644    0.403633    0.403617    0.403590    0.403563    0.403536    0.403508    0.403481    0.403454    0.403428    0.403427    0.403396    0.403366    0.403335    0.403304    0.403274    0.403244    0.403243    0.403167    0.403091    0.403015    0.402632    0.402248    0.401468    0.400667    0.399840    0.398985    0.398101    0.397188    0.396218    0.395211    0.394174    0.393107    0.392008    0.390828    0.389605    0.388355
    0.346211    0.346202    0.346188    0.346164    0.346141    0.346117    0.346094    0.346070    0.346047    0.346024    0.346024    0.345997    0.345971    0.345944    0.345918    0.345892    0.345866    0.345865    0.345800    0.345734    0.345669    0.345339    0.345008    0.344337    0.343646    0.342935    0.342198    0.341437    0.340651    0.339815    0.338948    0.338056    0.337137    0.336191    0.335175    0.334122    0.333046
    0.288583    0.288575    0.288563    0.288543    0.288524    0.288504    0.288485    0.288465    0.288446    0.288427    0.288426    0.288404    0.288382    0.288360    0.288338    0.288316    0.288295    0.288294    0.288239    0.288185    0.288130    0.287855    0.287578    0.287018    0.286442    0.285848    0.285234    0.284599    0.283943    0.283246    0.282523    0.281778    0.281012    0.280224    0.279376    0.278498    0.277601
    0.230958    0.230952    0.230943    0.230927    0.230911    0.230896    0.230880    0.230864    0.230849    0.230834    0.230833    0.230815    0.230798    0.230780    0.230763    0.230745    0.230728    0.230727    0.230684    0.230640    0.230596    0.230376    0.230155    0.229706    0.229246    0.228770    0.228279    0.227771    0.227246    0.226688    0.226109    0.225513    0.224900    0.224269    0.223590    0.222888    0.222170
    0.173282    0.173277    0.173270    0.173258    0.173247    0.173235    0.173223    0.173211    0.173200    0.173188    0.173188    0.173175    0.173161    0.173148    0.173135    0.173122    0.173109    0.173108    0.173075    0.173043    0.173010    0.172844    0.172678    0.172341    0.171995    0.171638    0.171269    0.170887    0.170492    0.170073    0.169638    0.169191    0.168730    0.168256    0.167746    0.167219    0.166679
    0.115563    0.115560    0.115555    0.115548    0.115540    0.115532    0.115524    0.115516    0.115508    0.115501    0.115500    0.115492    0.115483    0.115474    0.115465    0.115456    0.115448    0.115448    0.115426    0.115404    0.115382    0.115272    0.115161    0.114936    0.114705    0.114467    0.114221    0.113967    0.113704    0.113425    0.113135    0.112836    0.112529    0.112213    0.111874    0.111522    0.111163
    0.057875    0.057873    0.057871    0.057867    0.057863    0.057859    0.057855    0.057851    0.057847    0.057844    0.057843    0.057839    0.057835    0.057830    0.057826    0.057821    0.057817    0.057817    0.057806    0.057795    0.057784    0.057729    0.057673    0.057561    0.057445    0.057325    0.057202    0.057074    0.056943    0.056803    0.056657    0.056508    0.056354    0.056195    0.056025    0.055849    0.055669
    0.000003    0.000003    0.000003    0.000003    0.000003    0.000003    0.000003    0.000003    0.000003    0.000003    0.000003    0.000003    0.000003    0.000003    0.000003    0.000003    0.000003    0.000003    0.000003    0.000003    0.000003    0.000003    0.000003    0.000003    0.000003    0.000003    0.000003    0.000003    0.000003    0.000003    0.000003    0.000003    0.000003    0.000003    0.000003    0.000003    0.000003
#
# dtdh (rows - delta, columns - depth)
#
 -999.000000 -999.000000 -999.000000 -999.000000 -999.000000 -999.000000 -999.000000 -999.000000 -999.000000 -999.000000 -999.000000 -999.000000 -999.000000 -999.000000 -999.000000 -999.000000 -999.000000 -999.000000 -999.000000 -999.000000 -999.000000 -999.000000 -999.000000 -999.000000 -999.000000 -999.000000 -999.000000 -999.000000 -999.000000 -999.000000 -999.000000 -999.000000 -999.000000 -999.000000 -999.000000 -999.000000   -0.087723
 -999.000000 -999.000000 -999.000000 -999.000000 -999.000000 -999.000000 -999.000000 -999.000000 -999.000000 -999.000000 -999.000000 -999.000000 -999.000000 -999.000000 -999.000000 -999.000000 -999.000000 -999.000000 -999.000000 -999.000000 -999.000000 -999.000000 -999.000000 -999.000000 -999.000000   -0.117027   -0.114468   -0.112009   -0.109653   -0.103670   -0.101778   -0.099948   -0.098176   -0.096465   -0.089692   -0.088523   -0.087723
   -0.171543   -0.171543   -0.171542   -0.171542   -0.171541   -0.171540   -0.171540   -0.171539   -0.171538   -0.171538   -0.152864   -0.152863   -0.152862   -0.152861   -0.152860   -0.152860   -0.152859   -0.123155   -0.123144   -0.123133   -0.123122   -0.123066   -0.123010   -0.121670   -0.119564   -0.117027   -0.114469   -0.112009   -0.109653   -0.103670   -0.101778   -0.099948   -0.098176   -0.096466   -0.089693   -0.088523   -0.087724
   -0.171543   -0.171543   -0.171543   -0.171542   -0.171541   -0.171541   -0.171540   -0.171539   -0.171538   -0.171538   -0.152864   -0.152863   -0.152862   -0.152861   -0.152861   -0.152860   -0.152859   -0.123155   -0.123144   -0.123133   -0.123122   -0.123066   -0.123010   -0.121671   -0.119564   -0.117027   -0.114469   -0.112010   -0.109654   -0.103671   -0.101779   -0.099949   -0.098177   -0.096466   -0.089694   -0.088524   -0.087725
   -0.171544   -0.171543   -0.171543   -0.171542   -0.171542   -0.171541   -0.171540   -0.171540   -0.171539   -0.171538   -0.152864   -0.152863   -0.152863   -0.152862   -0.152861   -0.152860   -0.152860   -0.123156   -0.123145   -0.123133   -0.123122   -0.123067   -0.123011   -0.121671   -0.119565   -0.117028   -0.114470   -0.112010   -0.109655   -0.103671   -0.101780   -0.099950   -0.098178   -0.096468   -0.089695   -0.088526   -0.087726
   -0.171544   -0.171544   -0.171543   -0.171543   -0.171542   -0.171541   -0.171541   -0.171540   -0.171539   -0.171539   -0.152865   -0.152864   -0.152863   -0.152862   -0.152862   -0.152861   -0.152860   -0.123156   -0.123145   -0.123134   -0.123123   -0.123067   -0.123011   -0.121672   -0.119566   -0.117029   -0.114471   -0.112011   -0.109656   -0.103673   -0.101781   -0.099951   -0.098179   -0.096469   -0.089697   -0.088527   -0.087728
   -0.171545   -0.171545   -0.171544   -0.171543   -0.171543   -0.171542   -0.171541   -0.171541   -0.171540   -0.171539   -0.152866   -0.152865   -0.152864   -0.152863   -0.152862   -0.152862   -0.152861   -0.123157   -0.123146   -0.123135   -0.123124   -0.123068   -0.123013   -0.121673   -0.119567   -0.117030   -0.114472   -0.112013   -0.109657   -0.103674   -0.101783   -0.099953   -0.098181   -0.096471   -0.089699   -0.088530   -0.087731
   -0.171546   -0.171545   -0.171545   -0.171544   -0.171544   -0.171543   -0.171542   -0.171542   -0.171541   -0.171540   -0.152867   -0.152866   -0.152865   -0.152864   -0.152863   -0.152863   -0.152862   -0.123159   -0.123148   -0.123136   -0.123125   -0.123070   -0.123014   -0.121674   -0.119568   -0.117032   -0.114473   -0.112014   -0.109659   -0.103676   -0.101785   -0.099955   -0.098183   -0.096474   -0.089702   -0.088533   -0.087734
   -0.171547   -0.171547   -0.171546   -0.171545   -0.171545   -0.171544   -0.171543   -0.171543   -0.171542   -0.171541   -0.152868   -0.152867   -0.152866   -0.152866   -0.152865   -0.152864   -0.152863   -0.123160   -0.123149   -0.123138   -0.123127   -0.123071   -0.123015   -0.121676   -0.119570   -0.117034   -0.114475   -0.112016   -0.109661   -0.103679   -0.101787   -0.099958   -0.098186   -0.096477   -0.089705   -0.088536   -0.087737
   -0.171548   -0.171548   -0.171548   -0.171547   -0.171546   -0.171545   -0.171545   -0.171544   -0.171543   -0.171543   -0.152869   -0.152869   -0.152868   -0.152867   -0.152866   -0.152865   -0.152865   -0.123162   -0.123151   -0.123140   -0.123129   -0.123073   -0.123017   -0.121678   -0.119572   -0.117036   -0.114478   -0.112019   -0.109664   -0.103681   -0.101790   -0.099961   -0.098190   -0.096480   -0.089709   -0.088540   -0.087742
   -0.171550   -0.171550   -0.171549   -0.171548   -0.171548   -0.171547   -0.171546   -0.171546   -0.171545   -0.171544   -0.152871   -0.152870   -0.152870   -0.152869   -0.152868   -0.152867   -0.152867   -0.123164   -0.123153   -0.123142   -0.123131   -0.123075   -0.123020   -0.121681   -0.119575   -0.117038   -0.114481   -0.112022   -0.109667   -0.103685   -0.101794   -0.099964   -0.098193   -0.096484   -0.089713   -0.088545   -0.087747
   -0.171552   -0.171551   -0.171551   -0.171550   -0.171550   -0.171549   -0.171548   -0.171548   -0.171547   -0.171546   -0.152873   -0.152873   -0.152872   -0.152871   -0.152870   -0.152869   -0.152869   -0.123167   -0.123156   -0.123145   -0.123134   -0.123078   -0.123023   -0.121683   -0.119578   -0.117042   -0.114484   -0.112025   -0.109671   -0.103689   -0.101798   -0.099969   -0.098198   -0.096489   -0.089719   -0.088551   -0.087753
   -0.171554   -0.171554   -0.171553   -0.171552   -0.171552   -0.171551   -0.171550   -0.171550   -0.171549   -0.171548   -0.152876   -0.152875   -0.152874   -0.152873   -0.152873   -0.152872   -0.152871   -0.123170   -0.123159   -0.123148   -0.123137   -0.123081   -0.123026   -0.121687   -0.119581   -0.117045   -0.114488   -0.112029   -0.109675   -0.103693   -0.101803   -0.099974   -0.098203   -0.096494   -0.089725   -0.088557   -0.087759
   -0.171556   -0.171556   -0.171556   -0.171555   -0.171554   -0.171554   -0.171553   -0.171552   -0.171552   -0.171551   -0.152879   -0.152878   -0.152877   -0.152876   -0.152876   -0.152875   -0.152874   -0.123174   -0.123163   -0.123151   -0.123140   -0.123085   -0.123029   -0.121691   -0.119585   -0.117049   -0.114492   -0.112034   -0.109680   -0.103698   -0.101808   -0.099980   -0.098209   -0.096501   -0.089732   -0.088564   -0.087767
   -0.171559   -0.171559   -0.171559   -0.171558   -0.171557   -0.171557   -0.171556   -0.171555   -0.171554   -0.171554   -0.152882   -0.152881   -0.152880   -0.152880   -0.152879   -0.152878   -0.152877   -0.123178   -0.123167   -0.123156   -0.123144   -0.123089   -0.123034   -0.121695   -0.119590   -0.117054   -0.114497   -0.112039   -0.109685   -0.103704   -0.101814   -0.099986   -0.098216   -0.096508   -0.089740   -0.088573   -0.087775
   -0.171562   -0.171562   -0.171562   -0.171561   -0.171560   -0.171560   -0.171559   -0.171558   -0.171558   -0.171557   -0.152885   -0.152885   -0.152884   -0.152883   -0.152882   -0.152882   -0.152881   -0.123182   -0.123171   -0.123160   -0.123149   -0.123094   -0.123038   -0.121700   -0.119595   -0.117059   -0.114503   -0.112045   -0.109691   -0.103711   -0.101821   -0.099993   -0.098224   -0.096516   -0.089749   -0.088582   -0.087785
   -0.171566   -0.171566   -0.171565   -0.171565   -0.171564   -0.171563   -0.171563   -0.171562   -0.171561   -0.171561   -0.152890   -0.152889   -0.152888   -0.152887   -0.152887   -0.152886   -0.152885   -0.123187   -0.123176   -0.123165   -0.123154   -0.123099   -0.123044   -0.121705   -0.119601   -0.117066   -0.114509   -0.112052   -0.109698   -0.103719   -0.101829   -0.100002   -0.098233   -0.096525   -0.089759   -0.088593   -0.087796
   -0.171570   -0.171570   -0.171570   -0.171569   -0.171568   -0.171568   -0.171567   -0.171566   -0.171566   -0.171565   -0.152894   -0.152894   -0.152893   -0.152892   -0.152891   -0.152891   -0.152890   -0.123193   -0.123182   -0.123171   -0.123160   -0.123105   -0.123050   -0.121712   -0.119607   -0.117072   -0.114516   -0.112059   -0.109706   -0.103727   -0.101838   -0.100011   -0.098242   -0.096536   -0.089770   -0.088605   -0.087809
   -0.171575   -0.171575   -0.171574   -0.171574   -0.171573   -0.171572   -0.171572   -0.171571   -0.171570   -0.171570   -0.152900   -0.152899   -0.152898   -0.152898   -0.152897   -0.152896   -0.152895   -0.123200   -0.123189   -0.123178   -0.123167   -0.123112   -0.123057   -0.121719   -0.119615   -0.117080   -0.114524   -0.112068   -0.109715   -0.103737   -0.101849   -0.100022   -0.098254   -0.096547   -0.089783   -0.088618   -0.087823
   -0.171580   -0.171580   -0.171580   -0.171579   -0.171578   -0.171578   -0.171577   -0.171576   -0.171576   -0.171575   -0.152906   -0.152905   -0.152904   -0.152904   -0.152903   -0.152902   -0.152901   -0.123208   -0.123197   -0.123186   -0.123175   -0.123119   -0.123064   -0.121727   -0.119623   -0.117089   -0.114533   -0.112077   -0.109725   -0.103748   -0.101860   -0.100034   -0.098266   -0.096560   -0.089798   -0.088633   -0.087838
   -0.171586   -0.171586   -0.171586   -0.171585   -0.171584   -0.171584   -0.171583   -0.171582   -0.171582   -0.171581   -0.152912   -0.152912   -0.152911   -0.152910   -0.152910   -0.152909   -0.152908   -0.123216   -0.123205   -0.123194   -0.123183   -0.123128   -0.123073   -0.121736   -0.119632   -0.117099   -0.114544   -0.112088   -0.109736   -0.103760   -0.101873   -0.100047   -0.098280   -0.096575   -0.089814   -0.088650   -0.087856
   -0.171593   -0.171593   -0.171592   -0.171592   -0.171591   -0.171590   -0.171590   -0.171589   -0.171588   -0.171588   -0.152920   -0.152919   -0.152919   -0.152918   -0.152917   -0.152916   -0.152916   -0.123225   -0.123214   -0.123203   -0.123192   -0.123138   -0.123083   -0.121746   -0.119643   -0.117110   -0.114555   -0.112100   -0.109749   -0.103774   -0.101887   -0.100062   -0.098296   -0.096591   -0.089832   -0.088669   -0.087876
   -0.171600   -0.171600   -0.171600   -0.171599   -0.171598   -0.171598   -0.171597   -0.171597   -0.171596   -0.171595   -0.152928   -0.152928   -0.152927   -0.152926   -0.152926   -0.152925   -0.152924   -0.123236   -0.123225   -0.123214   -0.123203   -0.123148   -0.123094   -0.121757   -0.119654   -0.117122   -0.114568   -0.112114   -0.109763   -0.103789   -0.101903   -0.100079   -0.098313   -0.096609   -0.089852   -0.088690   -0.087897
   -0.171609   -0.171608   -0.171608   -0.171607   -0.171607   -0.171606   -0.171606   -0.171605   -0.171604   -0.171604   -0.152938   -0.152937   -0.152936   -0.152936   -0.152935   -0.152934   -0.152934   -0.123248   -0.123237   -0.123226   -0.123215   -0.123160   -0.123106   -0.121770   -0.119667   -0.117135   -0.114582   -0.112128   -0.109778   -0.103806   -0.101920   -0.100097   -0.098332   -0.096629   -0.089874   -0.088712   -0.087921
   -0.171618   -0.171617   -0.171617   -0.171617   -0.171616   -0.171615   -0.171615   -0.171614   -0.171613   -0.171613   -0.152948   -0.152947   -0.152947   -0.152946   -0.152945   -0.152945   -0.152944   -0.123260   -0.123250   -0.123239   -0.123228   -0.123173   -0.123119   -0.121783   -0.119682   -0.117150   -0.114597   -0.112144   -0.109795   -0.103824   -0.101939   -0.100117   -0.098353   -0.096651   -0.089898   -0.088737   -0.087946
   -0.171628   -0.171627   -0.171627   -0.171626   -0.171626   -0.171625   -0.171625   -0.171624   -0.171623   -0.171623   -0.152959   -0.152959   -0.152958   -0.152957   -0.152957   -0.152956   -0.152955   -0.123274   -0.123264   -0.123253   -0.123242   -0.123188   -0.123133   -0.121798   -0.119697   -0.117166   -0.114614   -0.112162   -0.109814   -0.103844   -0.101960   -0.100139   -0.098376   -0.096675   -0.089924   -0.088765   -0.087975
   -0.171639   -0.171638   -0.171638   -0.171638   -0.171637   -0.171636   -0.171636   -0.171635   -0.171635   -0.171634   -0.152972   -0.152971   -0.152970   -0.152970   -0.152969   -0.152968   -0.152968   -0.123290   -0.123279   -0.123268   -0.123258   -0.123203   -0.123149   -0.121815   -0.119714   -0.117184   -0.114633   -0.112182   -0.109835   -0.103867   -0.101984   -0.100163   -0.098401   -0.096701   -0.089954   -0.088796   -0.088007
   -0.171651   -0.171651   -0.171650   -0.171650   -0.171649   -0.171649   -0.171648   -0.171648   -0.171647   -0.171646   -0.152986   -0.152985   -0.152984   -0.152984   -0.152983   -0.152982   -0.152982   -0.123307   -0.123297   -0.123286   -0.123275   -0.123221   -0.123167   -0.121833   -0.119734   -0.117204   -0.114654   -0.112204   -0.109857   -0.103891   -0.102010   -0.100190   -0.098429   -0.096731   -0.089986   -0.088829   -0.088042
   -0.171665   -0.171664   -0.171664   -0.171663   -0.171663   -0.171662   -0.171662   -0.171661   -0.171661   -0.171660   -0.153001   -0.153000   -0.153000   -0.152999   -0.152999   -0.152998   -0.152997   -0.123327   -0.123316   -0.123305   -0.123294   -0.123241   -0.123187   -0.121853   -0.119755   -0.117227   -0.114678   -0.112228   -0.109883   -0.103919   -0.102038   -0.100220   -0.098460   -0.096763   -0.090022   -0.088867   -0.088081
   -0.171680   -0.171679   -0.171679   -0.171678   -0.171678   -0.171677   -0.171677   -0.171676   -0.171676   -0.171675   -0.153018   -0.153017   -0.153017   -0.153016   -0.153015   -0.153015   -0.153014   -0.123348   -0.123337   -0.123326   -0.123316   -0.123262   -0.123209   -0.121876   -0.119778   -0.117251   -0.114703   -0.112255   -0.109910   -0.103949   -0.102069   -0.100253   -0.098494   -0.096799   -0.090061   -0.088907   -0.088122
   -0.171696   -0.171696   -0.171695   -0.171695   -0.171694   -0.171694   -0.171693   -0.171693   -0.171692   -0.171692   -0.153036   -0.153036   -0.153035   -0.153035   -0.153034   -0.153033   -0.153033   -0.123371   -0.123360   -0.123349   -0.123339   -0.123286   -0.123232   -0.121900   -0.119803   -0.117277   -0.114731   -0.112283   -0.109941   -0.103981   -0.102103   -0.100288   -0.098531   -0.096837   -0.090103   -0.088951   -0.088168
   -0.171714   -0.171714   -0.171713   -0.171713   -0.171712   -0.171712   -0.171711   -0.171711   -0.171710   -0.171710   -0.153057   -0.153056   -0.153055   -0.153055   -0.153054   -0.153054   -0.153053   -0.123396   -0.123385   -0.123375   -0.123364   -0.123311   -0.123258   -0.121927   -0.119831   -0.117306   -0.114761   -0.112315   -0.109973   -0.104017   -0.102140   -0.100327   -0.098572   -0.096879   -0.090149   -0.088999   -0.088217
   -0.171733   -0.171733   -0.171733   -0.171732   -0.171732   -0.171731   -0.171731   -0.171730   -0.171730   -0.171729   -0.153079   -0.153078   -0.153077   -0.153077   -0.153076   -0.153076   -0.153075   -0.123423   -0.123413   -0.123402   -0.123392   -0.123339   -0.123286   -0.121956   -0.119861   -0.117338   -0.114794   -0.112349   -0.110009   -0.104055   -0.102181   -0.100368   -0.098615   -0.096924   -0.090199   -0.089050   -0.088270
   -0.171754   -0.171754   -0.171754   -0.171753   -0.171753   -0.171752   -0.171752   -0.171751   -0.171751   -0.171750   -0.153102   -0.153102   -0.153101   -0.153101   -0.153100   -0.153099   -0.153099   -0.123453   -0.123442   -0.123432   -0.123421   -0.123369   -0.123316   -0.121987   -0.119893   -0.117371   -0.114828   -0.112385   -0.110047   -0.104096   -0.102223   -0.100412   -0.098660   -0.096971   -0.090251   -0.089104   -0.088326
   -0.171776   -0.171776   -0.171776   -0.171775   -0.171775   -0.171774   -0.171774   -0.171773   -0.171773   -0.171773   -0.153127   -0.153127   -0.153126   -0.153126   -0.153125   -0.153125   -0.153124   -0.123484   -0.123474   -0.123463   -0.123453   -0.123401   -0.123349   -0.122020   -0.119928   -0.117407   -0.114866   -0.112425   -0.110088   -0.104141   -0.102269   -0.100461   -0.098711   -0.097025   -0.090310   -0.089165   -0.088390
   -0.171801   -0.171801   -0.171801   -0.171801   -0.171800   -0.171800   -0.171799   -0.171799   -0.171798   -0.171798   -0.153156   -0.153155   -0.153155   -0.153154   -0.153154   -0.153153   -0.153153   -0.123519   -0.123509   -0.123499   -0.123488   -0.123437   -0.123385   -0.122058   -0.119967   -0.117448   -0.114909   -0.112470   -0.110135   -0.104191   -0.102322   -0.100516   -0.098769   -0.097084   -0.090375   -0.089233   -0.088460
   -0.171829   -0.171829   -0.171829   -0.171829   -0.171828   -0.171828   -0.171827   -0.171827   -0.171827   -0.171826   -0.153187   -0.153187   -0.153186   -0.153186   -0.153185   -0.153185   -0.153185   -0.123559   -0.123549   -0.123538   -0.123528   -0.123477   -0.123426   -0.122100   -0.120010   -0.117493   -0.114956   -0.112518   -0.110186   -0.104246   -0.102379   -0.100575   -0.098829   -0.097147   -0.090444   -0.089304   -0.088532
   -0.171859   -0.171859   -0.171858   -0.171858   -0.171858   -0.171857   -0.171857   -0.171856   -0.171856   -0.171856   -0.153220   -0.153220   -0.153220   -0.153219   -0.153219   -0.153218   -0.153218   -0.123600   -0.123590   -0.123580   -0.123570   -0.123519   -0.123468   -0.122143   -0.120055   -0.117539   -0.115004   -0.112568   -0.110237   -0.104301   -0.102435   -0.100633   -0.098889   -0.097209   -0.090511   -0.089373   -0.088602
   -0.171887   -0.171887   -0.171887   -0.171886   -0.171886   -0.171886   -0.171885   -0.171885   -0.171885   -0.171884   -0.153252   -0.153252   -0.153252   -0.153251   -0.153251   -0.153250   -0.153250   -0.123640   -0.123630   -0.123620   -0.123610   -0.123559   -0.123508   -0.122184   -0.120098   -0.117584   -0.115049   -0.112615   -0.110286   -0.104353   -0.102490   -0.100689   -0.098947   -0.097269   -0.090576   -0.089440   -0.088671
   -0.171915   -0.171915   -0.171915   -0.171915   -0.171914   -0.171914   -0.171914   -0.171913   -0.171913   -0.171913   -0.153284   -0.153284   -0.153283   -0.153283   -0.153283   -0.153282   -0.153282   -0.123679   -0.123669   -0.123659   -0.123649   -0.123599   -0.123549   -0.122226   -0.120141   -0.117628   -0.115096   -0.112663   -0.110336   -0.104407   -0.102545   -0.100746   -0.099007   -0.097330   -0.090643   -0.089509   -0.088742
   -0.171944   -0.171944   -0.171944   -0.171943   -0.171943   -0.171943   -0.171942   -0.171942   -0.171942   -0.171941   -0.153317   -0.153316   -0.153316   -0.153316   -0.153315   -0.153315   -0.153314   -0.123720   -0.123710   -0.123700   -0.123690   -0.123640   -0.123590   -0.122268   -0.120184   -0.117673   -0.115143   -0.112712   -0.110386   -0.104461   -0.102601   -0.100804   -0.099067   -0.097392   -0.090711   -0.089579   -0.088814
   -0.171973   -0.171973   -0.171973   -0.171973   -0.171972   -0.171972   -0.171972   -0.171971   -0.171971   -0.171971   -0.153350   -0.153349   -0.153349   -0.153349   -0.153348   -0.153348   -0.153348   -0.123761   -0.123751   -0.123741   -0.123731   -0.123681   -0.123632   -0.122311   -0.120229   -0.117719   -0.115190   -0.112762   -0.110438   -0.104516   -0.102658   -0.100863   -0.099128   -0.097455   -0.090780   -0.089649   -0.088886
   -0.172003   -0.172002   -0.172002   -0.172002   -0.172002   -0.172001   -0.172001   -0.172001   -0.172001   -0.172000   -0.153383   -0.153382   -0.153382   -0.153382   -0.153381   -0.153381   -0.153381   -0.123802   -0.123792   -0.123782   -0.123772   -0.123723   -0.123674   -0.122354   -0.120273   -0.117765   -0.115238   -0.112811   -0.110489   -0.104571   -0.102715   -0.100922   -0.099188   -0.097518   -0.090848   -0.089719   -0.088958
   -0.172032   -0.172032   -0.172032   -0.172031   -0.172031   -0.172031   -0.172031   -0.172030   -0.172030   -0.172030   -0.153416   -0.153415   -0.153415   -0.153415   -0.153415   -0.153414   -0.153414   -0.123843   -0.123833   -0.123824   -0.123814   -0.123765   -0.123716   -0.122397   -0.120317   -0.117811   -0.115286   -0.112860   -0.110540   -0.104626   -0.102771   -0.100980   -0.099248   -0.097580   -0.090915   -0.089789   -0.089028
   -0.172061   -0.172061   -0.172061   -0.172060   -0.172060   -0.172060   -0.172060   -0.172059   -0.172059   -0.172059   -0.153448   -0.153448   -0.153448   -0.153448   -0.153447   -0.153447   -0.153447   -0.123884   -0.123874   -0.123864   -0.123854   -0.123806   -0.123757   -0.122439   -0.120361   -0.117857   -0.115333   -0.112909   -0.110590   -0.104680   -0.102827   -0.101037   -0.099307   -0.097641   -0.090982   -0.089857   -0.089098
   -0.172089   -0.172089   -0.172089   -0.172089   -0.172089   -0.172088   -0.172088   -0.172088   -0.172088   -0.172087   -0.153480   -0.153480   -0.153480   -0.153480   -0.153479   -0.153479   -0.153479   -0.123924   -0.123914   -0.123904   -0.123894   -0.123846   -0.123798   -0.122481   -0.120404   -0.117901   -0.115378   -0.112956   -0.110640   -0.104733   -0.102881   -0.101094   -0.099365   -0.097700   -0.091047   -0.089923   -0.089166
   -0.172117   -0.172117   -0.172117   -0.172117   -0.172116   -0.172116   -0.172116   -0.172116   -0.172116   -0.172115   -0.153512   -0.153511   -0.153511   -0.153511   -0.153511   -0.153511   -0.153510   -0.123963   -0.123953   -0.123943   -0.123934   -0.123885   -0.123837   -0.122522   -0.120446   -0.117944   -0.115423   -0.113003   -0.110688   -0.104784   -0.102935   -0.101149   -0.099422   -0.097759   -0.091110   -0.089988   -0.089233
   -0.172144   -0.172144   -0.172144   -0.172144   -0.172144   -0.172143   -0.172143   -0.172143   -0.172143   -0.172143   -0.153542   -0.153542   -0.153542   -0.153542   -0.153541   -0.153541   -0.153541   -0.124000   -0.123991   -0.123981   -0.123972   -0.123924   -0.123876   -0.122561   -0.120487   -0.117986   -0.115467   -0.113048   -0.110734   -0.104834   -0.102986   -0.101201   -0.099476   -0.097815   -0.091171   -0.090051   -0.089296
   -0.172170   -0.172170   -0.172170   -0.172169   -0.172169   -0.172169   -0.172169   -0.172169   -0.172169   -0.172169   -0.153571   -0.153571   -0.153571   -0.153571   -0.153571   -0.153570   -0.153570   -0.124037   -0.124027   -0.124017   -0.124008   -0.123960   -0.123913   -0.122599   -0.120525   -0.118026   -0.115508   -0.113091   -0.110779   -0.104881   -0.103035   -0.101252   -0.099528   -0.097868   -0.091229   -0.090110   -0.089357
   -0.172195   -0.172195   -0.172195   -0.172195   -0.172194   -0.172194   -0.172194   -0.172194   -0.172194   -0.172194   -0.153599   -0.153599   -0.153599   -0.153599   -0.153599   -0.153599   -0.153598   -0.124072   -0.124062   -0.124053   -0.124043   -0.123996   -0.123948   -0.122635   -0.120563   -0.118066   -0.115549   -0.113133   -0.110822   -0.104928   -0.103083   -0.101301   -0.099579   -0.097921   -0.091286   -0.090169   -0.089417
   -0.172219   -0.172219   -0.172219   -0.172219   -0.172219   -0.172219   -0.172218   -0.172218   -0.172218   -0.172218   -0.153627   -0.153627   -0.153627   -0.153626   -0.153626   -0.153626   -0.153626   -0.124106   -0.124096   -0.124087   -0.124077   -0.124030   -0.123983   -0.122671   -0.120600   -0.118103   -0.115588   -0.113173   -0.110864   -0.104972   -0.103129   -0.101349   -0.099628   -0.097971   -0.091341   -0.090225   -0.089474
   -0.172242   -0.172242   -0.172242   -0.172242   -0.172242   -0.172242   -0.172241   -0.172241   -0.172241   -0.172241   -0.153653   -0.153652   -0.153652   -0.153652   -0.153652   -0.153652   -0.153652   -0.124138   -0.124128   -0.124119   -0.124109   -0.124062   -0.124015   -0.122704   -0.120634   -0.118139   -0.115625   -0.113211   -0.110903   -0.105014   -0.103172   -0.101393   -0.099674   -0.098018   -0.091392   -0.090277   -0.089527
   -0.172264   -0.172263   -0.172263   -0.172263   -0.172263   -0.172263   -0.172263   -0.172263   -0.172263   -0.172263   -0.153677   -0.153677   -0.153677   -0.153677   -0.153676   -0.153676   -0.153676   -0.124168   -0.124158   -0.124149   -0.124140   -0.124093   -0.124046   -0.122735   -0.120666   -0.118172   -0.115659   -0.113247   -0.110940   -0.105054   -0.103213   -0.101435   -0.099717   -0.098063   -0.091440   -0.090326   -0.089578
   -0.172284   -0.172284   -0.172284   -0.172284   -0.172283   -0.172283   -0.172283   -0.172283   -0.172283   -0.172283   -0.153700   -0.153700   -0.153699   -0.153699   -0.153699   -0.153699   -0.153699   -0.124196   -0.124187   -0.124177   -0.124168   -0.124121   -0.124075   -0.122765   -0.120696   -0.118204   -0.115692   -0.113280   -0.110974   -0.105091   -0.103251   -0.101474   -0.099758   -0.098104   -0.091485   -0.090373   -0.089625
   -0.172303   -0.172303   -0.172303   -0.172302   -0.172302   -0.172302   -0.172302   -0.172302   -0.172302   -0.172302   -0.153721   -0.153721   -0.153721   -0.153721   -0.153721   -0.153721   -0.153720   -0.124223   -0.124213   -0.124204   -0.124195   -0.124148   -0.124102   -0.122792   -0.120725   -0.118233   -0.115722   -0.113312   -0.111007   -0.105126   -0.103287   -0.101511   -0.099795   -0.098143   -0.091527   -0.090416   -0.089669
   -0.172320   -0.172320   -0.172320   -0.172320   -0.172320   -0.172320   -0.172320   -0.172320   -0.172320   -0.172320   -0.153741   -0.153741   -0.153741   -0.153740   -0.153740   -0.153740   -0.153740   -0.124247   -0.124238   -0.124229   -0.124219   -0.124173   -0.124127   -0.122818   -0.120751   -0.118260   -0.115750   -0.113341   -0.111037   -0.105158   -0.103320   -0.101545   -0.099830   -0.098179   -0.091567   -0.090456   -0.089710
   -0.172336   -0.172336   -0.172336   -0.172336   -0.172336   -0.172336   -0.172336   -0.172336   -0.172336   -0.172336   -0.153759   -0.153759   -0.153759   -0.153759   -0.153759   -0.153758   -0.153758   -0.124270   -0.124260   -0.124251   -0.124242   -0.124196   -0.124150   -0.122841   -0.120775   -0.118285   -0.115776   -0.113367   -0.111064   -0.105187   -0.103350   -0.101576   -0.099862   -0.098212   -0.091602   -0.090493   -0.089747
   -0.172351   -0.172351   -0.172351   -0.172351   -0.172351   -0.172351   -0.172351   -0.172351   -0.172351   -0.172350   -0.153775   -0.153775   -0.153775   -0.153775   -0.153775   -0.153775   -0.153775   -0.124290   -0.124281   -0.124272   -0.124262   -0.124216   -0.124170   -0.122863   -0.120797   -0.118308   -0.115799   -0.113392   -0.111089   -0.105214   -0.103377   -0.101605   -0.099892   -0.098242   -0.091635   -0.090526   -0.089782
   -0.172364   -0.172364   -0.172364   -0.172364   -0.172364   -0.172364   -0.172364   -0.172364   -0.172364   -0.172364   -0.153790   -0.153790   -0.153790   -0.153790   -0.153790   -0.153790   -0.153790   -0.124308   -0.124299   -0.124290   -0.124281   -0.124235   -0.124189   -0.122882   -0.120817   -0.118328   -0.115820   -0.113413   -0.111112   -0.105238   -0.103402   -0.101630   -0.099918   -0.098269   -0.091664   -0.090556   -0.089812
   -0.172376   -0.172376   -0.172376   -0.172376   -0.172375   -0.172375   -0.172375   -0.172375   -0.172375   -0.172375   -0.153803   -0.153803   -0.153803   -0.153803   -0.153803   -0.153803   -0.153803   -0.124325   -0.124315   -0.124306   -0.124297   -0.124251   -0.124206   -0.122899   -0.120834   -0.118346   -0.115839   -0.113433   -0.111132   -0.105259   -0.103424   -0.101653   -0.099941   -0.098293   -0.091690   -0.090583   -0.089839
   -0.172386   -0.172386   -0.172386   -0.172386   -0.172386   -0.172386   -0.172386   -0.172386   -0.172386   -0.172386   -0.153814   -0.153814   -0.153814   -0.153814   -0.153814   -0.153814   -0.153814   -0.124339   -0.124330   -0.124320   -0.124311   -0.124266   -0.124220   -0.122913   -0.120849   -0.118361   -0.115855   -0.113449   -0.111149   -0.105277   -0.103443   -0.101672   -0.099961   -0.098314   -0.091713   -0.090606   -0.089863
   -0.172394   -0.172394   -0.172394   -0.172394   -0.172394   -0.172394   -0.172394   -0.172394   -0.172394   -0.172394   -0.153824   -0.153824   -0.153824   -0.153824   -0.153824   -0.153824   -0.153824   -0.124351   -0.124342   -0.124333   -0.124323   -0.124278   -0.124232   -0.122926   -0.120862   -0.118375   -0.115869   -0.113464   -0.111164   -0.105293   -0.103459   -0.101689   -0.099978   -0.098331   -0.091732   -0.090625   -0.089882
   -0.172401   -0.172401   -0.172401   -0.172401   -0.172401   -0.172401   -0.172401   -0.172401   -0.172401   -0.172401   -0.153832   -0.153832   -0.153832   -0.153832   -0.153832   -0.153832   -0.153832   -0.124361   -0.124351   -0.124342   -0.124333   -0.124288   -0.124242   -0.122936   -0.120873   -0.118386   -0.115880   -0.113475   -0.111176   -0.105306   -0.103472   -0.101702   -0.099992   -0.098346   -0.091747   -0.090641   -0.089899
   -0.172407   -0.172407   -0.172407   -0.172407   -0.172407   -0.172407   -0.172407   -0.172407   -0.172407   -0.172407   -0.153838   -0.153838   -0.153838   -0.153838   -0.153838   -0.153838   -0.153838   -0.124368   -0.124359   -0.124350   -0.124341   -0.124295   -0.124250   -0.122944   -0.120881   -0.118394   -0.115889   -0.113484   -0.111185   -0.105316   -0.103483   -0.101713   -0.100003   -0.098357   -0.091759   -0.090654   -0.089911
   -0.172411   -0.172411   -0.172411   -0.172411   -0.172411   -0.172411   -0.172411   -0.172411   -0.172411   -0.172411   -0.153843   -0.153843   -0.153843   -0.153843   -0.153843   -0.153843   -0.153843   -0.124374   -0.124365   -0.124356   -0.124346   -0.124301   -0.124255   -0.122950   -0.120887   -0.118400   -0.115895   -0.113491   -0.111192   -0.105323   -0.103490   -0.101720   -0.100011   -0.098365   -0.091768   -0.090662   -0.089921
   -0.172413   -0.172413   -0.172413   -0.172413   -0.172413   -0.172413   -0.172413   -0.172413   -0.172413   -0.172413   -0.153845   -0.153845   -0.153845   -0.153845   -0.153845   -0.153845   -0.153845   -0.124377   -0.124368   -0.124359   -0.124350   -0.124304   -0.124259   -0.122953   -0.120890   -0.118404   -0.115899   -0.113495   -0.111196   -0.105327   -0.103494   -0.101725   -0.100016   -0.098370   -0.091773   -0.090668   -0.089926
   -0.172414   -0.172414   -0.172414   -0.172414   -0.172414   -0.172414   -0.172414   -0.172414   -0.172414   -0.172414   -0.153846   -0.153846   -0.153846   -0.153846   -0.153846   -0.153846   -0.153846   -0.124378   -0.124369   -0.124360   -0.124351   -0.124305   -0.124260   -0.122954   -0.120891   -0.118405   -0.115900   -0.113496   -0.111197   -0.105329   -0.103496   -0.101727   -0.100017   -0.098371   -0.091775   -0.090670   -0.089928
#
# ak135 travel-time table for PKPdf
#
