#
# ak135 travel-time table for pPn
#
# number of distance and depth samples
38 28
# delta samples
1.000 1.500 2.000 2.500 3.000 3.500 4.000 4.500 5.000 5.500 6.000 6.500 7.000 7.500 8.000 8.500 9.000 10.000 11.000 12.000 13.000 14.000 15.000 16.000 17.000 
18.000 19.000 20.000 21.000 22.000 23.000 24.000 25.000 26.000 27.000 28.000 29.000 31.000 
# depth samples
    1.000000    2.500000    5.000000    7.500000   10.000000   12.500000   15.000000   17.500000   19.900000   20.000000   22.500000   25.000000   27.500000   30.000000   32.500000   34.900000   35.000000   40.000000   45.000000   50.000000   75.000000  100.000000  150.000000  200.000000  250.000000  300.000000  350.000000  400.000000
#
# travel times (rows - delta, columns - depth)
#
   21.393017   21.573128   21.873213   22.173172   22.473005   22.772713   23.072294   23.371750   23.659109   23.671059   23.898363   24.125484 -999.000000 -999.000000 -999.000000 -999.000000 -999.000000 -999.000000 -999.000000 -999.000000 -999.000000 -999.000000 -999.000000 -999.000000 -999.000000 -999.000000 -999.000000 -999.000000
   28.270050   28.450167   28.750257   29.050224   29.350063   29.649776   29.949364   30.248825   30.536188   30.548138   30.775450   31.002577   31.229536   31.456327   31.682951   31.900351   31.909369 -999.000000 -999.000000 -999.000000 -999.000000 -999.000000 -999.000000 -999.000000 -999.000000 -999.000000 -999.000000 -999.000000
   35.146851   35.326977   35.627083   35.927063   36.226913   36.526642   36.826241   37.125713   37.413090   37.425041   37.652367   37.879509   38.106483   38.333286   38.559925   38.777336   38.786354 -999.000000 -999.000000 -999.000000 -999.000000 -999.000000 -999.000000 -999.000000 -999.000000 -999.000000 -999.000000 -999.000000
   42.023262   42.203400   42.503529   42.803528   43.103401   43.403149   43.702770   44.002262   44.289654   44.301605   44.528957   44.756126   44.983124   45.209953   45.436611   45.654045   45.663063 -999.000000 -999.000000 -999.000000 -999.000000 -999.000000 -999.000000 -999.000000 -999.000000 -999.000000 -999.000000 -999.000000
   48.899128   49.079281   49.379436   49.679466   49.979370   50.279144   50.578793   50.878311   51.165730   51.177681   51.405067   51.632271   51.859303   52.086163   52.312855   52.530319   52.539341 -999.000000 -999.000000 -999.000000 -999.000000 -999.000000 -999.000000 -999.000000 -999.000000 -999.000000 -999.000000 -999.000000
   55.774288   55.954464   56.254658   56.554722   56.854660   57.154469   57.454151   57.753704   58.041157   58.053112   58.280540   58.507786   58.734859   58.961765   59.188499   59.406002   59.415028 -999.000000 -999.000000 -999.000000 -999.000000 -999.000000 -999.000000 -999.000000 -999.000000 -999.000000 -999.000000 -999.000000
   62.648590   62.828793   63.129028   63.429134   63.729115   64.028969   64.328690   64.628288   64.915779   64.927734   65.155220   65.382515   65.609642   65.836601   66.063385   66.280945   66.289970 -999.000000 -999.000000 -999.000000 -999.000000 -999.000000 -999.000000 -999.000000 -999.000000 -999.000000 -999.000000 -999.000000
   69.521873   69.702110   70.002396   70.302551   70.602585   70.902481   71.202255   71.501900   71.789436   71.801399   72.028946   72.256310   72.483498   72.710518   72.937363   73.154976   73.164001 -999.000000 -999.000000 -999.000000 -999.000000 -999.000000 -999.000000 -999.000000 -999.000000 -999.000000 -999.000000 -999.000000
   76.393990   76.574257   76.874596   77.174812   77.474899   77.774857   78.074692   78.374390   78.661980   78.673943   78.901566   79.128998   79.356262   79.583351   79.810272   80.027954   80.036980 -999.000000 -999.000000 -999.000000 -999.000000 -999.000000 -999.000000 -999.000000 -999.000000 -999.000000 -999.000000 -999.000000
   83.264771   83.445076   83.745483   84.045769   84.345917   84.645943   84.945831   85.245598   85.533249   85.545212   85.772919   86.000435   86.227776   86.454948   86.681953   86.899712   86.908745 -999.000000 -999.000000 -999.000000 -999.000000 -999.000000 -999.000000 -999.000000 -999.000000 -999.000000 -999.000000 -999.000000
   90.134071   90.314423   90.614899   90.915253   91.215477   91.515572   91.815536   92.115372   92.403091   92.415054   92.642853   92.870461   93.097893   93.325157   93.552246   93.770096   93.779129 -999.000000 -999.000000 -999.000000 -999.000000 -999.000000 -999.000000 -999.000000 -999.000000 -999.000000 -999.000000 -999.000000
   97.001732   97.182129   97.482689   97.783119   98.083420   98.383591   98.683632   98.983543   99.271339   99.283310   99.511208   99.738914   99.966454  100.193817  100.421013  100.638947  100.647987 -999.000000 -999.000000 -999.000000 -999.000000 -999.000000 -999.000000 -999.000000 -999.000000 -999.000000 -999.000000 -999.000000
  103.867592  104.048042  104.348686  104.649200  104.949593  105.249847  105.549973  105.849976  106.137848  106.149818  106.377831  106.605652  106.833298  107.060776  107.288078  107.506119  107.515167 -999.000000 -999.000000 -999.000000 -999.000000 -999.000000 -999.000000 -999.000000 -999.000000 -999.000000 -999.000000 -999.000000
  110.731499  110.912003  111.212746  111.513351  111.813835  112.114182  112.414406  112.714493  113.002457  113.014435  113.242569  113.470505  113.698273  113.925865  114.153290  114.371445  114.380501  114.409966 -999.000000 -999.000000 -999.000000 -999.000000 -999.000000 -999.000000 -999.000000 -999.000000 -999.000000 -999.000000
  117.593292  117.773857  118.074699  118.375412  118.675987  118.976440  119.276764  119.576950  119.865013  119.876991  120.105255  120.333321  120.561218  120.788948  121.016495  121.234772  121.243828  121.277328 -999.000000 -999.000000 -999.000000 -999.000000 -999.000000 -999.000000 -999.000000 -999.000000 -999.000000 -999.000000
  124.452820  124.633453  124.934402  125.235214  125.535904  125.836464  126.136894  126.437187  126.725349  126.737335  126.965736  127.193947  127.421982  127.649849  127.877533  128.095947  128.105011  128.142181 -999.000000 -999.000000 -999.000000 -999.000000 -999.000000 -999.000000 -999.000000 -999.000000 -999.000000 -999.000000
  131.309921  131.490631  131.791687  132.092621  132.393417  132.694092  132.994629  133.295044  133.583313  133.595306  133.823853  134.052216  134.280411  134.508408  134.736252  134.954803  134.963867  135.004578 -999.000000 -999.000000 -999.000000 -999.000000 -999.000000 -999.000000 -999.000000 -999.000000 -999.000000 -999.000000
  145.016235  145.197083  145.498398  145.799576  146.100632  146.401550  146.702347  147.003006  147.291519  147.303513  147.532394  147.761078  147.989594  148.217926  148.446091  148.664948  148.674026  148.721527  148.754883 -999.000000 -999.000000 -999.000000 -999.000000 -999.000000 -999.000000 -999.000000 -999.000000 -999.000000
  158.710983  158.891998  159.193588  159.495056  159.796387  160.097595  160.398666  160.699600  160.988373  161.000381  161.229630  161.458679  161.687546  161.916245  162.144760  162.363983  162.373077  162.427109  162.469971 -999.000000 -999.000000 -999.000000 -999.000000 -999.000000 -999.000000 -999.000000 -999.000000 -999.000000
  172.392944  172.574142  172.876053  173.177826  173.479462  173.780960  174.082336  174.383591  174.672653  174.684677  174.914322  175.143768  175.373047  175.602142  175.831055  176.050644  176.059753  176.120178  176.171112  176.208328 -999.000000 -999.000000 -999.000000 -999.000000 -999.000000 -999.000000 -999.000000 -999.000000
  186.060760  186.242157  186.544403  186.846512  187.148483  187.450333  187.752045  188.053635  188.343033  188.355057  188.585144  188.815033  189.044754  189.274277  189.503647  189.723663  189.732788  189.799530  189.857941  189.905716 -999.000000 -999.000000 -999.000000 -999.000000 -999.000000 -999.000000 -999.000000 -999.000000
  199.713150  199.894775  200.197388  200.499847  200.802200  201.104401  201.406479  201.708420  201.998169  202.010223  202.240768  202.471146  202.701324  202.931335  203.161163  203.381638  203.390793  203.463791  203.529388  203.586029 -999.000000 -999.000000 -999.000000 -999.000000 -999.000000 -999.000000 -999.000000 -999.000000
  213.349304  213.531158  213.834137  214.136993  214.439713  214.742294  215.044754  215.347076  215.637177  215.649246  215.880295  216.111160  216.341843  216.572357  216.802673  217.023636  217.032791  217.111862  217.184265  217.248947 -999.000000 -999.000000 -999.000000 -999.000000 -999.000000 -999.000000 -999.000000 -999.000000
  226.498215  226.688934  227.006622  227.324066  227.641251  227.958191  228.274887  228.591339  228.894897  228.907516  229.156433  229.404968  229.653137  229.900940  230.148392  230.385590  230.395432  230.589630  230.776260  230.893845 -999.000000 -999.000000 -999.000000 -999.000000 -999.000000 -999.000000 -999.000000 -999.000000
  239.256683  239.451736  239.776642  240.101334  240.425812  240.750061  241.074097  241.397919  241.708572  241.721497  241.979767  242.237686  242.495285  242.752548  243.009460  243.255768  243.265991  243.503998  243.736023  243.961349  244.970139 -999.000000 -999.000000 -999.000000 -999.000000 -999.000000 -999.000000 -999.000000
  251.706802  251.904816  252.234711  252.564423  252.893967  253.223328  253.552521  253.881531  254.197205  254.210342  254.475204  254.739807  255.004150  255.268234  255.532074  255.785110  255.795609  256.063538  256.328033  256.588989  257.831055  258.915955 -999.000000 -999.000000 -999.000000 -999.000000 -999.000000 -999.000000
  263.917480  264.118103  264.452332  264.786377  265.120270  265.454010  265.787567  266.120972  266.440887  266.454163  266.724487  266.994568  267.264374  267.533997  267.803345  268.061707  268.072449  268.361847  268.648499  268.932404  270.306885  271.594330 -999.000000 -999.000000 -999.000000 -999.000000 -999.000000 -999.000000
  275.894928  276.098053  276.436493  276.774811  277.112915  277.450897  277.788727  278.126373  278.450378  278.463867  278.739441  279.014771  279.289886  279.564789  279.839447  280.102936  280.113861  280.422760  280.729248  281.033386  282.516052  283.928802  286.430969 -999.000000 -999.000000 -999.000000 -999.000000 -999.000000
  287.635864  287.841522  288.184143  288.526642  288.868958  289.211151  289.553162  289.895050  290.223114  290.236755  290.517487  290.798004  291.078308  291.358429  291.638306  291.906799  291.917938  292.245117  292.570160  292.893066  294.474274  295.995392  298.778870 -999.000000 -999.000000 -999.000000 -999.000000 -999.000000
 -999.000000 -999.000000 -999.000000 -999.000000 -999.000000 -999.000000 -999.000000 -999.000000 -999.000000 -999.000000 -999.000000 -999.000000 -999.000000 -999.000000 -999.000000 -999.000000 -999.000000 -999.000000 -999.000000 -999.000000  306.180786  307.802094  310.821167  313.285675 -999.000000 -999.000000 -999.000000 -999.000000
 -999.000000 -999.000000 -999.000000 -999.000000 -999.000000 -999.000000 -999.000000 -999.000000 -999.000000 -999.000000 -999.000000 -999.000000 -999.000000 -999.000000 -999.000000 -999.000000 -999.000000 -999.000000 -999.000000 -999.000000 -999.000000  326.678009  322.579376  325.343536 -999.000000 -999.000000 -999.000000 -999.000000
 -999.000000 -999.000000 -999.000000 -999.000000 -999.000000 -999.000000 -999.000000 -999.000000 -999.000000 -999.000000 -999.000000 -999.000000 -999.000000 -999.000000 -999.000000 -999.000000 -999.000000 -999.000000 -999.000000 -999.000000 -999.000000  340.272400 -999.000000  337.074677  339.482910 -999.000000 -999.000000 -999.000000
 -999.000000 -999.000000 -999.000000 -999.000000 -999.000000 -999.000000 -999.000000 -999.000000 -999.000000 -999.000000 -999.000000 -999.000000 -999.000000 -999.000000 -999.000000 -999.000000 -999.000000 -999.000000 -999.000000 -999.000000 -999.000000 -999.000000 -999.000000 -999.000000  351.236298 -999.000000 -999.000000 -999.000000
 -999.000000 -999.000000 -999.000000 -999.000000 -999.000000 -999.000000 -999.000000 -999.000000 -999.000000 -999.000000 -999.000000 -999.000000 -999.000000 -999.000000 -999.000000 -999.000000 -999.000000 -999.000000 -999.000000 -999.000000 -999.000000 -999.000000 -999.000000 -999.000000 -999.000000  364.973328 -999.000000 -999.000000
 -999.000000 -999.000000 -999.000000 -999.000000 -999.000000 -999.000000 -999.000000 -999.000000 -999.000000 -999.000000 -999.000000 -999.000000 -999.000000 -999.000000 -999.000000 -999.000000 -999.000000 -999.000000 -999.000000 -999.000000 -999.000000 -999.000000 -999.000000 -999.000000 -999.000000  377.371582 -999.000000 -999.000000
 -999.000000 -999.000000 -999.000000 -999.000000 -999.000000 -999.000000 -999.000000 -999.000000 -999.000000 -999.000000 -999.000000 -999.000000 -999.000000 -999.000000 -999.000000 -999.000000 -999.000000 -999.000000 -999.000000 -999.000000 -999.000000 -999.000000 -999.000000 -999.000000 -999.000000 -999.000000  389.846252 -999.000000
 -999.000000 -999.000000 -999.000000 -999.000000 -999.000000 -999.000000 -999.000000 -999.000000 -999.000000 -999.000000 -999.000000 -999.000000 -999.000000 -999.000000 -999.000000 -999.000000 -999.000000 -999.000000 -999.000000 -999.000000 -999.000000 -999.000000 -999.000000 -999.000000 -999.000000 -999.000000  401.728119 -999.000000
 -999.000000 -999.000000 -999.000000 -999.000000 -999.000000 -999.000000 -999.000000 -999.000000 -999.000000 -999.000000 -999.000000 -999.000000 -999.000000 -999.000000 -999.000000 -999.000000 -999.000000 -999.000000 -999.000000 -999.000000 -999.000000 -999.000000 -999.000000 -999.000000 -999.000000 -999.000000 -999.000000  425.458862
#
# dtdd (rows - delta, columns - depth)
#
   13.754198   13.754202   13.754209   13.754214   13.754219   13.754224   13.754228   13.754230   13.754233   13.754233   13.754235   13.754236 -999.000000 -999.000000 -999.000000 -999.000000 -999.000000 -999.000000 -999.000000 -999.000000 -999.000000 -999.000000 -999.000000 -999.000000 -999.000000 -999.000000 -999.000000 -999.000000
   13.753887   13.753901   13.753921   13.753942   13.753961   13.753980   13.753998   13.754016   13.754032   13.754033   13.754054   13.754074   13.754093   13.754111   13.754128   13.754143   13.754143 -999.000000 -999.000000 -999.000000 -999.000000 -999.000000 -999.000000 -999.000000 -999.000000 -999.000000 -999.000000 -999.000000
   13.753264   13.753285   13.753321   13.753356   13.753390   13.753424   13.753456   13.753489   13.753519   13.753520   13.753561   13.753600   13.753638   13.753675   13.753712   13.753745   13.753748 -999.000000 -999.000000 -999.000000 -999.000000 -999.000000 -999.000000 -999.000000 -999.000000 -999.000000 -999.000000 -999.000000
   13.752328   13.752357   13.752408   13.752457   13.752506   13.752554   13.752602   13.752648   13.752693   13.752694   13.752754   13.752813   13.752871   13.752928   13.752983   13.753036   13.753038 -999.000000 -999.000000 -999.000000 -999.000000 -999.000000 -999.000000 -999.000000 -999.000000 -999.000000 -999.000000 -999.000000
   13.751078   13.751117   13.751182   13.751245   13.751308   13.751371   13.751433   13.751494   13.751554   13.751555   13.751635   13.751713   13.751790   13.751865   13.751941   13.752011   13.752014 -999.000000 -999.000000 -999.000000 -999.000000 -999.000000 -999.000000 -999.000000 -999.000000 -999.000000 -999.000000 -999.000000
   13.749516   13.749563   13.749641   13.749721   13.749798   13.749875   13.749951   13.750028   13.750100   13.750103   13.750202   13.750299   13.750396   13.750491   13.750585   13.750674   13.750678 -999.000000 -999.000000 -999.000000 -999.000000 -999.000000 -999.000000 -999.000000 -999.000000 -999.000000 -999.000000 -999.000000
   13.747639   13.747695   13.747788   13.747882   13.747974   13.748066   13.748158   13.748248   13.748334   13.748338   13.748455   13.748572   13.748688   13.748802   13.748916   13.749024   13.749028 -999.000000 -999.000000 -999.000000 -999.000000 -999.000000 -999.000000 -999.000000 -999.000000 -999.000000 -999.000000 -999.000000
   13.745450   13.745515   13.745623   13.745730   13.745837   13.745943   13.746049   13.746155   13.746255   13.746259   13.746396   13.746531   13.746667   13.746800   13.746934   13.747060   13.747066 -999.000000 -999.000000 -999.000000 -999.000000 -999.000000 -999.000000 -999.000000 -999.000000 -999.000000 -999.000000 -999.000000
   13.742949   13.743022   13.743144   13.743266   13.743387   13.743508   13.743629   13.743749   13.743863   13.743868   13.744023   13.744179   13.744332   13.744486   13.744638   13.744783   13.744789 -999.000000 -999.000000 -999.000000 -999.000000 -999.000000 -999.000000 -999.000000 -999.000000 -999.000000 -999.000000 -999.000000
   13.740135   13.740217   13.740354   13.740490   13.740625   13.740761   13.740895   13.741030   13.741158   13.741163   13.741339   13.741513   13.741686   13.741858   13.742030   13.742193   13.742201 -999.000000 -999.000000 -999.000000 -999.000000 -999.000000 -999.000000 -999.000000 -999.000000 -999.000000 -999.000000 -999.000000
   13.737009   13.737101   13.737251   13.737402   13.737553   13.737701   13.737851   13.738000   13.738142   13.738148   13.738342   13.738535   13.738728   13.738919   13.739110   13.739292   13.739300 -999.000000 -999.000000 -999.000000 -999.000000 -999.000000 -999.000000 -999.000000 -999.000000 -999.000000 -999.000000 -999.000000
   13.733571   13.733671   13.733836   13.734001   13.734166   13.734330   13.734494   13.734657   13.734813   13.734819   13.735033   13.735245   13.735456   13.735667   13.735877   13.736077   13.736086 -999.000000 -999.000000 -999.000000 -999.000000 -999.000000 -999.000000 -999.000000 -999.000000 -999.000000 -999.000000 -999.000000
   13.729819   13.729927   13.730107   13.730287   13.730466   13.730644   13.730823   13.731001   13.731171   13.731177   13.731410   13.731642   13.731873   13.732102   13.732331   13.732550   13.732559 -999.000000 -999.000000 -999.000000 -999.000000 -999.000000 -999.000000 -999.000000 -999.000000 -999.000000 -999.000000 -999.000000
   13.725754   13.725870   13.726065   13.726258   13.726452   13.726645   13.726838   13.727030   13.727214   13.727221   13.727473   13.727723   13.727973   13.728222   13.728471   13.728708   13.728718   13.737280 -999.000000 -999.000000 -999.000000 -999.000000 -999.000000 -999.000000 -999.000000 -999.000000 -999.000000 -999.000000
   13.721374   13.721499   13.721708   13.721916   13.722124   13.722332   13.722539   13.722745   13.722943   13.722952   13.723222   13.723492   13.723761   13.724029   13.724296   13.724551   13.724563   13.732211 -999.000000 -999.000000 -999.000000 -999.000000 -999.000000 -999.000000 -999.000000 -999.000000 -999.000000 -999.000000
   13.716681   13.716815   13.717038   13.717260   13.717483   13.717705   13.717926   13.718147   13.718359   13.718368   13.718657   13.718946   13.719234   13.719521   13.719807   13.720081   13.720093   13.727239 -999.000000 -999.000000 -999.000000 -999.000000 -999.000000 -999.000000 -999.000000 -999.000000 -999.000000 -999.000000
   13.711676   13.711818   13.712055   13.712293   13.712529   13.712765   13.713000   13.713236   13.713462   13.713471   13.713779   13.714087   13.714394   13.714700   13.715005   13.715297   13.715309   13.722264 -999.000000 -999.000000 -999.000000 -999.000000 -999.000000 -999.000000 -999.000000 -999.000000 -999.000000 -999.000000
   13.700732   13.700891   13.701158   13.701422   13.701687   13.701951   13.702215   13.702478   13.702731   13.702742   13.703087   13.703431   13.703775   13.704119   13.704462   13.704790   13.704803   13.711446   13.722768 -999.000000 -999.000000 -999.000000 -999.000000 -999.000000 -999.000000 -999.000000 -999.000000 -999.000000
   13.688571   13.688746   13.689039   13.689331   13.689623   13.689915   13.690207   13.690497   13.690777   13.690789   13.691170   13.691550   13.691931   13.692310   13.692690   13.693053   13.693069   13.699519   13.708016 -999.000000 -999.000000 -999.000000 -999.000000 -999.000000 -999.000000 -999.000000 -999.000000 -999.000000
   13.675119   13.675314   13.675637   13.675961   13.676284   13.676606   13.676929   13.677250   13.677559   13.677572   13.677993   13.678413   13.678833   13.679253   13.679671   13.680072   13.680089   13.686429   13.694118   13.706711 -999.000000 -999.000000 -999.000000 -999.000000 -999.000000 -999.000000 -999.000000 -999.000000
   13.660268   13.660480   13.660832   13.661185   13.661538   13.661891   13.662244   13.662598   13.662936   13.662951   13.663413   13.663875   13.664337   13.664798   13.665259   13.665701   13.665719   13.672042   13.679357   13.688707 -999.000000 -999.000000 -999.000000 -999.000000 -999.000000 -999.000000 -999.000000 -999.000000
   13.644405   13.644628   13.644999   13.645369   13.645740   13.646111   13.646482   13.646852   13.647209   13.647223   13.647710   13.648195   13.648681   13.649167   13.649653   13.650120   13.650139   13.656310   13.663324   13.671744 -999.000000 -999.000000 -999.000000 -999.000000 -999.000000 -999.000000 -999.000000 -999.000000
   13.627764   13.627995   13.628383   13.628770   13.629157   13.629544   13.629931   13.630319   13.630691   13.630707   13.631213   13.631721   13.632228   13.632735   13.633243   13.633730   13.633750   13.639701   13.646328   13.653995 -999.000000 -999.000000 -999.000000 -999.000000 -999.000000 -999.000000 -999.000000 -999.000000
   12.941905   12.946089   12.953037   12.959954   12.966840   12.973694   12.980516   12.987308   12.993797   12.994067   13.002604   13.011094   13.019538   13.027937   13.036289   13.044265   13.044595   13.086387   13.129865   13.635736 -999.000000 -999.000000 -999.000000 -999.000000 -999.000000 -999.000000 -999.000000 -999.000000
   12.584288   12.587801   12.593710   12.599685   12.605728   12.611843   12.618032   12.624297   12.630387   12.630642   12.638705   12.646909   12.655261   12.663771   12.672448   12.680946   12.681302   12.721539   12.767714   12.816781   13.094378 -999.000000 -999.000000 -999.000000 -999.000000 -999.000000 -999.000000 -999.000000
   12.327021   12.329655   12.334054   12.338463   12.342881   12.347309   12.351754   12.356225   12.360543   12.360723   12.366343   12.372008   12.377719   12.383476   12.389282   12.394902   12.395137   12.418814   12.443722   12.470039   12.634055   12.942467 -999.000000 -999.000000 -999.000000 -999.000000 -999.000000 -999.000000
   12.094202   12.096763   12.101037   12.105322   12.109615   12.113918   12.118231   12.122552   12.126710   12.126884   12.132233   12.137598   12.142979   12.148376   12.153789   12.158999   12.159216   12.179538   12.200294   12.221519   12.336131   12.478182 -999.000000 -999.000000 -999.000000 -999.000000 -999.000000 -999.000000
   11.860249   11.862760   11.866951   11.871148   11.875352   11.879563   11.883781   11.888006   11.892068   11.892237   11.897427   11.902628   11.907840   11.913063   11.918298   11.923333   11.923543   11.942247   11.961248   11.980581   12.083033   12.198174   12.525814 -999.000000 -999.000000 -999.000000 -999.000000 -999.000000
   11.620464   11.622967   11.627145   11.631329   11.635520   11.639719   11.643925   11.648137   11.652187   11.652356   11.657500   11.662655   11.667822   11.672999   11.678188   11.683181   11.683388   11.701252   11.719347   11.737685   11.833322   11.936523   12.188706 -999.000000 -999.000000 -999.000000 -999.000000 -999.000000
 -999.000000 -999.000000 -999.000000 -999.000000 -999.000000 -999.000000 -999.000000 -999.000000 -999.000000 -999.000000 -999.000000 -999.000000 -999.000000 -999.000000 -999.000000 -999.000000 -999.000000 -999.000000 -999.000000 -999.000000   11.578653   11.675858   11.899512   12.236440 -999.000000 -999.000000 -999.000000 -999.000000
 -999.000000 -999.000000 -999.000000 -999.000000 -999.000000 -999.000000 -999.000000 -999.000000 -999.000000 -999.000000 -999.000000 -999.000000 -999.000000 -999.000000 -999.000000 -999.000000 -999.000000 -999.000000 -999.000000 -999.000000 -999.000000   13.596084   11.616442   11.890402 -999.000000 -999.000000 -999.000000 -999.000000
 -999.000000 -999.000000 -999.000000 -999.000000 -999.000000 -999.000000 -999.000000 -999.000000 -999.000000 -999.000000 -999.000000 -999.000000 -999.000000 -999.000000 -999.000000 -999.000000 -999.000000 -999.000000 -999.000000 -999.000000 -999.000000   13.598694 -999.000000   11.573275   11.952358 -999.000000 -999.000000 -999.000000
 -999.000000 -999.000000 -999.000000 -999.000000 -999.000000 -999.000000 -999.000000 -999.000000 -999.000000 -999.000000 -999.000000 -999.000000 -999.000000 -999.000000 -999.000000 -999.000000 -999.000000 -999.000000 -999.000000 -999.000000 -999.000000 -999.000000 -999.000000 -999.000000   11.563724 -999.000000 -999.000000 -999.000000
 -999.000000 -999.000000 -999.000000 -999.000000 -999.000000 -999.000000 -999.000000 -999.000000 -999.000000 -999.000000 -999.000000 -999.000000 -999.000000 -999.000000 -999.000000 -999.000000 -999.000000 -999.000000 -999.000000 -999.000000 -999.000000 -999.000000 -999.000000 -999.000000 -999.000000   11.655765 -999.000000 -999.000000
 -999.000000 -999.000000 -999.000000 -999.000000 -999.000000 -999.000000 -999.000000 -999.000000 -999.000000 -999.000000 -999.000000 -999.000000 -999.000000 -999.000000 -999.000000 -999.000000 -999.000000 -999.000000 -999.000000 -999.000000 -999.000000 -999.000000 -999.000000 -999.000000 -999.000000   12.277904 -999.000000 -999.000000
 -999.000000 -999.000000 -999.000000 -999.000000 -999.000000 -999.000000 -999.000000 -999.000000 -999.000000 -999.000000 -999.000000 -999.000000 -999.000000 -999.000000 -999.000000 -999.000000 -999.000000 -999.000000 -999.000000 -999.000000 -999.000000 -999.000000 -999.000000 -999.000000 -999.000000 -999.000000   11.811323 -999.000000
 -999.000000 -999.000000 -999.000000 -999.000000 -999.000000 -999.000000 -999.000000 -999.000000 -999.000000 -999.000000 -999.000000 -999.000000 -999.000000 -999.000000 -999.000000 -999.000000 -999.000000 -999.000000 -999.000000 -999.000000 -999.000000 -999.000000 -999.000000 -999.000000 -999.000000 -999.000000   11.918700 -999.000000
 -999.000000 -999.000000 -999.000000 -999.000000 -999.000000 -999.000000 -999.000000 -999.000000 -999.000000 -999.000000 -999.000000 -999.000000 -999.000000 -999.000000 -999.000000 -999.000000 -999.000000 -999.000000 -999.000000 -999.000000 -999.000000 -999.000000 -999.000000 -999.000000 -999.000000 -999.000000 -999.000000   11.575200
#
# dtdh (rows - delta, columns - depth)
#
    0.120089    0.120059    0.120009    0.119959    0.119908    0.119858    0.119807    0.119757    0.119708    0.090949    0.090882    0.090815 -999.000000 -999.000000 -999.000000 -999.000000 -999.000000 -999.000000 -999.000000 -999.000000 -999.000000 -999.000000 -999.000000 -999.000000 -999.000000 -999.000000 -999.000000 -999.000000
    0.120092    0.120062    0.120012    0.119961    0.119911    0.119860    0.119810    0.119759    0.119710    0.090951    0.090884    0.090817    0.090750    0.090683    0.090615    0.090551    0.000455 -999.000000 -999.000000 -999.000000 -999.000000 -999.000000 -999.000000 -999.000000 -999.000000 -999.000000 -999.000000 -999.000000
    0.120098    0.120068    0.120017    0.119967    0.119916    0.119865    0.119815    0.119764    0.119715    0.090958    0.090891    0.090823    0.090756    0.090688    0.090621    0.090556    0.001047 -999.000000 -999.000000 -999.000000 -999.000000 -999.000000 -999.000000 -999.000000 -999.000000 -999.000000 -999.000000 -999.000000
    0.120106    0.120076    0.120026    0.119975    0.119924    0.119873    0.119823    0.119772    0.119723    0.090968    0.090901    0.090833    0.090765    0.090698    0.090630    0.090564    0.001640 -999.000000 -999.000000 -999.000000 -999.000000 -999.000000 -999.000000 -999.000000 -999.000000 -999.000000 -999.000000 -999.000000
    0.120118    0.120088    0.120037    0.119986    0.119935    0.119884    0.119833    0.119782    0.119733    0.090982    0.090914    0.090847    0.090779    0.090711    0.090643    0.090577    0.002235 -999.000000 -999.000000 -999.000000 -999.000000 -999.000000 -999.000000 -999.000000 -999.000000 -999.000000 -999.000000 -999.000000
    0.120132    0.120102    0.120051    0.120000    0.119949    0.119898    0.119847    0.119796    0.119747    0.091000    0.090932    0.090864    0.090796    0.090728    0.090659    0.090594    0.002828 -999.000000 -999.000000 -999.000000 -999.000000 -999.000000 -999.000000 -999.000000 -999.000000 -999.000000 -999.000000 -999.000000
    0.120150    0.120119    0.120068    0.120017    0.119966    0.119915    0.119864    0.119813    0.119763    0.091022    0.090953    0.090885    0.090817    0.090749    0.090680    0.090614    0.003422 -999.000000 -999.000000 -999.000000 -999.000000 -999.000000 -999.000000 -999.000000 -999.000000 -999.000000 -999.000000 -999.000000
    0.120170    0.120140    0.120088    0.120037    0.119986    0.119935    0.119884    0.119832    0.119783    0.091047    0.090979    0.090910    0.090842    0.090773    0.090705    0.090639    0.004015 -999.000000 -999.000000 -999.000000 -999.000000 -999.000000 -999.000000 -999.000000 -999.000000 -999.000000 -999.000000 -999.000000
    0.120193    0.120163    0.120111    0.120060    0.120009    0.119958    0.119906    0.119855    0.119805    0.091076    0.091008    0.090939    0.090871    0.090802    0.090733    0.090667    0.004609 -999.000000 -999.000000 -999.000000 -999.000000 -999.000000 -999.000000 -999.000000 -999.000000 -999.000000 -999.000000 -999.000000
    0.120219    0.120189    0.120137    0.120086    0.120035    0.119983    0.119932    0.119880    0.119830    0.091110    0.091041    0.090972    0.090903    0.090834    0.090765    0.090699    0.005202 -999.000000 -999.000000 -999.000000 -999.000000 -999.000000 -999.000000 -999.000000 -999.000000 -999.000000 -999.000000 -999.000000
    0.120248    0.120217    0.120166    0.120115    0.120063    0.120012    0.119960    0.119908    0.119859    0.091147    0.091078    0.091009    0.090940    0.090871    0.090801    0.090735    0.005795 -999.000000 -999.000000 -999.000000 -999.000000 -999.000000 -999.000000 -999.000000 -999.000000 -999.000000 -999.000000 -999.000000
    0.120280    0.120249    0.120198    0.120146    0.120095    0.120043    0.119991    0.119939    0.119890    0.091187    0.091118    0.091049    0.090980    0.090911    0.090841    0.090775    0.006387 -999.000000 -999.000000 -999.000000 -999.000000 -999.000000 -999.000000 -999.000000 -999.000000 -999.000000 -999.000000 -999.000000
    0.120315    0.120284    0.120232    0.120181    0.120129    0.120077    0.120025    0.119973    0.119924    0.091232    0.091163    0.091094    0.091024    0.090955    0.090885    0.090818    0.006980 -999.000000 -999.000000 -999.000000 -999.000000 -999.000000 -999.000000 -999.000000 -999.000000 -999.000000 -999.000000 -999.000000
    0.120352    0.120321    0.120270    0.120218    0.120166    0.120114    0.120062    0.120010    0.119960    0.091281    0.091211    0.091142    0.091072    0.091003    0.090933    0.090866    0.007573    0.003387 -999.000000 -999.000000 -999.000000 -999.000000 -999.000000 -999.000000 -999.000000 -999.000000 -999.000000 -999.000000
    0.120392    0.120362    0.120310    0.120258    0.120206    0.120154    0.120102    0.120050    0.120000    0.091333    0.091263    0.091194    0.091124    0.091054    0.090984    0.090917    0.008166    0.004783 -999.000000 -999.000000 -999.000000 -999.000000 -999.000000 -999.000000 -999.000000 -999.000000 -999.000000 -999.000000
    0.120436    0.120405    0.120353    0.120301    0.120249    0.120197    0.120145    0.120093    0.120043    0.091389    0.091319    0.091250    0.091180    0.091110    0.091040    0.090972    0.008758    0.005836 -999.000000 -999.000000 -999.000000 -999.000000 -999.000000 -999.000000 -999.000000 -999.000000 -999.000000 -999.000000
    0.120482    0.120451    0.120399    0.120347    0.120295    0.120243    0.120191    0.120139    0.120088    0.091449    0.091379    0.091309    0.091239    0.091169    0.091099    0.091031    0.009351    0.006726 -999.000000 -999.000000 -999.000000 -999.000000 -999.000000 -999.000000 -999.000000 -999.000000 -999.000000 -999.000000
    0.120583    0.120551    0.120499    0.120447    0.120395    0.120343    0.120291    0.120238    0.120188    0.091579    0.091509    0.091439    0.091369    0.091299    0.091228    0.091160    0.010535    0.008340    0.004178 -999.000000 -999.000000 -999.000000 -999.000000 -999.000000 -999.000000 -999.000000 -999.000000 -999.000000
    0.120694    0.120663    0.120611    0.120559    0.120507    0.120454    0.120402    0.120349    0.120299    0.091725    0.091655    0.091584    0.091514    0.091443    0.091373    0.091305    0.011717    0.009815    0.007117 -999.000000 -999.000000 -999.000000 -999.000000 -999.000000 -999.000000 -999.000000 -999.000000 -999.000000
    0.120818    0.120786    0.120734    0.120682    0.120629    0.120577    0.120524    0.120472    0.120421    0.091885    0.091815    0.091744    0.091674    0.091603    0.091532    0.091464    0.012897    0.011211    0.009049    0.005190 -999.000000 -999.000000 -999.000000 -999.000000 -999.000000 -999.000000 -999.000000 -999.000000
    0.120953    0.120922    0.120870    0.120817    0.120765    0.120712    0.120660    0.120607    0.120556    0.092062    0.091991    0.091921    0.091850    0.091779    0.091708    0.091639    0.014088    0.012567    0.010726    0.008213 -999.000000 -999.000000 -999.000000 -999.000000 -999.000000 -999.000000 -999.000000 -999.000000
    0.121098    0.121067    0.121015    0.120962    0.120910    0.120857    0.120804    0.120752    0.120701    0.092252    0.092181    0.092110    0.092039    0.091968    0.091897    0.091829    0.015273    0.013897    0.012288    0.010276 -999.000000 -999.000000 -999.000000 -999.000000 -999.000000 -999.000000 -999.000000 -999.000000
    0.121250    0.121218    0.121166    0.121114    0.121061    0.121009    0.120956    0.120904    0.120853    0.092450    0.092380    0.092309    0.092238    0.092167    0.092096    0.092028    0.016427    0.015175    0.013751    0.012060 -999.000000 -999.000000 -999.000000 -999.000000 -999.000000 -999.000000 -999.000000 -999.000000
    0.127184    0.127124    0.127025    0.126926    0.126827    0.126727    0.126628    0.126529    0.126434    0.099632    0.099487    0.099342    0.099197    0.099052    0.098907    0.098767    0.039435    0.037966    0.036380    0.013652 -999.000000 -999.000000 -999.000000 -999.000000 -999.000000 -999.000000 -999.000000 -999.000000
    0.130055    0.130004    0.129919    0.129833    0.129747    0.129659    0.129571    0.129482    0.129396    0.103366    0.103236    0.103105    0.102971    0.102835    0.102698    0.102564    0.048160    0.047039    0.045748    0.044343    0.035382 -999.000000 -999.000000 -999.000000 -999.000000 -999.000000 -999.000000 -999.000000
    0.132033    0.131992    0.131922    0.131851    0.131781    0.131710    0.131640    0.131568    0.131500    0.105988    0.105889    0.105788    0.105687    0.105586    0.105483    0.105384    0.053909    0.053254    0.052564    0.051833    0.047252    0.038175 -999.000000 -999.000000 -999.000000 -999.000000 -999.000000 -999.000000
    0.133764    0.133724    0.133658    0.133592    0.133525    0.133459    0.133392    0.133325    0.133260    0.108165    0.108072    0.107979    0.107886    0.107792    0.107698    0.107608    0.058137    0.057602    0.057053    0.056488    0.053374    0.049423 -999.000000 -999.000000 -999.000000 -999.000000 -999.000000 -999.000000
    0.135448    0.135411    0.135348    0.135285    0.135222    0.135158    0.135095    0.135031    0.134970    0.110265    0.110178    0.110091    0.110004    0.109916    0.109828    0.109743    0.062000    0.061537    0.061064    0.060580    0.057971    0.054949    0.042532 -999.000000 -999.000000 -999.000000 -999.000000 -999.000000
    0.137119    0.137083    0.137023    0.136963    0.136903    0.136842    0.136782    0.136721    0.136662    0.112330    0.112247    0.112165    0.112082    0.111999    0.111916    0.111835    0.065633    0.065219    0.064798    0.064369    0.062091    0.059553    0.050157 -999.000000 -999.000000 -999.000000 -999.000000 -999.000000
 -999.000000 -999.000000 -999.000000 -999.000000 -999.000000 -999.000000 -999.000000 -999.000000 -999.000000 -999.000000 -999.000000 -999.000000 -999.000000 -999.000000 -999.000000 -999.000000 -999.000000 -999.000000 -999.000000 -999.000000    0.065947    0.063721    0.055737    0.041318 -999.000000 -999.000000 -999.000000 -999.000000
 -999.000000 -999.000000 -999.000000 -999.000000 -999.000000 -999.000000 -999.000000 -999.000000 -999.000000 -999.000000 -999.000000 -999.000000 -999.000000 -999.000000 -999.000000 -999.000000 -999.000000 -999.000000 -999.000000 -999.000000 -999.000000    0.003057    0.060591    0.049263 -999.000000 -999.000000 -999.000000 -999.000000
 -999.000000 -999.000000 -999.000000 -999.000000 -999.000000 -999.000000 -999.000000 -999.000000 -999.000000 -999.000000 -999.000000 -999.000000 -999.000000 -999.000000 -999.000000 -999.000000 -999.000000 -999.000000 -999.000000 -999.000000 -999.000000    0.001850 -999.000000    0.055393    0.038763 -999.000000 -999.000000 -999.000000
 -999.000000 -999.000000 -999.000000 -999.000000 -999.000000 -999.000000 -999.000000 -999.000000 -999.000000 -999.000000 -999.000000 -999.000000 -999.000000 -999.000000 -999.000000 -999.000000 -999.000000 -999.000000 -999.000000 -999.000000 -999.000000 -999.000000 -999.000000 -999.000000    0.047993 -999.000000 -999.000000 -999.000000
 -999.000000 -999.000000 -999.000000 -999.000000 -999.000000 -999.000000 -999.000000 -999.000000 -999.000000 -999.000000 -999.000000 -999.000000 -999.000000 -999.000000 -999.000000 -999.000000 -999.000000 -999.000000 -999.000000 -999.000000 -999.000000 -999.000000 -999.000000 -999.000000 -999.000000    0.036500 -999.000000 -999.000000
 -999.000000 -999.000000 -999.000000 -999.000000 -999.000000 -999.000000 -999.000000 -999.000000 -999.000000 -999.000000 -999.000000 -999.000000 -999.000000 -999.000000 -999.000000 -999.000000 -999.000000 -999.000000 -999.000000 -999.000000 -999.000000 -999.000000 -999.000000 -999.000000 -999.000000    0.002449 -999.000000 -999.000000
 -999.000000 -999.000000 -999.000000 -999.000000 -999.000000 -999.000000 -999.000000 -999.000000 -999.000000 -999.000000 -999.000000 -999.000000 -999.000000 -999.000000 -999.000000 -999.000000 -999.000000 -999.000000 -999.000000 -999.000000 -999.000000 -999.000000 -999.000000 -999.000000 -999.000000 -999.000000    0.015759 -999.000000
 -999.000000 -999.000000 -999.000000 -999.000000 -999.000000 -999.000000 -999.000000 -999.000000 -999.000000 -999.000000 -999.000000 -999.000000 -999.000000 -999.000000 -999.000000 -999.000000 -999.000000 -999.000000 -999.000000 -999.000000 -999.000000 -999.000000 -999.000000 -999.000000 -999.000000 -999.000000    0.004198 -999.000000
 -999.000000 -999.000000 -999.000000 -999.000000 -999.000000 -999.000000 -999.000000 -999.000000 -999.000000 -999.000000 -999.000000 -999.000000 -999.000000 -999.000000 -999.000000 -999.000000 -999.000000 -999.000000 -999.000000 -999.000000 -999.000000 -999.000000 -999.000000 -999.000000 -999.000000 -999.000000 -999.000000    0.005276
#
# bounce point delta (rows - delta, columns - depth)
#
    0.008802    0.024185    0.048441    0.072714    0.096840    0.120982    0.150308    0.164595    0.189059    0.194080    0.223595    0.258955 -999.000000 -999.000000 -999.000000 -999.000000 -999.000000 -999.000000 -999.000000 -999.000000 -999.000000 -999.000000 -999.000000 -999.000000 -999.000000 -999.000000 -999.000000 -999.000000
    0.008801    0.024184    0.048439    0.072711    0.096837    0.120978    0.150303    0.164590    0.189054    0.194075    0.223589    0.258949    0.289353    0.324891    0.361236    0.397000    0.371158 -999.000000 -999.000000 -999.000000 -999.000000 -999.000000 -999.000000 -999.000000 -999.000000 -999.000000 -999.000000 -999.000000
    0.008801    0.024182    0.048435    0.072705    0.096829    0.120969    0.150290    0.164578    0.189041    0.194060    0.223572    0.258929    0.289328    0.324863    0.361205    0.396966    0.370584 -999.000000 -999.000000 -999.000000 -999.000000 -999.000000 -999.000000 -999.000000 -999.000000 -999.000000 -999.000000 -999.000000
    0.008800    0.024178    0.048429    0.072696    0.096817    0.120954    0.150270    0.164558    0.189020    0.194037    0.223545    0.258898    0.289286    0.324814    0.361149    0.396904    0.370001 -999.000000 -999.000000 -999.000000 -999.000000 -999.000000 -999.000000 -999.000000 -999.000000 -999.000000 -999.000000 -999.000000
    0.008799    0.024174    0.048420    0.072683    0.096800    0.120934    0.150242    0.164532    0.188991    0.194005    0.223508    0.258853    0.289226    0.324746    0.361070    0.396815    0.369411 -999.000000 -999.000000 -999.000000 -999.000000 -999.000000 -999.000000 -999.000000 -999.000000 -999.000000 -999.000000 -999.000000
    0.008797    0.024169    0.048410    0.072668    0.096779    0.120908    0.150207    0.164498    0.188954    0.193965    0.223460    0.258796    0.289150    0.324657    0.360967    0.396699    0.368817 -999.000000 -999.000000 -999.000000 -999.000000 -999.000000 -999.000000 -999.000000 -999.000000 -999.000000 -999.000000 -999.000000
    0.008795    0.024162    0.048397    0.072649    0.096754    0.120877    0.150164    0.164457    0.188909    0.193916    0.223402    0.258726    0.289056    0.324547    0.360841    0.396556    0.368217 -999.000000 -999.000000 -999.000000 -999.000000 -999.000000 -999.000000 -999.000000 -999.000000 -999.000000 -999.000000 -999.000000
    0.008793    0.024155    0.048382    0.072626    0.096725    0.120841    0.150114    0.164409    0.188856    0.193858    0.223333    0.258644    0.288946    0.324418    0.360690    0.396385    0.367611 -999.000000 -999.000000 -999.000000 -999.000000 -999.000000 -999.000000 -999.000000 -999.000000 -999.000000 -999.000000 -999.000000
    0.008790    0.024146    0.048365    0.072601    0.096692    0.120799    0.150057    0.164353    0.188795    0.193791    0.223254    0.258549    0.288818    0.324268    0.360516    0.396187    0.366999 -999.000000 -999.000000 -999.000000 -999.000000 -999.000000 -999.000000 -999.000000 -999.000000 -999.000000 -999.000000 -999.000000
    0.008787    0.024137    0.048346    0.072572    0.096654    0.120753    0.149992    0.164291    0.188726    0.193716    0.223164    0.258442    0.288673    0.324098    0.360318    0.395962    0.366382 -999.000000 -999.000000 -999.000000 -999.000000 -999.000000 -999.000000 -999.000000 -999.000000 -999.000000 -999.000000 -999.000000
    0.008784    0.024126    0.048324    0.072540    0.096612    0.120700    0.149920    0.164221    0.188650    0.193632    0.223065    0.258322    0.288511    0.323907    0.360097    0.395710    0.365759 -999.000000 -999.000000 -999.000000 -999.000000 -999.000000 -999.000000 -999.000000 -999.000000 -999.000000 -999.000000 -999.000000
    0.008781    0.024114    0.048301    0.072505    0.096565    0.120643    0.149840    0.164144    0.188565    0.193539    0.222954    0.258189    0.288332    0.323697    0.359851    0.395430    0.365131 -999.000000 -999.000000 -999.000000 -999.000000 -999.000000 -999.000000 -999.000000 -999.000000 -999.000000 -999.000000 -999.000000
    0.008777    0.024101    0.048275    0.072467    0.096515    0.120580    0.149753    0.164061    0.188473    0.193437    0.222834    0.258044    0.288135    0.323466    0.359582    0.395123    0.364496 -999.000000 -999.000000 -999.000000 -999.000000 -999.000000 -999.000000 -999.000000 -999.000000 -999.000000 -999.000000 -999.000000
    0.008773    0.024088    0.048247    0.072425    0.096460    0.120512    0.149659    0.163970    0.188372    0.193327    0.222703    0.257886    0.287922    0.323216    0.359290    0.394790    0.363856    1.556230 -999.000000 -999.000000 -999.000000 -999.000000 -999.000000 -999.000000 -999.000000 -999.000000 -999.000000 -999.000000
    0.008769    0.024073    0.048218    0.072380    0.096401    0.120439    0.149557    0.163872    0.188264    0.193208    0.222562    0.257716    0.287692    0.322945    0.358974    0.394430    0.363210    1.336186 -999.000000 -999.000000 -999.000000 -999.000000 -999.000000 -999.000000 -999.000000 -999.000000 -999.000000 -999.000000
    0.008764    0.024057    0.048186    0.072332    0.096337    0.120360    0.149448    0.163767    0.188148    0.193081    0.222410    0.257534    0.287446    0.322655    0.358635    0.394043    0.362558    1.199599 -999.000000 -999.000000 -999.000000 -999.000000 -999.000000 -999.000000 -999.000000 -999.000000 -999.000000 -999.000000
    0.008759    0.024040    0.048151    0.072281    0.096270    0.120276    0.149332    0.163655    0.188024    0.192945    0.222249    0.257339    0.287182    0.322345    0.358273    0.393629    0.361900    1.103891 -999.000000 -999.000000 -999.000000 -999.000000 -999.000000 -999.000000 -999.000000 -999.000000 -999.000000 -999.000000
    0.008748    0.024002    0.048077    0.072169    0.096122    0.120093    0.149077    0.163410    0.187753    0.192647    0.221895    0.256912    0.286605    0.321665    0.357480    0.392723    0.360567    0.976588    2.160034 -999.000000 -999.000000 -999.000000 -999.000000 -999.000000 -999.000000 -999.000000 -999.000000 -999.000000
    0.008735    0.023961    0.047994    0.072045    0.095958    0.119889    0.148795    0.163138    0.187451    0.192315    0.221501    0.256437    0.285964    0.320910    0.356597    0.391714    0.359213    0.902635    1.656918 -999.000000 -999.000000 -999.000000 -999.000000 -999.000000 -999.000000 -999.000000 -999.000000 -999.000000
    0.008722    0.023915    0.047902    0.071908    0.095777    0.119664    0.148482    0.162839    0.187118    0.191949    0.221067    0.255914    0.285257    0.320077    0.355624    0.390603    0.357837    0.843958    1.455362    2.547874 -999.000000 -999.000000 -999.000000 -999.000000 -999.000000 -999.000000 -999.000000 -999.000000
    0.008707    0.023865    0.047802    0.071757    0.095577    0.119415    0.148138    0.162510    0.186751    0.191544    0.220588    0.255336    0.284478    0.319159    0.354552    0.389379    0.356425    0.796026    1.313084    2.022479 -999.000000 -999.000000 -999.000000 -999.000000 -999.000000 -999.000000 -999.000000 -999.000000
    0.008691    0.023812    0.047694    0.071596    0.095363    0.119150    0.147770    0.162157    0.186356    0.191110    0.220074    0.254714    0.283640    0.318171    0.353397    0.388057    0.354994    0.757138    1.207741    1.766324 -999.000000 -999.000000 -999.000000 -999.000000 -999.000000 -999.000000 -999.000000 -999.000000
    0.008675    0.023755    0.047581    0.071427    0.095140    0.118871    0.147383    0.161789    0.185942    0.190655    0.219535    0.254064    0.282763    0.317138    0.352188    0.386674    0.353579    0.724040    1.127462    1.605937 -999.000000 -999.000000 -999.000000 -999.000000 -999.000000 -999.000000 -999.000000 -999.000000
    0.008014    0.021565    0.043221    0.064937    0.086620    0.108360    0.133004    0.148564    0.170672    0.173827    0.200187    0.231005    0.252757    0.282262    0.312015    0.341329    0.320186    0.473983    0.628133    1.484676 -999.000000 -999.000000 -999.000000 -999.000000 -999.000000 -999.000000 -999.000000 -999.000000
    0.007687    0.020493    0.041060    0.061680    0.082287    0.102948    0.125576    0.141610    0.162501    0.164975    0.189909    0.218631    0.237058    0.263885    0.290729    0.317129    0.304693    0.417743    0.544551    0.669704    1.505849 -999.000000 -999.000000 -999.000000 -999.000000 -999.000000 -999.000000 -999.000000
    0.007459    0.019750    0.039559    0.059411    0.079259    0.099148    0.120366    0.136662    0.156663    0.158720    0.182594    0.209776    0.226014    0.250891    0.275599    0.299800    0.293507    0.387621    0.491625    0.597544    1.172596    2.055258 -999.000000 -999.000000 -999.000000 -999.000000 -999.000000 -999.000000
    0.007257    0.019101    0.038254    0.057450    0.076654    0.095899    0.115958    0.132471    0.151752    0.153500    0.176542    0.202524    0.217236    0.240690    0.263883    0.286542    0.284742    0.369938    0.460514    0.556052    1.043171    1.617488 -999.000000 -999.000000 -999.000000 -999.000000 -999.000000 -999.000000
    0.007057    0.018467    0.036981    0.055535    0.074112    0.092729    0.111675    0.128373    0.146955    0.148434    0.170674    0.195510    0.208919    0.231070    0.252895    0.274158    0.276302    0.354098    0.435323    0.521575    0.959085    1.453407    2.794405 -999.000000 -999.000000 -999.000000 -999.000000 -999.000000
    0.006857    0.017836    0.035713    0.053630    0.071583    0.089576    0.107435    0.124287    0.142181    0.143422    0.164873    0.188592    0.200888    0.221821    0.242388    0.262362    0.267965    0.339268    0.414159    0.491372    0.893112    1.333750    2.413306 -999.000000 -999.000000 -999.000000 -999.000000 -999.000000
 -999.000000 -999.000000 -999.000000 -999.000000 -999.000000 -999.000000 -999.000000 -999.000000 -999.000000 -999.000000 -999.000000 -999.000000 -999.000000 -999.000000 -999.000000 -999.000000 -999.000000 -999.000000 -999.000000 -999.000000    0.835462    1.235431    2.175138    3.616383 -999.000000 -999.000000 -999.000000 -999.000000
 -999.000000 -999.000000 -999.000000 -999.000000 -999.000000 -999.000000 -999.000000 -999.000000 -999.000000 -999.000000 -999.000000 -999.000000 -999.000000 -999.000000 -999.000000 -999.000000 -999.000000 -999.000000 -999.000000 -999.000000 -999.000000    7.033786    1.989742    3.135755 -999.000000 -999.000000 -999.000000 -999.000000
 -999.000000 -999.000000 -999.000000 -999.000000 -999.000000 -999.000000 -999.000000 -999.000000 -999.000000 -999.000000 -999.000000 -999.000000 -999.000000 -999.000000 -999.000000 -999.000000 -999.000000 -999.000000 -999.000000 -999.000000 -999.000000    7.478469 -999.000000    2.813274    4.405342 -999.000000 -999.000000 -999.000000
 -999.000000 -999.000000 -999.000000 -999.000000 -999.000000 -999.000000 -999.000000 -999.000000 -999.000000 -999.000000 -999.000000 -999.000000 -999.000000 -999.000000 -999.000000 -999.000000 -999.000000 -999.000000 -999.000000 -999.000000 -999.000000 -999.000000 -999.000000 -999.000000    3.773909 -999.000000 -999.000000 -999.000000
 -999.000000 -999.000000 -999.000000 -999.000000 -999.000000 -999.000000 -999.000000 -999.000000 -999.000000 -999.000000 -999.000000 -999.000000 -999.000000 -999.000000 -999.000000 -999.000000 -999.000000 -999.000000 -999.000000 -999.000000 -999.000000 -999.000000 -999.000000 -999.000000 -999.000000    5.151762 -999.000000 -999.000000
 -999.000000 -999.000000 -999.000000 -999.000000 -999.000000 -999.000000 -999.000000 -999.000000 -999.000000 -999.000000 -999.000000 -999.000000 -999.000000 -999.000000 -999.000000 -999.000000 -999.000000 -999.000000 -999.000000 -999.000000 -999.000000 -999.000000 -999.000000 -999.000000 -999.000000    8.775442 -999.000000 -999.000000
 -999.000000 -999.000000 -999.000000 -999.000000 -999.000000 -999.000000 -999.000000 -999.000000 -999.000000 -999.000000 -999.000000 -999.000000 -999.000000 -999.000000 -999.000000 -999.000000 -999.000000 -999.000000 -999.000000 -999.000000 -999.000000 -999.000000 -999.000000 -999.000000 -999.000000 -999.000000    7.794714 -999.000000
 -999.000000 -999.000000 -999.000000 -999.000000 -999.000000 -999.000000 -999.000000 -999.000000 -999.000000 -999.000000 -999.000000 -999.000000 -999.000000 -999.000000 -999.000000 -999.000000 -999.000000 -999.000000 -999.000000 -999.000000 -999.000000 -999.000000 -999.000000 -999.000000 -999.000000 -999.000000    9.257871 -999.000000
 -999.000000 -999.000000 -999.000000 -999.000000 -999.000000 -999.000000 -999.000000 -999.000000 -999.000000 -999.000000 -999.000000 -999.000000 -999.000000 -999.000000 -999.000000 -999.000000 -999.000000 -999.000000 -999.000000 -999.000000 -999.000000 -999.000000 -999.000000 -999.000000 -999.000000 -999.000000 -999.000000    9.805628
#
# ak135 travel-time table for pPn
#
