#
# ak135 travel-time table for sPKPab
#
# number of distance and depth samples
35 36
# delta samples
145.000 146.000 147.000 148.000 149.000 150.000 151.000 152.000 153.000 154.000 155.000 156.000 157.000 158.000 159.000 160.000 161.000 162.000 163.000 164.000 165.000 166.000 167.000 168.000 169.000 
170.000 171.000 172.000 173.000 174.000 175.000 176.000 177.000 178.000 179.000 
# depth samples
    1.000000    2.500000    5.000000    7.500000   10.000000   12.500000   15.000000   17.500000   19.900000   20.000000   22.500000   25.000000   27.500000   30.000000   32.500000   34.900000   35.000000   40.000000   45.000000   50.000000   75.000000  100.000000  150.000000  200.000000  250.000000  300.000000  350.000000  400.000000  450.000000  500.000000  550.000000  600.000000  650.000000  700.000000  750.000000  800.000000
#
# travel times (rows - delta, columns - depth)
#
 1178.761230 1179.192139 1179.910278 1180.628540 1181.346802 1182.064941 -999.000000 -999.000000 -999.000000 -999.000000 -999.000000 -999.000000 -999.000000 -999.000000 -999.000000 -999.000000 -999.000000 -999.000000 -999.000000 -999.000000 -999.000000 -999.000000 -999.000000 -999.000000 -999.000000 -999.000000 -999.000000 -999.000000 -999.000000 -999.000000 -999.000000 -999.000000 -999.000000 -999.000000 -999.000000 -999.000000
 1182.459229 1182.889648 1183.607178 1184.324585 1185.042114 1185.759521 1186.477051 1187.194458 1187.883179 1187.911865 1188.555664 1189.199341 1189.843018 1190.486694 1191.130249 1191.748169 1191.773926 1192.876587 1193.979004 1195.081055 1200.586548 1206.084473 1217.057861 1228.004639 1238.856079 1249.500122 1259.941528 1270.187622 1279.892944 1289.309937 1298.531982 1307.567749 1316.425659 -999.000000 -999.000000 -999.000000
 1186.318848 1186.749146 1187.466309 1188.183472 1188.900635 1189.617798 1190.334839 1191.052002 1191.740479 1191.769165 1192.412476 1193.055786 1193.699219 1194.342529 1194.985840 1195.603394 1195.629028 1196.730957 1197.832397 1198.933594 1204.434937 1209.928467 1220.892822 1231.830078 1242.671387 1253.304443 1263.734009 1273.967041 1283.657837 1293.058350 1302.262085 1311.276733 1320.109253 1328.332397 1336.270142 1344.081055
 1190.273315 1190.703491 1191.420410 1192.137329 1192.854248 1193.571167 1194.288086 1195.005005 1195.693237 1195.721924 1196.364990 1197.008057 1197.651123 1198.294189 1198.937256 1199.554688 1199.580322 1200.681641 1201.782471 1202.883057 1208.381348 1213.871826 1224.829834 1235.760376 1246.594727 1257.220581 1267.642334 1277.867188 1287.548828 1296.939453 1306.132690 1315.135986 1323.956299 1332.165405 1340.087524 1347.881226
 1194.298828 1194.728882 1195.445679 1196.162476 1196.879150 1197.595947 1198.312622 1199.029419 1199.717529 1199.746094 1200.389038 1201.031860 1201.674805 1202.317627 1202.960449 1203.577637 1203.603271 1204.704102 1205.804565 1206.904663 1212.400513 1217.888428 1228.841431 1239.766846 1250.595825 1261.215820 1271.631592 1281.850098 1291.524780 1300.907959 1310.093262 1319.088135 1327.899536 1336.098511 1344.009766 1351.791748
 1198.380981 1198.810913 1199.527466 1200.244141 1200.960693 1201.677368 1202.393921 1203.110474 1203.798462 1203.827026 1204.469849 1205.112549 1205.755249 1206.397949 1207.040649 1207.657593 1207.683228 1208.783691 1209.883667 1210.983398 1216.477295 1221.963257 1232.912109 1243.833252 1254.657837 1265.273193 1275.684082 1285.897461 1295.566406 1304.943604 1314.122559 1323.110718 1331.914795 1340.105835 1348.008301 1355.781250
 1202.509277 1202.939209 1203.655762 1204.372192 1205.088623 1205.805176 1206.521606 1207.238037 1207.925903 1207.954468 1208.597168 1209.239746 1209.882202 1210.524780 1211.167358 1211.784180 1211.809814 1212.909912 1214.009644 1215.109131 1220.601318 1226.085571 1237.031006 1247.948608 1258.769409 1269.380859 1279.787720 1289.996704 1299.661133 1309.033325 1318.206909 1327.189575 1335.987793 1344.172119 1352.067505 1359.832886
 1206.676636 1207.106567 1207.822876 1208.539307 1209.255615 1209.972046 1210.688354 1211.404785 1212.092407 1212.121094 1212.763550 1213.406006 1214.048462 1214.690918 1215.333374 1215.950073 1215.975708 1217.075562 1218.174927 1219.274048 1224.764893 1230.247681 1241.190186 1252.104736 1262.922363 1273.530640 1283.933960 1294.139282 1303.799683 1313.167603 1322.336792 1331.314697 1340.107910 1348.286743 1356.176270 1363.935181
 1210.877563 1211.307373 1212.023682 1212.739990 1213.456299 1214.172485 1214.888794 1215.605103 1216.292725 1216.321289 1216.963623 1217.605957 1218.248291 1218.890625 1219.532959 1220.149658 1220.175293 1221.274780 1222.374023 1223.472900 1228.962524 1234.443970 1245.383911 1256.295776 1267.110718 1277.715942 1288.116333 1298.318481 1307.975464 1317.339722 1326.505127 1335.479004 1344.267944 1352.441895 1360.326294 1368.079956
 1215.108276 1215.538086 1216.254272 1216.970459 1217.686646 1218.402832 1219.119019 1219.835205 1220.522705 1220.551392 1221.193604 1221.835938 1222.478149 1223.120361 1223.762573 1224.379150 1224.404785 1225.504150 1226.603027 1227.701782 1233.190186 1238.670532 1249.608154 1260.517578 1271.330078 1281.932739 1292.330322 1302.529785 1312.183594 1321.544678 1330.706665 1339.676880 1348.462036 1356.631836 1364.511719 1372.260620
 1219.365234 1219.794922 1220.511108 1221.227173 1221.943359 1222.659424 1223.375488 1224.091675 1224.779053 1224.807739 1225.449951 1226.092041 1226.734253 1227.376465 1228.018555 1228.635010 1228.660645 1229.759766 1230.858521 1231.957031 1237.444458 1242.923828 1253.859375 1264.766724 1275.577026 1286.177490 1296.572632 1306.769531 1316.420654 1325.778809 1334.937622 1343.904663 1352.686401 1360.852539 1368.728394 1376.473022
 1223.644775 1224.074463 1224.790527 1225.506592 1226.222656 1226.938721 1227.654785 1228.370728 1229.058228 1229.086792 1229.728882 1230.370972 1231.013062 1231.655151 1232.297241 1232.913696 1232.939209 1234.038208 1235.136841 1236.235107 1241.721680 1247.200317 1258.134033 1269.039551 1279.847900 1290.446289 1300.839478 1311.034180 1320.682861 1330.038452 1339.194702 1348.158813 1356.937622 1365.100342 1372.972656 1380.713623
 1227.944458 1228.374023 1229.090088 1229.806030 1230.522095 1231.238037 1231.953979 1232.670044 1233.357300 1233.385986 1234.028076 1234.670044 1235.312134 1235.954102 1236.596069 1237.212402 1237.238037 1238.336914 1239.435303 1240.533447 1246.019287 1251.497070 1262.429077 1273.333008 1284.139648 1294.736328 1305.127563 1315.320312 1324.966919 1334.320312 1343.474121 1352.435913 1361.212158 1369.371948 1377.241089 1384.978760
 1232.262207 1232.691772 1233.407715 1234.123657 1234.839600 1235.555542 1236.271484 1236.987427 1237.674683 1237.703369 1238.345337 1238.987305 1239.629272 1240.271240 1240.913208 1241.529419 1241.555054 1242.653809 1243.752075 1244.850098 1250.335205 1255.812134 1266.742798 1277.645264 1288.450317 1299.045410 1309.434937 1319.625977 1329.270630 1338.621948 1347.773682 1356.733154 1365.506958 1373.664307 1381.530640 1389.265381
 1236.596313 1237.025879 1237.741821 1238.457642 1239.173584 1239.889526 1240.605347 1241.321289 1242.008545 1242.037109 1242.679077 1243.321045 1243.962891 1244.604858 1245.246704 1245.862915 1245.888550 1246.987061 1248.085327 1249.183105 1254.667603 1260.144043 1271.073364 1281.974365 1292.778076 1303.371704 1313.759644 1323.949097 1333.592041 1342.941528 1352.091309 1361.048706 1369.820435 1377.975342 1385.839111 1393.571289
 1240.945190 1241.374756 1242.090576 1242.806396 1243.522339 1244.238159 1244.953979 1245.669800 1246.357056 1246.385620 1247.027588 1247.669434 1248.311279 1248.953125 1249.594971 1250.211182 1250.236694 1251.335205 1252.433350 1253.531006 1259.014893 1264.490723 1275.418945 1286.318726 1297.121216 1307.713379 1318.100098 1328.287964 1337.929321 1347.277222 1356.425171 1365.380737 1374.150635 1382.303345 1390.164917 1397.894531
 1245.307007 1245.736572 1246.452393 1247.168213 1247.884033 1248.599854 1249.315674 1250.031494 1250.718628 1250.747192 1251.389038 1252.030884 1252.672729 1253.314575 1253.956299 1254.572510 1254.598022 1255.696411 1256.794434 1257.892090 1263.375488 1268.850708 1279.777832 1290.676636 1301.477905 1312.068970 1322.454468 1332.640991 1342.281006 1351.627319 1360.773804 1369.727783 1378.495850 1386.646606 1394.506104 1402.233521
 1249.680420 1250.109863 1250.825684 1251.541382 1252.257202 1252.973022 1253.688721 1254.404541 1255.091675 1255.120239 1255.762085 1256.403931 1257.045654 1257.687500 1258.329224 1258.945312 1258.970947 1260.069214 1261.167114 1262.264648 1267.747559 1273.222412 1284.148560 1295.046387 1305.846680 1316.436768 1326.821045 1337.006592 1346.645264 1355.990356 1365.135376 1374.087891 1382.854370 1391.003418 1398.861084 1406.586670
 1254.063965 1254.493408 1255.209229 1255.924927 1256.640747 1257.356445 1258.072144 1258.787964 1259.475098 1259.503662 1260.145386 1260.787231 1261.428955 1262.070679 1262.712402 1263.328491 1263.354004 1264.452271 1265.550049 1266.647583 1272.130127 1277.604492 1288.529907 1299.426758 1310.226196 1320.815308 1331.198730 1341.383179 1351.020752 1360.364624 1369.508423 1378.459595 1387.224731 1395.372314 1403.228394 1410.952148
 1258.456787 1258.886230 1259.601929 1260.317627 1261.033325 1261.749146 1262.464844 1263.180542 1263.867676 1263.896240 1264.537964 1265.179688 1265.821411 1266.463135 1267.104858 1267.720825 1267.746460 1268.844604 1269.942261 1271.039673 1276.521851 1281.995972 1292.920532 1303.816772 1314.615356 1325.203613 1335.586060 1345.769653 1355.406250 1364.749023 1373.891846 1382.841797 1391.605713 1399.751953 1407.606445 1415.328735
 1262.857666 1263.287109 1264.002808 1264.718506 1265.434326 1266.150024 1266.865723 1267.581299 1268.268433 1268.296997 1268.938721 1269.580444 1270.222168 1270.863770 1271.505493 1272.121460 1272.147095 1273.245117 1274.342773 1275.440186 1280.921997 1286.395752 1297.319702 1308.215210 1319.013062 1329.600586 1339.982300 1350.165039 1359.800781 1369.142578 1378.284302 1387.233276 1395.996094 1404.140991 1411.994263 1419.715210
 1267.265991 1267.695435 1268.411133 1269.126831 1269.842407 1270.558105 1271.273804 1271.989502 1272.676514 1272.705078 1273.346802 1273.988525 1274.630127 1275.271851 1275.913452 1276.529419 1276.555054 1277.653076 1278.750732 1279.848022 1285.329468 1290.802979 1301.726318 1312.621216 1323.418457 1334.005249 1344.386230 1354.568237 1364.203247 1373.544189 1382.685059 1391.633057 1400.394897 1408.538696 1416.390869 1424.110474
 1271.680786 1272.110107 1272.825806 1273.541504 1274.257202 1274.972778 1275.688477 1276.404053 1277.091187 1277.119751 1277.761353 1278.403076 1279.044678 1279.686401 1280.328003 1280.943970 1280.969482 1282.067505 1283.165039 1284.262329 1289.743652 1295.216797 1306.139526 1317.033936 1327.830566 1338.416870 1348.797241 1358.978638 1368.612793 1377.953125 1387.093140 1396.040283 1404.801270 1412.944092 1420.795166 1428.513672
 1276.101196 1276.530640 1277.246216 1277.961914 1278.677490 1279.393188 1280.108887 1280.824463 1281.511475 1281.540039 1282.181763 1282.823364 1283.464966 1284.106567 1284.748169 1285.364136 1285.389771 1286.487671 1287.585205 1288.682373 1294.163452 1299.636353 1310.558716 1321.452637 1332.248779 1342.834595 1353.214355 1363.395142 1373.028687 1382.368286 1391.507690 1400.454102 1409.214233 1417.356323 1425.206299 1432.923950
 1280.526611 1280.956055 1281.671631 1282.387329 1283.102905 1283.818604 1284.534180 1285.249878 1285.936768 1285.965332 1286.607056 1287.248657 1287.890259 1288.531860 1289.173462 1289.789429 1289.814941 1290.912842 1292.010376 1293.107544 1298.588379 1304.061157 1314.983032 1325.876465 1336.672241 1347.257568 1357.636841 1367.817139 1377.450195 1386.789185 1395.927856 1404.873657 1413.633179 1421.774414 1429.623657 1437.340454
 1284.956421 1285.385864 1286.101440 1286.817139 1287.532715 1288.248291 1288.963989 1289.679565 1290.366577 1290.395142 1291.036743 1291.678345 1292.319946 1292.961548 1293.603149 1294.218994 1294.244629 1295.342407 1296.439941 1297.536987 1303.017700 1308.490356 1319.411865 1330.304932 1341.100342 1351.685181 1362.064209 1372.244019 1381.876587 1391.215088 1400.353149 1409.298462 1418.057251 1426.197876 1434.046387 1441.762329
 1289.390015 1289.819336 1290.535034 1291.250610 1291.966187 1292.681763 1293.397461 1294.113037 1294.799927 1294.828491 1295.470215 1296.111816 1296.753418 1297.394897 1298.036499 1298.652466 1298.677979 1299.775757 1300.873291 1301.970337 1307.450928 1312.923340 1323.844604 1334.737305 1345.532349 1356.116943 1366.495483 1376.674927 1386.307129 1395.645142 1404.782837 1413.727539 1422.485962 1430.625977 1438.473877 1446.189087
 1293.826660 1294.256104 1294.971680 1295.687256 1296.402832 1297.118530 1297.834106 1298.549683 1299.236572 1299.265137 1299.906860 1300.548340 1301.189941 1301.831543 1302.473145 1303.088989 1303.114502 1304.212402 1305.309692 1306.406860 1311.887207 1317.359497 1328.280518 1339.173096 1349.967773 1360.552124 1370.930420 1381.109497 1390.741333 1400.078979 1409.216309 1418.160522 1426.918457 1435.057983 1442.905273 1450.619995
 1298.265991 1298.695435 1299.411011 1300.126587 1300.842163 1301.557739 1302.273315 1302.988892 1303.675903 1303.704468 1304.346069 1304.987671 1305.629150 1306.270752 1306.912354 1307.528198 1307.553711 1308.651611 1309.748901 1310.845947 1316.326294 1321.798462 1332.719360 1343.611572 1354.406128 1364.990112 1375.368164 1385.546997 1395.178467 1404.515869 1413.652832 1422.596802 1431.354370 1439.493408 1447.340332 1455.054565
 1302.707520 1303.136841 1303.852417 1304.567993 1305.283569 1305.999146 1306.714722 1307.430298 1308.117310 1308.145874 1308.787476 1309.429077 1310.070557 1310.712158 1311.353638 1311.969604 1311.995117 1313.092896 1314.190308 1315.287354 1320.767578 1326.239624 1337.160278 1348.052368 1358.846802 1369.430542 1379.808350 1389.987061 1399.618286 1408.955322 1418.092041 1427.035767 1435.792969 1443.931641 1451.778198 1459.491943
 1307.150635 1307.579956 1308.295532 1309.011108 1309.726685 1310.442261 1311.157837 1311.873413 1312.560425 1312.588989 1313.230591 1313.872070 1314.513672 1315.155273 1315.796753 1316.412598 1316.438232 1317.536011 1318.633301 1319.730347 1325.210571 1330.682617 1341.603027 1352.494995 1363.289185 1373.872925 1384.250610 1394.428955 1404.060059 1413.396973 1422.533447 1431.476929 1440.233887 1448.372192 1456.218506 1463.932007
 1311.594971 1312.024292 1312.739868 1313.455444 1314.171021 1314.886597 1315.602173 1316.317749 1317.004639 1317.033203 1317.674927 1318.316406 1318.958008 1319.599487 1320.241089 1320.856934 1320.882446 1321.980225 1323.077637 1324.174561 1329.654785 1335.126709 1346.047119 1356.938965 1367.733154 1378.316650 1388.694214 1398.872559 1408.503540 1417.840210 1426.976562 1435.919800 1444.676514 1452.814697 1460.660645 1468.373901
 1316.040039 1316.469482 1317.185059 1317.900635 1318.616211 1319.331787 1320.047363 1320.762939 1321.449829 1321.478394 1322.119995 1322.761597 1323.403076 1324.044678 1324.686157 1325.302002 1325.327637 1326.425415 1327.522705 1328.619751 1334.099854 1339.571777 1350.492188 1361.383911 1372.177979 1382.761475 1393.138916 1403.317139 1412.947998 1422.284668 1431.420776 1440.363892 1449.120605 1457.258545 1465.104370 1472.817383
 1320.485718 1320.915039 1321.630615 1322.346191 1323.061768 1323.777344 1324.492920 1325.208496 1325.895386 1325.923950 1326.565552 1327.207153 1327.848633 1328.490234 1329.131714 1329.747681 1329.773193 1330.870972 1331.968262 1333.065308 1338.545410 1344.017334 1354.937622 1365.829468 1376.623413 1387.206909 1397.584351 1407.762451 1417.393311 1426.729858 1435.865967 1444.808960 1453.565552 1461.703491 1469.549072 1477.262085
 -999.000000 -999.000000 -999.000000 -999.000000 -999.000000 -999.000000 -999.000000 -999.000000 -999.000000 -999.000000 -999.000000 -999.000000 -999.000000 -999.000000 -999.000000 -999.000000 -999.000000 -999.000000 -999.000000 -999.000000 -999.000000 -999.000000 -999.000000 -999.000000 -999.000000 -999.000000 -999.000000 -999.000000 -999.000000 1431.175415 1440.311523 1449.254517 1458.010986 1466.148926 1473.994507 1481.707397
#
# dtdd (rows - delta, columns - depth)
#
    3.518796    3.516453    3.512119    3.514148    3.505310    3.487746 -999.000000 -999.000000 -999.000000 -999.000000 -999.000000 -999.000000 -999.000000 -999.000000 -999.000000 -999.000000 -999.000000 -999.000000 -999.000000 -999.000000 -999.000000 -999.000000 -999.000000 -999.000000 -999.000000 -999.000000 -999.000000 -999.000000 -999.000000 -999.000000 -999.000000 -999.000000 -999.000000 -999.000000 -999.000000 -999.000000
    3.798368    3.798135    3.797745    3.797355    3.796964    3.796572    3.796179    3.795785    3.795406    3.795391    3.794950    3.794507    3.794064    3.793620    3.793174    3.792746    3.792728    3.791681    3.790627    3.789568    3.784173    3.778609    3.766927    3.754421    3.740900    3.726099    3.709778    3.691609    3.670331    3.645493    3.615813    3.576837    3.504211 -999.000000 -999.000000 -999.000000
    3.912408    3.912255    3.911998    3.911742    3.911485    3.911227    3.910969    3.910711    3.910463    3.910453    3.910164    3.909874    3.909585    3.909295    3.909004    3.908724    3.908713    3.908031    3.907346    3.906659    3.903183    3.899636    3.892326    3.884709    3.876706    3.868183    3.859088    3.849361    3.838542    3.826755    3.813972    3.800049    3.784800    3.767049    3.746924    3.724384
    3.992894    3.992775    3.992577    3.992378    3.992179    3.991980    3.991780    3.991580    3.991388    3.991380    3.991156    3.990932    3.990708    3.990484    3.990259    3.990043    3.990034    3.989507    3.988978    3.988448    3.985768    3.983042    3.977445    3.971650    3.965606    3.959229    3.952495    3.945375    3.937560    3.929178    3.920249    3.910724    3.900546    3.889052    3.876503    3.862973
    4.055832    4.055736    4.055575    4.055414    4.055253    4.055092    4.054930    4.054768    4.054613    4.054606    4.054425    4.054244    4.054063    4.053881    4.053699    4.053524    4.053517    4.053090    4.052662    4.052233    4.050065    4.047860    4.043337    4.038659    4.033785    4.028648    4.023231    4.017525    4.011289    4.004632    3.997579    3.990101    3.982163    3.973267    3.963646    3.953411
    4.106633    4.106553    4.106419    4.106285    4.106151    4.106017    4.105882    4.105748    4.105618    4.105613    4.105462    4.105311    4.105161    4.105010    4.104858    4.104712    4.104707    4.104352    4.103996    4.103639    4.101838    4.100009    4.096263    4.092398    4.088382    4.084161    4.079722    4.075052    4.069951    4.064510    4.058751    4.052650    4.046181    4.038937    4.031114    4.022804
    4.148935    4.148867    4.148753    4.148639    4.148525    4.148411    4.148297    4.148182    4.148072    4.148067    4.147940    4.147811    4.147683    4.147555    4.147426    4.147303    4.147297    4.146996    4.146693    4.146390    4.144860    4.143306    4.140128    4.136852    4.133451    4.129881    4.126131    4.122190    4.117893    4.113317    4.108484    4.103380    4.097983    4.091961    4.085482    4.078627
    4.184876    4.184817    4.184719    4.184620    4.184521    4.184422    4.184323    4.184224    4.184128    4.184124    4.184013    4.183902    4.183791    4.183680    4.183569    4.183462    4.183457    4.183197    4.182935    4.182673    4.181349    4.180007    4.177261    4.174435    4.171505    4.168433    4.165211    4.161830    4.158147    4.154233    4.150105    4.145749    4.141149    4.136022    4.130515    4.124698
    4.216380    4.216326    4.216238    4.216149    4.216060    4.215971    4.215882    4.215793    4.215707    4.215704    4.215604    4.215505    4.215405    4.215305    4.215205    4.215109    4.215105    4.214870    4.214635    4.214400    4.213212    4.212008    4.209552    4.207030    4.204422    4.201695    4.198844    4.195861    4.192625    4.189197    4.185596    4.181812    4.177826    4.173390    4.168633    4.163619
    4.244467    4.244420    4.244341    4.244263    4.244184    4.244104    4.244025    4.243946    4.243870    4.243867    4.243778    4.243690    4.243601    4.243512    4.243423    4.243337    4.243334    4.243125    4.242916    4.242706    4.241646    4.240570    4.238366    4.236095    4.233746    4.231291    4.228723    4.226038    4.223124    4.220037    4.216796    4.213392    4.209814    4.205848    4.201612    4.197168
    4.268773    4.268732    4.268664    4.268596    4.268528    4.268459    4.268391    4.268322    4.268257    4.268254    4.268178    4.268101    4.268024    4.267948    4.267871    4.267797    4.267794    4.267613    4.267433    4.267251    4.266337    4.265409    4.263511    4.261555    4.259526    4.257397    4.255162    4.252815    4.250256    4.247533    4.244658    4.241620    4.238409    4.234831    4.231009    4.227000
    4.289919    4.289882    4.289822    4.289761    4.289700    4.289639    4.289578    4.289517    4.289458    4.289456    4.289387    4.289319    4.289251    4.289182    4.289114    4.289048    4.289045    4.288884    4.288723    4.288562    4.287748    4.286923    4.285242    4.283515    4.281732    4.279868    4.277921    4.275879    4.273657    4.271295    4.268804    4.266177    4.263404    4.260314    4.256996    4.253493
    4.308993    4.308960    4.308905    4.308849    4.308794    4.308738    4.308683    4.308627    4.308574    4.308571    4.308509    4.308447    4.308385    4.308322    4.308260    4.308200    4.308198    4.308052    4.307905    4.307758    4.307017    4.306267    4.304736    4.303164    4.301540    4.299844    4.298070    4.296216    4.294206    4.292078    4.289845    4.287500    4.285038    4.282311    4.279401    4.276347
    4.326245    4.326215    4.326165    4.326115    4.326065    4.326014    4.325964    4.325913    4.325865    4.325863    4.325807    4.325750    4.325694    4.325637    4.325581    4.325527    4.325524    4.325392    4.325259    4.325126    4.324454    4.323774    4.322385    4.320959    4.319484    4.317943    4.316330    4.314644    4.312814    4.310876    4.308842    4.306706    4.304463    4.301977    4.299325    4.296543
    4.341798    4.341771    4.341725    4.341680    4.341635    4.341589    4.341544    4.341498    4.341455    4.341453    4.341402    4.341351    4.341300    4.341249    4.341197    4.341148    4.341146    4.341027    4.340906    4.340786    4.340178    4.339562    4.338305    4.337015    4.335680    4.334284    4.332824    4.331297    4.329640    4.327884    4.326040    4.324102    4.322066    4.319807    4.317394    4.314862
    4.355621    4.355597    4.355557    4.355517    4.355477    4.355437    4.355397    4.355357    4.355319    4.355317    4.355272    4.355227    4.355182    4.355137    4.355092    4.355049    4.355047    4.354941    4.354835    4.354729    4.354192    4.353648    4.352536    4.351392    4.350205    4.348962    4.347659    4.346292    4.344804    4.343224    4.341558    4.339803    4.337958    4.335912    4.333725    4.331430
    4.367807    4.367785    4.367750    4.367714    4.367679    4.367643    4.367608    4.367572    4.367538    4.367537    4.367496    4.367457    4.367417    4.367377    4.367337    4.367298    4.367297    4.367203    4.367109    4.367014    4.366539    4.366056    4.365071    4.364058    4.363008    4.361908    4.360756    4.359548    4.358233    4.356837    4.355366    4.353817    4.352182    4.350364    4.348414    4.346360
    4.378657    4.378638    4.378606    4.378574    4.378543    4.378511    4.378479    4.378447    4.378417    4.378415    4.378379    4.378344    4.378308    4.378272    4.378236    4.378202    4.378201    4.378117    4.378032    4.377948    4.377522    4.377090    4.376207    4.375300    4.374361    4.373377    4.372348    4.371270    4.370098    4.368855    4.367547    4.366170    4.364722    4.363111    4.361385    4.359567
    4.388352    4.388335    4.388306    4.388278    4.388249    4.388221    4.388192    4.388164    4.388136    4.388135    4.388103    4.388071    4.388039    4.388007    4.387975    4.387944    4.387942    4.387867    4.387792    4.387716    4.387334    4.386947    4.386156    4.385343    4.384501    4.383621    4.382699    4.381733    4.380683    4.379570    4.378398    4.377165    4.375866    4.374424    4.372880    4.371255
    4.397027    4.397012    4.396987    4.396961    4.396935    4.396910    4.396884    4.396859    4.396834    4.396833    4.396804    4.396776    4.396747    4.396719    4.396689    4.396662    4.396661    4.396593    4.396525    4.396458    4.396115    4.395768    4.395059    4.394330    4.393575    4.392785    4.391957    4.391090    4.390149    4.389149    4.388098    4.386992    4.385828    4.384534    4.383150    4.381695
    4.404769    4.404756    4.404733    4.404710    4.404688    4.404665    4.404642    4.404619    4.404597    4.404596    4.404571    4.404545    4.404520    4.404494    4.404468    4.404443    4.404442    4.404382    4.404322    4.404261    4.403956    4.403646    4.403013    4.402362    4.401687    4.400981    4.400240    4.399465    4.398621    4.397726    4.396783    4.395792    4.394747    4.393586    4.392344    4.391037
    4.411646    4.411633    4.411613    4.411593    4.411573    4.411553    4.411532    4.411512    4.411493    4.411492    4.411469    4.411447    4.411424    4.411401    4.411378    4.411356    4.411355    4.411302    4.411248    4.411194    4.410923    4.410648    4.410085    4.409506    4.408906    4.408278    4.407619    4.406929    4.406177    4.405379    4.404538    4.403653    4.402720    4.401682    4.400570    4.399400
    4.417727    4.417717    4.417699    4.417681    4.417663    4.417645    4.417627    4.417609    4.417592    4.417592    4.417571    4.417551    4.417531    4.417511    4.417491    4.417471    4.417470    4.417423    4.417376    4.417328    4.417089    4.416845    4.416348    4.415835    4.415305    4.414748    4.414164    4.413551    4.412885    4.412176    4.411430    4.410643    4.409813    4.408890    4.407901    4.406858
    4.423076    4.423066    4.423050    4.423035    4.423019    4.423004    4.422988    4.422972    4.422957    4.422956    4.422939    4.422921    4.422904    4.422886    4.422868    4.422851    4.422851    4.422809    4.422767    4.422726    4.422515    4.422301    4.421865    4.421414    4.420947    4.420456    4.419941    4.419402    4.418813    4.418188    4.417528    4.416832    4.416099    4.415281    4.414404    4.413479
    4.427739    4.427731    4.427717    4.427704    4.427690    4.427677    4.427663    4.427649    4.427636    4.427636    4.427620    4.427605    4.427589    4.427574    4.427559    4.427544    4.427544    4.427507    4.427471    4.427435    4.427252    4.427066    4.426685    4.426293    4.425886    4.425458    4.425008    4.424536    4.424021    4.423473    4.422894    4.422284    4.421638    4.420918    4.420146    4.419330
    4.431767    4.431760    4.431749    4.431737    4.431726    4.431714    4.431702    4.431690    4.431679    4.431678    4.431665    4.431652    4.431639    4.431625    4.431612    4.431600    4.431599    4.431568    4.431537    4.431506    4.431348    4.431188    4.430860    4.430521    4.430170    4.429800    4.429411    4.429002    4.428555    4.428080    4.427577    4.427045    4.426484    4.425856    4.425181    4.424468
    4.435207    4.435201    4.435191    4.435181    4.435172    4.435162    4.435152    4.435142    4.435132    4.435132    4.435120    4.435109    4.435098    4.435087    4.435076    4.435065    4.435064    4.435038    4.435011    4.434985    4.434851    4.434715    4.434436    4.434147    4.433847    4.433531    4.433198    4.432848    4.432466    4.432057    4.431624    4.431167    4.430682    4.430140    4.429556    4.428938
    4.438097    4.438092    4.438084    4.438076    4.438067    4.438059    4.438051    4.438042    4.438035    4.438034    4.438025    4.438015    4.438006    4.437997    4.437987    4.437978    4.437978    4.437956    4.437934    4.437912    4.437800    4.437687    4.437454    4.437212    4.436960    4.436695    4.436415    4.436120    4.435796    4.435450    4.435083    4.434694    4.434281    4.433819    4.433320    4.432790
    4.440472    4.440467    4.440461    4.440454    4.440447    4.440441    4.440434    4.440427    4.440421    4.440421    4.440413    4.440405    4.440398    4.440390    4.440382    4.440375    4.440375    4.440357    4.440339    4.440321    4.440231    4.440138    4.439948    4.439751    4.439544    4.439326    4.439095    4.438852    4.438584    4.438297    4.437992    4.437667    4.437322    4.436934    4.436515    4.436068
    4.442363    4.442360    4.442355    4.442350    4.442345    4.442339    4.442334    4.442329    4.442324    4.442324    4.442317    4.442312    4.442306    4.442300    4.442294    4.442288    4.442288    4.442274    4.442260    4.442246    4.442175    4.442102    4.441953    4.441796    4.441633    4.441459    4.441275    4.441080    4.440864    4.440632    4.440385    4.440121    4.439839    4.439522    4.439176    4.438807
    4.443803    4.443800    4.443797    4.443793    4.443789    4.443785    4.443781    4.443777    4.443774    4.443773    4.443769    4.443765    4.443760    4.443756    4.443751    4.443748    4.443747    4.443737    4.443727    4.443716    4.443663    4.443609    4.443498    4.443380    4.443257    4.443125    4.442984    4.442834    4.442668    4.442488    4.442295    4.442088    4.441866    4.441614    4.441339    4.441043
    4.444818    4.444817    4.444814    4.444811    4.444809    4.444807    4.444804    4.444801    4.444799    4.444798    4.444796    4.444793    4.444790    4.444787    4.444784    4.444781    4.444781    4.444774    4.444767    4.444760    4.444725    4.444688    4.444612    4.444531    4.444445    4.444353    4.444253    4.444145    4.444025    4.443894    4.443752    4.443598    4.443432    4.443242    4.443032    4.442805
    4.445432    4.445431    4.445430    4.445429    4.445427    4.445426    4.445425    4.445423    4.445422    4.445422    4.445420    4.445419    4.445417    4.445416    4.445415    4.445413    4.445413    4.445409    4.445405    4.445402    4.445383    4.445363    4.445321    4.445274    4.445224    4.445168    4.445107    4.445040    4.444963    4.444878    4.444784    4.444681    4.444567    4.444435    4.444287    4.444124
    4.445665    4.445665    4.445665    4.445665    4.445665    4.445665    4.445664    4.445664    4.445664    4.445664    4.445664    4.445664    4.445663    4.445663    4.445663    4.445663    4.445663    4.445662    4.445662    4.445661    4.445658    4.445653    4.445643    4.445630    4.445613    4.445593    4.445568    4.445539    4.445504    4.445463    4.445415    4.445359    4.445295    4.445218    4.445128    4.445027
 -999.000000 -999.000000 -999.000000 -999.000000 -999.000000 -999.000000 -999.000000 -999.000000 -999.000000 -999.000000 -999.000000 -999.000000 -999.000000 -999.000000 -999.000000 -999.000000 -999.000000 -999.000000 -999.000000 -999.000000 -999.000000 -999.000000 -999.000000 -999.000000 -999.000000 -999.000000 -999.000000 -999.000000 -999.000000    4.445668    4.445663    4.445652    4.445636    4.445611    4.445577    4.445533
#
# dtdh (rows - delta, columns - depth)
#
    0.287279    0.287281    0.287284    0.287280    0.287288    0.287304 -999.000000 -999.000000 -999.000000 -999.000000 -999.000000 -999.000000 -999.000000 -999.000000 -999.000000 -999.000000 -999.000000 -999.000000 -999.000000 -999.000000 -999.000000 -999.000000 -999.000000 -999.000000 -999.000000 -999.000000 -999.000000 -999.000000 -999.000000 -999.000000 -999.000000 -999.000000 -999.000000 -999.000000 -999.000000 -999.000000
    0.286991    0.286990    0.286989    0.286988    0.286987    0.286985    0.286984    0.286983    0.286982    0.257473    0.257472    0.257471    0.257470    0.257468    0.257467    0.257466    0.220564    0.220502    0.220440    0.220378    0.220068    0.219760    0.219198    0.218674    0.214951    0.210832    0.206852    0.203014    0.190338    0.186362    0.182552    0.178899    0.175462 -999.000000 -999.000000 -999.000000
    0.286867    0.286866    0.286865    0.286863    0.286862    0.286860    0.286859    0.286858    0.286856    0.257333    0.257332    0.257330    0.257329    0.257327    0.257326    0.257324    0.220398    0.220335    0.220272    0.220210    0.219896    0.219583    0.219012    0.218478    0.214741    0.210604    0.206604    0.202745    0.190028    0.186016    0.182161    0.178445    0.174876    0.160482    0.157094    0.155711
    0.286777    0.286776    0.286775    0.286773    0.286772    0.286770    0.286769    0.286767    0.286766    0.257232    0.257230    0.257229    0.257227    0.257225    0.257224    0.257222    0.220279    0.220216    0.220152    0.220089    0.219773    0.219458    0.218882    0.218343    0.214598    0.210453    0.206444    0.202575    0.189838    0.185812    0.181942    0.178209    0.174621    0.160184    0.156767    0.155354
    0.286706    0.286705    0.286703    0.286701    0.286700    0.286698    0.286696    0.286695    0.286693    0.257152    0.257150    0.257148    0.257146    0.257144    0.257143    0.257141    0.220184    0.220120    0.220057    0.219993    0.219676    0.219359    0.218780    0.218237    0.214487    0.210335    0.206321    0.202444    0.189693    0.185659    0.181779    0.178036    0.174436    0.159973    0.156541    0.155113
    0.286647    0.286646    0.286644    0.286643    0.286641    0.286639    0.286638    0.286636    0.286634    0.257086    0.257084    0.257082    0.257080    0.257078    0.257076    0.257074    0.220106    0.220043    0.219979    0.219915    0.219596    0.219278    0.218696    0.218151    0.214396    0.210240    0.206220    0.202338    0.189576    0.185535    0.181648    0.177896    0.174288    0.159805    0.156362    0.154924
    0.286598    0.286597    0.286595    0.286593    0.286592    0.286590    0.286588    0.286586    0.286584    0.257030    0.257028    0.257026    0.257024    0.257022    0.257020    0.257019    0.220041    0.219977    0.219913    0.219849    0.219529    0.219210    0.218626    0.218079    0.214321    0.210161    0.206136    0.202250    0.189479    0.185432    0.181539    0.177782    0.174167    0.159667    0.156215    0.154770
    0.286556    0.286555    0.286553    0.286551    0.286549    0.286547    0.286545    0.286544    0.286542    0.256983    0.256981    0.256979    0.256977    0.256975    0.256973    0.256971    0.219985    0.219921    0.219857    0.219793    0.219472    0.219152    0.218566    0.218017    0.214256    0.210093    0.206065    0.202175    0.189397    0.185345    0.181448    0.177685    0.174064    0.159552    0.156092    0.154640
    0.286518    0.286517    0.286515    0.286513    0.286512    0.286510    0.286508    0.286506    0.286504    0.256941    0.256939    0.256937    0.256934    0.256932    0.256930    0.256928    0.219936    0.219871    0.219807    0.219743    0.219422    0.219101    0.218514    0.217963    0.214200    0.210034    0.206004    0.202111    0.189326    0.185270    0.181369    0.177602    0.173976    0.159452    0.155987    0.154530
    0.286485    0.286484    0.286482    0.286480    0.286478    0.286476    0.286474    0.286472    0.286470    0.256903    0.256901    0.256899    0.256897    0.256894    0.256892    0.256890    0.219891    0.219827    0.219762    0.219698    0.219376    0.219055    0.218466    0.217914    0.214149    0.209981    0.205948    0.202053    0.189262    0.185204    0.181299    0.177528    0.173899    0.159365    0.155895    0.154434
    0.286456    0.286454    0.286452    0.286450    0.286449    0.286447    0.286445    0.286443    0.286441    0.256870    0.256868    0.256866    0.256864    0.256861    0.256859    0.256857    0.219853    0.219788    0.219724    0.219659    0.219337    0.219015    0.218425    0.217871    0.214104    0.209934    0.205899    0.202001    0.189205    0.185144    0.181236    0.177462    0.173829    0.159287    0.155812    0.154348
    0.286430    0.286429    0.286427    0.286425    0.286423    0.286421    0.286419    0.286417    0.286415    0.256841    0.256839    0.256837    0.256835    0.256833    0.256830    0.256828    0.219819    0.219754    0.219690    0.219625    0.219302    0.218980    0.218389    0.217834    0.214065    0.209893    0.205856    0.201956    0.189156    0.185092    0.181181    0.177404    0.173768    0.159217    0.155739    0.154271
    0.286407    0.286406    0.286404    0.286402    0.286400    0.286398    0.286396    0.286394    0.286392    0.256815    0.256813    0.256811    0.256809    0.256806    0.256804    0.256802    0.219788    0.219723    0.219659    0.219594    0.219271    0.218948    0.218356    0.217801    0.214031    0.209857    0.205818    0.201916    0.189112    0.185046    0.181132    0.177353    0.173715    0.159157    0.155675    0.154204
    0.286386    0.286385    0.286383    0.286381    0.286378    0.286376    0.286374    0.286372    0.286370    0.256792    0.256789    0.256787    0.256785    0.256783    0.256780    0.256778    0.219760    0.219696    0.219631    0.219566    0.219242    0.218919    0.218327    0.217771    0.213999    0.209824    0.205784    0.201880    0.189073    0.185004    0.181089    0.177307    0.173666    0.159103    0.155618    0.154145
    0.286367    0.286366    0.286363    0.286361    0.286359    0.286357    0.286355    0.286353    0.286351    0.256770    0.256768    0.256766    0.256763    0.256761    0.256759    0.256757    0.219735    0.219670    0.219605    0.219541    0.219217    0.218893    0.218300    0.217743    0.213970    0.209794    0.205752    0.201847    0.189037    0.184967    0.181049    0.177265    0.173623    0.159054    0.155566    0.154090
    0.286350    0.286349    0.286346    0.286344    0.286342    0.286340    0.286338    0.286336    0.286334    0.256751    0.256749    0.256747    0.256744    0.256742    0.256740    0.256737    0.219713    0.219648    0.219583    0.219518    0.219194    0.218870    0.218276    0.217718    0.213944    0.209767    0.205724    0.201818    0.189004    0.184932    0.181013    0.177228    0.173583    0.159009    0.155518    0.154041
    0.286335    0.286334    0.286331    0.286329    0.286327    0.286325    0.286323    0.286321    0.286319    0.256734    0.256732    0.256730    0.256727    0.256725    0.256723    0.256720    0.219693    0.219628    0.219563    0.219498    0.219173    0.218849    0.218255    0.217696    0.213921    0.209743    0.205699    0.201791    0.188975    0.184902    0.180981    0.177194    0.173547    0.158969    0.155476    0.153997
    0.286321    0.286320    0.286318    0.286316    0.286314    0.286312    0.286310    0.286307    0.286305    0.256719    0.256717    0.256715    0.256712    0.256710    0.256707    0.256705    0.219675    0.219610    0.219545    0.219480    0.219155    0.218831    0.218236    0.217677    0.213901    0.209721    0.205676    0.201768    0.188949    0.184875    0.180952    0.177164    0.173516    0.158933    0.155438    0.153957
    0.286309    0.286308    0.286306    0.286304    0.286302    0.286300    0.286297    0.286295    0.286293    0.256706    0.256703    0.256701    0.256699    0.256696    0.256694    0.256692    0.219659    0.219594    0.219529    0.219464    0.219139    0.218814    0.218219    0.217660    0.213883    0.209702    0.205656    0.201747    0.188926    0.184851    0.180927    0.177137    0.173487    0.158901    0.155405    0.153922
    0.286299    0.286297    0.286295    0.286293    0.286291    0.286289    0.286287    0.286285    0.286282    0.256694    0.256691    0.256689    0.256686    0.256684    0.256682    0.256679    0.219645    0.219580    0.219515    0.219450    0.219124    0.218799    0.218204    0.217644    0.213867    0.209685    0.205639    0.201728    0.188906    0.184829    0.180904    0.177113    0.173462    0.158873    0.155375    0.153891
    0.286289    0.286288    0.286285    0.286283    0.286281    0.286279    0.286277    0.286275    0.286273    0.256683    0.256680    0.256678    0.256676    0.256673    0.256671    0.256668    0.219632    0.219567    0.219502    0.219437    0.219111    0.218786    0.218190    0.217630    0.213852    0.209670    0.205623    0.201712    0.188887    0.184810    0.180884    0.177092    0.173440    0.158847    0.155348    0.153863
    0.286280    0.286279    0.286277    0.286275    0.286273    0.286270    0.286268    0.286266    0.286264    0.256673    0.256671    0.256668    0.256666    0.256664    0.256661    0.256659    0.219621    0.219556    0.219490    0.219425    0.219100    0.218774    0.218178    0.217618    0.213839    0.209656    0.205608    0.201697    0.188871    0.184792    0.180866    0.177072    0.173419    0.158824    0.155323    0.153837
    0.286273    0.286271    0.286269    0.286267    0.286265    0.286263    0.286261    0.286259    0.286256    0.256665    0.256662    0.256660    0.256657    0.256655    0.256653    0.256650    0.219611    0.219546    0.219480    0.219415    0.219089    0.218764    0.218167    0.217606    0.213827    0.209644    0.205595    0.201683    0.188856    0.184777    0.180849    0.177055    0.173401    0.158804    0.155302    0.153815
    0.286266    0.286265    0.286263    0.286260    0.286258    0.286256    0.286254    0.286252    0.286250    0.256657    0.256655    0.256652    0.256650    0.256647    0.256645    0.256643    0.219602    0.219537    0.219471    0.219406    0.219080    0.218755    0.218158    0.217597    0.213817    0.209633    0.205584    0.201671    0.188843    0.184763    0.180835    0.177040    0.173385    0.158786    0.155283    0.153795
    0.286260    0.286259    0.286257    0.286255    0.286252    0.286250    0.286248    0.286246    0.286244    0.256650    0.256648    0.256646    0.256643    0.256641    0.256638    0.256636    0.219594    0.219529    0.219464    0.219398    0.219072    0.218747    0.218149    0.217588    0.213808    0.209624    0.205574    0.201661    0.188832    0.184751    0.180822    0.177026    0.173371    0.158770    0.155266    0.153777
    0.286255    0.286254    0.286252    0.286250    0.286247    0.286245    0.286243    0.286241    0.286239    0.256645    0.256642    0.256640    0.256637    0.256635    0.256633    0.256630    0.219587    0.219522    0.219457    0.219392    0.219066    0.218740    0.218142    0.217581    0.213800    0.209616    0.205566    0.201652    0.188822    0.184741    0.180811    0.177015    0.173359    0.158756    0.155251    0.153761
    0.286251    0.286250    0.286247    0.286245    0.286243    0.286241    0.286239    0.286236    0.286234    0.256640    0.256637    0.256635    0.256633    0.256630    0.256628    0.256625    0.219582    0.219516    0.219451    0.219386    0.219060    0.218734    0.218136    0.217574    0.213794    0.209609    0.205558    0.201644    0.188813    0.184732    0.180801    0.177005    0.173348    0.158744    0.155238    0.153748
    0.286247    0.286246    0.286244    0.286242    0.286239    0.286237    0.286235    0.286233    0.286231    0.256636    0.256633    0.256631    0.256629    0.256626    0.256624    0.256621    0.219577    0.219512    0.219446    0.219381    0.219055    0.218729    0.218131    0.217569    0.213788    0.209603    0.205552    0.201638    0.188806    0.184724    0.180793    0.176996    0.173339    0.158733    0.155227    0.153736
    0.286244    0.286243    0.286241    0.286239    0.286236    0.286234    0.286232    0.286230    0.286228    0.256633    0.256630    0.256628    0.256625    0.256623    0.256620    0.256618    0.219573    0.219508    0.219442    0.219377    0.219051    0.218725    0.218127    0.217565    0.213783    0.209598    0.205547    0.201632    0.188800    0.184717    0.180786    0.176989    0.173331    0.158724    0.155217    0.153726
    0.286242    0.286241    0.286238    0.286236    0.286234    0.286232    0.286230    0.286227    0.286225    0.256630    0.256627    0.256625    0.256622    0.256620    0.256618    0.256615    0.219570    0.219504    0.219439    0.219374    0.219047    0.218721    0.218123    0.217561    0.213780    0.209594    0.205543    0.201628    0.188795    0.184712    0.180781    0.176982    0.173324    0.158717    0.155209    0.153718
    0.286240    0.286239    0.286237    0.286234    0.286232    0.286230    0.286228    0.286226    0.286224    0.256628    0.256625    0.256623    0.256620    0.256618    0.256615    0.256613    0.219567    0.219502    0.219437    0.219371    0.219045    0.218719    0.218120    0.217558    0.213777    0.209591    0.205539    0.201624    0.188791    0.184708    0.180776    0.176978    0.173319    0.158711    0.155203    0.153711
    0.286239    0.286238    0.286235    0.286233    0.286231    0.286229    0.286226    0.286224    0.286222    0.256626    0.256624    0.256621    0.256619    0.256616    0.256614    0.256612    0.219566    0.219500    0.219435    0.219370    0.219043    0.218717    0.218119    0.217556    0.213775    0.209588    0.205537    0.201621    0.188788    0.184704    0.180773    0.176974    0.173315    0.158706    0.155198    0.153705
    0.286238    0.286237    0.286235    0.286232    0.286230    0.286228    0.286226    0.286224    0.286221    0.256625    0.256623    0.256621    0.256618    0.256616    0.256613    0.256611    0.219565    0.219499    0.219434    0.219369    0.219042    0.218716    0.218117    0.217555    0.213773    0.209587    0.205535    0.201619    0.188786    0.184702    0.180770    0.176971    0.173312    0.158703    0.155194    0.153701
    0.286238    0.286236    0.286234    0.286232    0.286230    0.286228    0.286225    0.286223    0.286221    0.256625    0.256623    0.256620    0.256618    0.256615    0.256613    0.256610    0.219564    0.219499    0.219433    0.219368    0.219042    0.218715    0.218117    0.217554    0.213772    0.209586    0.205534    0.201618    0.188785    0.184701    0.180769    0.176969    0.173310    0.158701    0.155191    0.153699
 -999.000000 -999.000000 -999.000000 -999.000000 -999.000000 -999.000000 -999.000000 -999.000000 -999.000000 -999.000000 -999.000000 -999.000000 -999.000000 -999.000000 -999.000000 -999.000000 -999.000000 -999.000000 -999.000000 -999.000000 -999.000000 -999.000000 -999.000000 -999.000000 -999.000000 -999.000000 -999.000000 -999.000000 -999.000000    0.184700    0.180768    0.176969    0.173309    0.158699    0.155190    0.153697
#
# bounce point delta (rows - delta, columns - depth)
#
    0.001671    0.001103    0.007115    0.003428    0.014300    0.005052 -999.000000 -999.000000 -999.000000 -999.000000 -999.000000 -999.000000 -999.000000 -999.000000 -999.000000 -999.000000 -999.000000 -999.000000 -999.000000 -999.000000 -999.000000 -999.000000 -999.000000 -999.000000 -999.000000 -999.000000 -999.000000 -999.000000 -999.000000 -999.000000 -999.000000 -999.000000 -999.000000 -999.000000 -999.000000 -999.000000
    0.001815    0.001218    0.007796    0.003785    0.015696    0.005654    0.020294    0.018196    0.020930    0.033051    0.022040    0.041248    0.029562    0.057692    0.034571    0.037004    0.065700    0.079688    0.093282    0.106124    0.171762    0.237632    0.370601    0.507121    0.647678    0.792741    0.942224    1.095949    1.258601    1.425484    1.594107    1.761286    1.910726 -999.000000 -999.000000 -999.000000
    0.001874    0.001266    0.008073    0.003933    0.016254    0.005885    0.021070    0.018775    0.021594    0.034193    0.022757    0.042710    0.030505    0.059542    0.035688    0.038206    0.067914    0.082353    0.096386    0.109699    0.177505    0.245791    0.383883    0.526122    0.673135    0.825562    0.983519    1.147100    1.321885    1.503566    1.690730    1.883321    2.081218    2.295283    2.515780    2.738932
    0.001916    0.001301    0.008270    0.004038    0.016650    0.006049    0.021622    0.019183    0.022063    0.035003    0.023262    0.043745    0.031170    0.060845    0.036475    0.039052    0.069474    0.084228    0.098567    0.112209    0.181504    0.251437    0.392940    0.538864    0.689888    0.846716    1.009516    1.178448    1.359428    1.548070    1.743060    1.944513    2.152534    2.379227    2.614619    2.855346
    0.001949    0.001328    0.008426    0.004122    0.016962    0.006179    0.022058    0.019503    0.022429    0.035639    0.023658    0.044558    0.031690    0.061863    0.037090    0.039713    0.070697    0.085697    0.100274    0.114173    0.184627    0.255838    0.399975    0.548719    0.702786    0.862911    1.029289    1.202114    1.387525    1.581039    1.781368    1.988689    2.203182    2.437648    2.681698    2.932087
    0.001976    0.001350    0.008551    0.004189    0.017215    0.006285    0.022412    0.019761    0.022726    0.036154    0.023978    0.045218    0.032110    0.062687    0.037587    0.040248    0.071687    0.086885    0.101654    0.115761    0.187146    0.259388    0.405641    0.556646    0.713145    0.875903    1.045134    1.221052    1.409969    1.607315    1.811811    2.023673    2.243122    2.483482    2.733979    2.991397
    0.001998    0.001369    0.008657    0.004246    0.017426    0.006374    0.022708    0.019977    0.022972    0.036584    0.024245    0.045769    0.032459    0.063372    0.038001    0.040694    0.072512    0.087876    0.102804    0.117085    0.189244    0.262341    0.410347    0.563218    0.721718    0.886631    1.058187    1.236616    1.428372    1.628806    1.836654    2.052161    2.275581    2.520672    2.776333    3.039384
    0.002017    0.001384    0.008746    0.004295    0.017606    0.006449    0.022961    0.020160    0.023182    0.036950    0.024472    0.046238    0.032757    0.063955    0.038353    0.041072    0.073215    0.088718    0.103782    0.118210    0.191026    0.264848    0.414338    0.568785    0.728971    0.895697    1.069204    1.249735    1.443865    1.646875    1.857509    2.076033    2.302724    2.551699    2.811570    3.079176
    0.002033    0.001398    0.008825    0.004337    0.017765    0.006516    0.023183    0.020320    0.023366    0.037272    0.024671    0.046650    0.033017    0.064466    0.038662    0.041404    0.073831    0.089457    0.104638    0.119197    0.192583    0.267038    0.417814    0.573621    0.735256    0.903533    1.078704    1.261023    1.457165    1.662354    1.875340    2.096409    2.325858    2.578105    2.841507    3.112926
    0.002048    0.001411    0.008896    0.004375    0.017906    0.006576    0.023382    0.020463    0.023530    0.037559    0.024849    0.047018    0.033250    0.064922    0.038937    0.041700    0.074381    0.090116    0.105404    0.120078    0.193975    0.268995    0.420920    0.577940    0.740863    0.910517    1.087159    1.271050    1.468954    1.676036    1.891051    2.114296    2.346086    2.601108    2.867491    3.142119
    0.002061    0.001421    0.008957    0.004408    0.018029    0.006627    0.023555    0.020587    0.023673    0.037809    0.025003    0.047338    0.033452    0.065318    0.039176    0.041957    0.074859    0.090689    0.106068    0.120843    0.195185    0.270698    0.423633    0.581728    0.745800    0.916687    1.094652    1.279963    1.479460    1.688258    1.905110    2.130320    2.364211    2.621703    2.890718    3.168156
    0.002072    0.001431    0.009010    0.004437    0.018136    0.006673    0.023706    0.020695    0.023796    0.038026    0.025137    0.047617    0.033627    0.065662    0.039384    0.042181    0.075275    0.091187    0.106646    0.121508    0.196235    0.272175    0.425981    0.584999    0.750058    0.922004    1.101110    1.287650    1.488536    1.698838    1.917315    2.144286    2.380087    2.639853    2.911303    3.191342
    0.002082    0.001439    0.009058    0.004463    0.018233    0.006713    0.023842    0.020793    0.023908    0.038222    0.025258    0.047868    0.033785    0.065972    0.039571    0.042382    0.075650    0.091636    0.107167    0.122108    0.197180    0.273505    0.428090    0.587929    0.753859    0.926737    1.106835    1.294437    1.496516    1.708105    1.927968    2.156434    2.393853    2.655553    2.929090    3.211391
    0.002092    0.001447    0.009102    0.004487    0.018320    0.006751    0.023966    0.020881    0.024009    0.038400    0.025367    0.048096    0.033928    0.066253    0.039740    0.042564    0.075989    0.092043    0.107639    0.122651    0.198037    0.274709    0.430000    0.590584    0.757307    0.931029    1.112029    1.300594    1.503752    1.716499    1.937600    2.167392    2.406233    2.669614    2.944938    3.229146
    0.002100    0.001454    0.009141    0.004508    0.018399    0.006784    0.024077    0.020960    0.024100    0.038560    0.025466    0.048302    0.034057    0.066506    0.039893    0.042729    0.076296    0.092410    0.108064    0.123141    0.198809    0.275795    0.431725    0.592983    0.760421    0.934907    1.116724    1.306164    1.510302    1.724102    1.946330    2.177331    2.417468    2.682384    2.959337    3.245281
    0.002107    0.001460    0.009176    0.004527    0.018470    0.006814    0.024176    0.021031    0.024181    0.038703    0.025554    0.048485    0.034172    0.066731    0.040029    0.042875    0.076569    0.092737    0.108443    0.123578    0.199498    0.276765    0.433267    0.595131    0.763216    0.938394    1.120952    1.311184    1.516211    1.730967    1.954217    2.186312    2.427625    2.693934    2.972371    3.259899
    0.002114    0.001466    0.009207    0.004544    0.018532    0.006840    0.024264    0.021093    0.024253    0.038829    0.025631    0.048647    0.034273    0.066930    0.040149    0.043005    0.076810    0.093025    0.108778    0.123963    0.200106    0.277620    0.434627    0.597026    0.765681    0.941472    1.124686    1.315625    1.521449    1.737065    1.961243    2.194338    2.436727    2.704314    2.984112    3.273091
    0.002119    0.001471    0.009235    0.004559    0.018587    0.006864    0.024342    0.021149    0.024316    0.038941    0.025700    0.048791    0.034364    0.067107    0.040256    0.043119    0.077024    0.093282    0.109075    0.124306    0.200646    0.278381    0.435835    0.598708    0.767869    0.944200    1.127994    1.319555    1.526080    1.742453    1.967445    2.201419    2.444758    2.713480    2.994493    3.284778
    0.002125    0.001475    0.009259    0.004572    0.018637    0.006885    0.024412    0.021199    0.024373    0.039041    0.025762    0.048919    0.034444    0.067265    0.040352    0.043222    0.077216    0.093511    0.109341    0.124613    0.201129    0.279061    0.436916    0.600212    0.769824    0.946638    1.130950    1.323065    1.530215    1.747260    1.972976    2.207727    2.451904    2.721623    3.003703    3.295134
    0.002129    0.001479    0.009281    0.004584    0.018681    0.006904    0.024475    0.021243    0.024424    0.039131    0.025817    0.049035    0.034516    0.067407    0.040437    0.043314    0.077387    0.093717    0.109580    0.124887    0.201562    0.279669    0.437883    0.601558    0.771574    0.948820    1.133595    1.326207    1.533915    1.751561    1.977923    2.213370    2.458296    2.728908    3.011940    3.304393
    0.002133    0.001482    0.009301    0.004595    0.018721    0.006920    0.024531    0.021283    0.024470    0.039211    0.025866    0.049138    0.034581    0.067533    0.040514    0.043396    0.077541    0.093901    0.109792    0.125132    0.201948    0.280213    0.438747    0.602762    0.773139    0.950773    1.135963    1.329019    1.537228    1.755414    1.982356    2.218426    2.464023    2.735436    3.019321    3.312687
    0.002137    0.001485    0.009319    0.004605    0.018756    0.006935    0.024581    0.021318    0.024510    0.039283    0.025910    0.049229    0.034638    0.067645    0.040581    0.043469    0.077677    0.094064    0.109981    0.125350    0.202291    0.280697    0.439516    0.603833    0.774533    0.952512    1.138073    1.331527    1.540184    1.758854    1.986316    2.222946    2.469146    2.741279    3.025931    3.320119
    0.002140    0.001488    0.009334    0.004613    0.018787    0.006949    0.024625    0.021349    0.024546    0.039346    0.025949    0.049310    0.034689    0.067745    0.040641    0.043534    0.077797    0.094208    0.110149    0.125543    0.202595    0.281125    0.440197    0.604782    0.775768    0.954055    1.139945    1.333754    1.542811    1.761911    1.989837    2.226967    2.473707    2.746484    3.031826    3.326752
    0.002143    0.001491    0.009348    0.004621    0.018814    0.006960    0.024664    0.021376    0.024577    0.039401    0.025983    0.049382    0.034733    0.067832    0.040694    0.043591    0.077903    0.094335    0.110296    0.125713    0.202863    0.281502    0.440797    0.605619    0.776858    0.955416    1.141598    1.335721    1.545132    1.764616    1.992954    2.230529    2.477751    2.751102    3.037058    3.332644
    0.002146    0.001493    0.009360    0.004627    0.018838    0.006970    0.024697    0.021400    0.024604    0.039450    0.026013    0.049444    0.034772    0.067908    0.040740    0.043640    0.077996    0.094446    0.110425    0.125861    0.203096    0.281831    0.441322    0.606351    0.777812    0.956610    1.143049    1.337448    1.547173    1.766995    1.995698    2.233668    2.481316    2.755178    3.041680    3.337855
    0.002148    0.001495    0.009370    0.004633    0.018859    0.006979    0.024727    0.021421    0.024628    0.039492    0.026038    0.049498    0.034806    0.067974    0.040780    0.043683    0.078076    0.094542    0.110536    0.125989    0.203299    0.282116    0.441776    0.606986    0.778640    0.957646    1.144310    1.338951    1.548950    1.769069    1.998094    2.236411    2.484436    2.758750    3.045736    3.342432
    0.002150    0.001496    0.009379    0.004637    0.018877    0.006987    0.024752    0.021439    0.024648    0.039527    0.026060    0.049544    0.034834    0.068030    0.040814    0.043720    0.078144    0.094624    0.110631    0.126099    0.203471    0.282360    0.442165    0.607530    0.779351    0.958537    1.145394    1.340246    1.550482    1.770860    2.000165    2.238786    2.487140    2.761850    3.049262    3.346417
    0.002151    0.001497    0.009386    0.004641    0.018891    0.006993    0.024773    0.021453    0.024665    0.039557    0.026079    0.049582    0.034858    0.068078    0.040843    0.043751    0.078202    0.094692    0.110711    0.126191    0.203617    0.282565    0.442494    0.607990    0.779953    0.959292    1.146316    1.341347    1.551788    1.772389    2.001935    2.240819    2.489459    2.764513    3.052296    3.349853
    0.002152    0.001499    0.009392    0.004645    0.018904    0.006998    0.024790    0.021466    0.024679    0.039582    0.026094    0.049614    0.034878    0.068117    0.040866    0.043776    0.078249    0.094749    0.110776    0.126267    0.203737    0.282735    0.442765    0.608372    0.780453    0.959920    1.147084    1.342267    1.552881    1.773672    2.003425    2.242533    2.491419    2.766769    3.054873    3.352777
    0.002153    0.001499    0.009397    0.004647    0.018913    0.007002    0.024804    0.021475    0.024690    0.039602    0.026106    0.049640    0.034894    0.068148    0.040885    0.043796    0.078287    0.094794    0.110829    0.126327    0.203833    0.282870    0.442983    0.608679    0.780857    0.960429    1.147708    1.343017    1.553776    1.774724    2.004650    2.243948    2.493042    2.768643    3.057019    3.355222
    0.002154    0.001500    0.009401    0.004649    0.018921    0.007005    0.024814    0.021483    0.024699    0.039617    0.026115    0.049659    0.034906    0.068171    0.040899    0.043811    0.078316    0.094829    0.110869    0.126373    0.203906    0.282975    0.443152    0.608917    0.781171    0.960827    1.148198    1.343608    1.554484    1.775561    2.005628    2.245083    2.494348    2.770159    3.058764    3.357217
    0.002155    0.001500    0.009403    0.004651    0.018926    0.007008    0.024822    0.021488    0.024705    0.039628    0.026122    0.049673    0.034915    0.068188    0.040910    0.043822    0.078336    0.094853    0.110897    0.126406    0.203959    0.283049    0.443273    0.609090    0.781401    0.961121    1.148562    1.344050    1.555016    1.776194    2.006374    2.245954    2.495358    2.771338    3.060131    3.358791
    0.002155    0.001501    0.009405    0.004652    0.018929    0.007009    0.024826    0.021491    0.024709    0.039634    0.026126    0.049681    0.034920    0.068199    0.040916    0.043829    0.078349    0.094868    0.110915    0.126427    0.203991    0.283096    0.443350    0.609201    0.781551    0.961315    1.148807    1.344351    1.555384    1.776638    2.006903    2.246578    2.496090    2.772203    3.061144    3.359969
    0.002155    0.001501    0.009405    0.004652    0.018930    0.007010    0.024828    0.021492    0.024710    0.039637    0.026127    0.049684    0.034922    0.068203    0.040918    0.043832    0.078354    0.094874    0.110922    0.126435    0.204005    0.283116    0.443385    0.609255    0.781627    0.961417    1.148939    1.344519    1.555596    1.776901    2.007226    2.246970    2.496559    2.772771    3.061823    3.360775
 -999.000000 -999.000000 -999.000000 -999.000000 -999.000000 -999.000000 -999.000000 -999.000000 -999.000000 -999.000000 -999.000000 -999.000000 -999.000000 -999.000000 -999.000000 -999.000000 -999.000000 -999.000000 -999.000000 -999.000000 -999.000000 -999.000000 -999.000000 -999.000000 -999.000000 -999.000000 -999.000000 -999.000000 -999.000000    1.776994    2.007353    2.247139    2.496779    2.773055    3.062185    3.361227
#
# ak135 travel-time table for sPKPab
#
