#
# ak135 travel-time table for SgSg
#
# number of distance and depth samples
33 9
# delta samples
0.000 0.025 0.050 0.100 0.250 0.500 0.750 1.000 1.500 2.000 2.500 3.000 3.500 4.000 4.500 5.000 5.500 6.000 6.500 7.000 7.500 8.000 8.500 9.000 10.000 
11.000 12.000 13.000 14.000 15.000 16.000 17.000 18.000 
# depth samples
    0.000000    1.000000    2.500000    5.000000    7.500000   10.000000   12.500000   15.000000   17.500000
#
# travel times (rows - delta, columns - depth)
#
    0.001845 -999.000000 -999.000000 -999.000000 -999.000000 -999.000000 -999.000000 -999.000000 -999.000000
    0.803436 -999.000000 -999.000000 -999.000000 -999.000000 -999.000000 -999.000000 -999.000000 -999.000000
    1.606867 -999.000000 -999.000000 -999.000000 -999.000000 -999.000000 -999.000000 -999.000000 -999.000000
    3.213730 -999.000000 -999.000000 -999.000000 -999.000000 -999.000000 -999.000000 -999.000000 -999.000000
    8.034318 -999.000000 -999.000000 -999.000000 -999.000000 -999.000000 -999.000000 -999.000000 -999.000000
   16.068623 -999.000000 -999.000000 -999.000000 -999.000000 -999.000000 -999.000000 -999.000000 -999.000000
   24.102907 -999.000000 -999.000000 -999.000000 -999.000000 -999.000000 -999.000000 -999.000000 -999.000000
   32.137165 -999.000000 -999.000000 -999.000000 -999.000000 -999.000000 -999.000000 -999.000000 -999.000000
   48.205551 -999.000000 -999.000000 -999.000000 -999.000000 -999.000000 -999.000000 -999.000000 -999.000000
   64.273712 -999.000000 -999.000000 -999.000000 -999.000000 -999.000000 -999.000000 -999.000000 -999.000000
   80.341560 -999.000000 -999.000000 -999.000000 -999.000000 -999.000000 -999.000000 -999.000000 -999.000000
   96.409027 -999.000000 -999.000000 -999.000000 -999.000000 -999.000000 -999.000000 -999.000000 -999.000000
  112.476044  112.472946 -999.000000 -999.000000 -999.000000 -999.000000 -999.000000 -999.000000 -999.000000
  128.542511  128.538666 -999.000000 -999.000000 -999.000000 -999.000000 -999.000000 -999.000000 -999.000000
  144.608383  144.603836 -999.000000 -999.000000 -999.000000 -999.000000 -999.000000 -999.000000 -999.000000
  160.673553  160.668304  160.663727 -999.000000 -999.000000 -999.000000 -999.000000 -999.000000 -999.000000
  176.737976  176.731995  176.725769 -999.000000 -999.000000 -999.000000 -999.000000 -999.000000 -999.000000
  192.801544  192.794815  192.787201 -999.000000 -999.000000 -999.000000 -999.000000 -999.000000 -999.000000
  208.864197  208.856689  208.847855 -999.000000 -999.000000 -999.000000 -999.000000 -999.000000 -999.000000
  224.925858  224.917603  224.907623  224.898788 -999.000000 -999.000000 -999.000000 -999.000000 -999.000000
  240.986450  240.977478  240.966400  240.954498 -999.000000 -999.000000 -999.000000 -999.000000 -999.000000
  257.045898  257.036224  257.024048  257.009460 -999.000000 -999.000000 -999.000000 -999.000000 -999.000000
  273.104126  273.093781  273.080475  273.063446  273.055542 -999.000000 -999.000000 -999.000000 -999.000000
  289.161041  289.150055  289.135620  289.116302  289.104980 -999.000000 -999.000000 -999.000000 -999.000000
  321.270660  321.258423  321.241699  321.218170  321.201294  321.192017 -999.000000 -999.000000 -999.000000
  353.374176  353.360687  353.341766  353.314331  353.292542  353.276611  353.268921 -999.000000 -999.000000
  385.470978  385.456207  385.435181  385.403931  385.377533  385.356201  385.341339  385.334198 -999.000000
  417.560394  417.544342  417.521332  417.486328  417.455566  417.429504  417.408905  417.394073  417.386658
  449.641876  449.624542  449.599548  449.560852  449.526062  449.495636  449.469818  449.448822  449.433624
  481.714813  481.696167  481.669220  481.626984  481.588348  481.553619  481.522980  481.496582  481.475128
  513.778564  513.758667  513.729736  513.684021  513.641663  513.602783  513.567566 -999.000000 -999.000000
  545.832581  545.811401  545.780457  545.731323  545.685303 -999.000000 -999.000000 -999.000000 -999.000000
  577.876160  577.853699 -999.000000 -999.000000 -999.000000 -999.000000 -999.000000 -999.000000 -999.000000
#
# dtdd (rows - delta, columns - depth)
#
   32.137260 -999.000000 -999.000000 -999.000000 -999.000000 -999.000000 -999.000000 -999.000000 -999.000000
   32.137260 -999.000000 -999.000000 -999.000000 -999.000000 -999.000000 -999.000000 -999.000000 -999.000000
   32.137260 -999.000000 -999.000000 -999.000000 -999.000000 -999.000000 -999.000000 -999.000000 -999.000000
   32.137257 -999.000000 -999.000000 -999.000000 -999.000000 -999.000000 -999.000000 -999.000000 -999.000000
   32.137241 -999.000000 -999.000000 -999.000000 -999.000000 -999.000000 -999.000000 -999.000000 -999.000000
   32.137184 -999.000000 -999.000000 -999.000000 -999.000000 -999.000000 -999.000000 -999.000000 -999.000000
   32.137089 -999.000000 -999.000000 -999.000000 -999.000000 -999.000000 -999.000000 -999.000000 -999.000000
   32.136955 -999.000000 -999.000000 -999.000000 -999.000000 -999.000000 -999.000000 -999.000000 -999.000000
   32.136570 -999.000000 -999.000000 -999.000000 -999.000000 -999.000000 -999.000000 -999.000000 -999.000000
   32.136032 -999.000000 -999.000000 -999.000000 -999.000000 -999.000000 -999.000000 -999.000000 -999.000000
   32.135345 -999.000000 -999.000000 -999.000000 -999.000000 -999.000000 -999.000000 -999.000000 -999.000000
   32.134502 -999.000000 -999.000000 -999.000000 -999.000000 -999.000000 -999.000000 -999.000000 -999.000000
   32.133511   32.131866 -999.000000 -999.000000 -999.000000 -999.000000 -999.000000 -999.000000 -999.000000
   32.132362   32.130947 -999.000000 -999.000000 -999.000000 -999.000000 -999.000000 -999.000000 -999.000000
   32.131065   32.129684 -999.000000 -999.000000 -999.000000 -999.000000 -999.000000 -999.000000 -999.000000
   32.129612   32.128189   32.124523 -999.000000 -999.000000 -999.000000 -999.000000 -999.000000 -999.000000
   32.128010   32.126518   32.123531 -999.000000 -999.000000 -999.000000 -999.000000 -999.000000 -999.000000
   32.126251   32.124714   32.122112 -999.000000 -999.000000 -999.000000 -999.000000 -999.000000 -999.000000
   32.124340   32.122803   32.120472 -999.000000 -999.000000 -999.000000 -999.000000 -999.000000 -999.000000
   32.122276   32.120800   32.118580   32.111912 -999.000000 -999.000000 -999.000000 -999.000000 -999.000000
   32.120060   32.118660   32.116451   32.110786 -999.000000 -999.000000 -999.000000 -999.000000 -999.000000
   32.117687   32.116344   32.114117   32.109016 -999.000000 -999.000000 -999.000000 -999.000000 -999.000000
   32.115166   32.113857   32.111603   32.106873   32.099346 -999.000000 -999.000000 -999.000000 -999.000000
   32.112488   32.111206   32.108925   32.104477   32.098274 -999.000000 -999.000000 -999.000000 -999.000000
   32.106674   32.105415   32.103157   32.099148   32.094028   32.086334 -999.000000 -999.000000 -999.000000
   32.100246   32.098984   32.096855   32.093006   32.088268   32.082378   32.073975 -999.000000 -999.000000
   32.093208   32.091930   32.089890   32.086105   32.081612   32.076614   32.070370   32.061432 -999.000000
   32.085564   32.084267   32.082275   32.078556   32.074348   32.069874   32.064457   32.057720   32.048717
   32.077309   32.076012   32.074043   32.070446   32.066509   32.062191   32.057186   32.051476   32.044624
   32.068447   32.067165   32.065197   32.061687   32.057899   32.053692   32.049000   32.043903   32.038090
   32.058975   32.057705   32.055729   32.052273   32.048580   32.044510   32.040138 -999.000000 -999.000000
   32.048893   32.047623   32.045650   32.042236   32.038609 -999.000000 -999.000000 -999.000000 -999.000000
   32.038197   32.036930 -999.000000 -999.000000 -999.000000 -999.000000 -999.000000 -999.000000 -999.000000
#
# dtdh (rows - delta, columns - depth)
#
   -0.000001 -999.000000 -999.000000 -999.000000 -999.000000 -999.000000 -999.000000 -999.000000 -999.000000
   -0.000032 -999.000000 -999.000000 -999.000000 -999.000000 -999.000000 -999.000000 -999.000000 -999.000000
   -0.000063 -999.000000 -999.000000 -999.000000 -999.000000 -999.000000 -999.000000 -999.000000 -999.000000
   -0.000126 -999.000000 -999.000000 -999.000000 -999.000000 -999.000000 -999.000000 -999.000000 -999.000000
   -0.000316 -999.000000 -999.000000 -999.000000 -999.000000 -999.000000 -999.000000 -999.000000 -999.000000
   -0.000632 -999.000000 -999.000000 -999.000000 -999.000000 -999.000000 -999.000000 -999.000000 -999.000000
   -0.000948 -999.000000 -999.000000 -999.000000 -999.000000 -999.000000 -999.000000 -999.000000 -999.000000
   -0.001263 -999.000000 -999.000000 -999.000000 -999.000000 -999.000000 -999.000000 -999.000000 -999.000000
   -0.001895 -999.000000 -999.000000 -999.000000 -999.000000 -999.000000 -999.000000 -999.000000 -999.000000
   -0.002525 -999.000000 -999.000000 -999.000000 -999.000000 -999.000000 -999.000000 -999.000000 -999.000000
   -0.003156 -999.000000 -999.000000 -999.000000 -999.000000 -999.000000 -999.000000 -999.000000 -999.000000
   -0.003786 -999.000000 -999.000000 -999.000000 -999.000000 -999.000000 -999.000000 -999.000000 -999.000000
   -0.004416   -0.001344 -999.000000 -999.000000 -999.000000 -999.000000 -999.000000 -999.000000 -999.000000
   -0.005045   -0.002567 -999.000000 -999.000000 -999.000000 -999.000000 -999.000000 -999.000000 -999.000000
   -0.005675   -0.003627 -999.000000 -999.000000 -999.000000 -999.000000 -999.000000 -999.000000 -999.000000
   -0.006304   -0.004575   -0.000808 -999.000000 -999.000000 -999.000000 -999.000000 -999.000000 -999.000000
   -0.006934   -0.005442   -0.002413 -999.000000 -999.000000 -999.000000 -999.000000 -999.000000 -999.000000
   -0.007564   -0.006244   -0.003632 -999.000000 -999.000000 -999.000000 -999.000000 -999.000000 -999.000000
   -0.008194   -0.006994   -0.004661 -999.000000 -999.000000 -999.000000 -999.000000 -999.000000 -999.000000
   -0.008825   -0.007702   -0.005618   -0.000815 -999.000000 -999.000000 -999.000000 -999.000000 -999.000000
   -0.009455   -0.008394   -0.006529   -0.002556 -999.000000 -999.000000 -999.000000 -999.000000 -999.000000
   -0.010085   -0.009083   -0.007400   -0.003967 -999.000000 -999.000000 -999.000000 -999.000000 -999.000000
   -0.010715   -0.009768   -0.008237   -0.005185   -0.000660 -999.000000 -999.000000 -999.000000 -999.000000
   -0.011346   -0.010449   -0.009042   -0.006273   -0.002452 -999.000000 -999.000000 -999.000000 -999.000000
   -0.012606   -0.011802   -0.010571   -0.008189   -0.005301   -0.001586 -999.000000 -999.000000 -999.000000
   -0.013867   -0.013141   -0.012020   -0.009950   -0.007621   -0.004807   -0.001093 -999.000000 -999.000000
   -0.015127   -0.014468   -0.013441   -0.011614   -0.009628   -0.007287   -0.004469   -0.000915 -999.000000
   -0.016387   -0.015783   -0.014840   -0.013195   -0.011423   -0.009391   -0.007124   -0.004493   -0.001182
   -0.017645   -0.017087   -0.016217   -0.014706   -0.013086   -0.011321   -0.009413   -0.007260   -0.004767
   -0.018903   -0.018381   -0.017575   -0.016179   -0.014697   -0.013129   -0.011456   -0.009600   -0.007535
   -0.020161   -0.019671   -0.018922   -0.017625   -0.016261   -0.014837   -0.013317 -999.000000 -999.000000
   -0.021418   -0.020958   -0.020257   -0.019046   -0.017783 -999.000000 -999.000000 -999.000000 -999.000000
   -0.022675   -0.022241 -999.000000 -999.000000 -999.000000 -999.000000 -999.000000 -999.000000 -999.000000
#
# ak135 travel-time table for SgSg
#
