#
# ak135 travel-time table for SP
#
# number of distance and depth samples
55 37
# delta samples
85.000 86.000 87.000 88.000 89.000 90.000 91.000 92.000 93.000 94.000 95.000 96.000 97.000 98.000 99.000 100.000 101.000 102.000 103.000 104.000 105.000 106.000 107.000 108.000 109.000 
110.000 111.000 112.000 113.000 114.000 115.000 116.000 117.000 118.000 119.000 120.000 121.000 122.000 123.000 124.000 125.000 126.000 127.000 128.000 129.000 130.000 131.000 132.000 133.000 134.000 
135.000 136.000 137.000 138.000 139.000 
# depth samples
    0.000000    1.000000    2.500000    5.000000    7.500000   10.000000   12.500000   15.000000   17.500000   19.900000   20.000000   22.500000   25.000000   27.500000   30.000000   32.500000   34.900000   35.000000   40.000000   45.000000   50.000000   75.000000  100.000000  150.000000  200.000000  250.000000  300.000000  350.000000  400.000000  450.000000  500.000000  550.000000  600.000000  650.000000  700.000000  750.000000  800.000000
#
# travel times (rows - delta, columns - depth)
#
 -999.000000 -999.000000 -999.000000 -999.000000 -999.000000 -999.000000 -999.000000 -999.000000 -999.000000 -999.000000 -999.000000 -999.000000 -999.000000 -999.000000 -999.000000 -999.000000 -999.000000 -999.000000 -999.000000 -999.000000 -999.000000 -999.000000 -999.000000 -999.000000 -999.000000 -999.000000 -999.000000 -999.000000 -999.000000 -999.000000 -999.000000 -999.000000 -999.000000 -999.000000 -999.000000 1315.933350 1310.250366
 -999.000000 -999.000000 -999.000000 -999.000000 -999.000000 -999.000000 -999.000000 -999.000000 -999.000000 -999.000000 -999.000000 -999.000000 -999.000000 -999.000000 -999.000000 -999.000000 -999.000000 -999.000000 -999.000000 -999.000000 -999.000000 -999.000000 -999.000000 -999.000000 -999.000000 -999.000000 -999.000000 -999.000000 -999.000000 -999.000000 -999.000000 -999.000000 1346.401733 1339.268921 1332.949341 1327.045044 1321.357422
 -999.000000 -999.000000 -999.000000 -999.000000 -999.000000 -999.000000 -999.000000 -999.000000 -999.000000 -999.000000 -999.000000 -999.000000 -999.000000 -999.000000 -999.000000 -999.000000 -999.000000 -999.000000 -999.000000 -999.000000 -999.000000 -999.000000 -999.000000 -999.000000 -999.000000 -999.000000 -999.000000 -999.000000 -999.000000 1380.474854 1372.558594 1364.906982 1357.515259 1350.380127 1344.056396 1338.145874 1332.449707
 -999.000000 -999.000000 -999.000000 -999.000000 -999.000000 -999.000000 -999.000000 -999.000000 -999.000000 -999.000000 -999.000000 -999.000000 -999.000000 -999.000000 -999.000000 -999.000000 -999.000000 -999.000000 -999.000000 -999.000000 -999.000000 -999.000000 -999.000000 -999.000000 -999.000000 -999.000000 1418.000000 1408.813721 1399.874634 1391.588623 1383.670532 1376.015991 1368.620361 1361.479858 1355.148560 1349.228271 1343.520020
 -999.000000 -999.000000 -999.000000 -999.000000 -999.000000 -999.000000 -999.000000 -999.000000 -999.000000 -999.000000 -999.000000 -999.000000 -999.000000 -999.000000 -999.000000 -999.000000 -999.000000 -999.000000 -999.000000 -999.000000 -999.000000 1472.892456 1467.937866 1458.067627 1448.246704 1438.552856 1429.113159 1419.925171 1410.983521 1402.694336 1394.771851 1387.111694 1379.709229 1372.560547 1366.218506 1360.285034 1354.561157
 1500.978027 1500.706909 1500.300171 1499.622192 1498.944336 1498.266479 1497.588623 1496.910889 1496.233154 1495.582520 1495.555542 1494.956421 1494.357422 1493.758545 1493.159668 1492.560791 1491.985962 1491.962036 1490.965698 1489.969849 1488.974609 1484.006104 1479.050903 1469.179199 1459.356323 1449.659912 1440.217163 1431.025269 1422.079102 1413.784058 1405.854736 1398.186646 1390.774658 1383.614990 1377.259277 1371.309692 1365.567993
 1512.086670 1511.815552 1511.408691 1510.730713 1510.052734 1509.374756 1508.696899 1508.019043 1507.341187 1506.690552 1506.663452 1506.064331 1505.465210 1504.866211 1504.267212 1503.668335 1503.093384 1503.069458 1502.072876 1501.076782 1500.081299 1495.111450 1490.154663 1480.279541 1470.453003 1460.752197 1451.304199 1442.106445 1433.153687 1424.850586 1416.911987 1409.233276 1401.809570 1394.636841 1388.265259 1382.297607 1376.535889
 1523.181641 1522.910400 1522.503418 1521.825317 1521.147217 1520.469116 1519.791016 1519.113037 1518.435059 1517.784302 1517.757202 1517.157837 1516.558594 1515.959473 1515.360229 1514.761108 1514.186035 1514.162109 1513.165039 1512.168579 1511.172607 1506.200562 1501.241455 1491.361206 1481.528931 1471.821899 1462.366943 1453.161377 1444.199829 1435.886719 1427.937012 1420.245972 1412.808838 1405.621216 1399.232056 1393.244629 1387.461060
 1534.255127 1533.983765 1533.576782 1532.898315 1532.220093 1531.541748 1530.863525 1530.185303 1529.507080 1528.856079 1528.828979 1528.229492 1527.630005 1527.030518 1526.431152 1525.831665 1525.256348 1525.232544 1524.234863 1523.237793 1522.241211 1517.265991 1512.303589 1502.416626 1492.576904 1482.861938 1473.398315 1464.183350 1455.211792 1446.887207 1438.924683 1431.219971 1423.767944 1416.564087 1410.155640 1404.146606 1398.339355
 1545.299805 1545.028320 1544.621094 1543.942505 1543.263916 1542.585327 1541.906860 1541.228394 1540.549927 1539.898560 1539.871582 1539.271606 1538.671875 1538.072144 1537.472412 1536.872681 1536.296997 1536.273193 1535.274780 1534.276978 1533.279541 1528.300537 1523.334351 1513.439087 1503.590698 1493.866577 1484.393066 1475.167603 1466.184692 1457.847412 1449.870972 1442.151245 1434.682739 1427.461182 1421.031738 1414.999146 1409.166382
 1556.309570 1556.037964 1555.630615 1554.951660 1554.272827 1553.593994 1552.915161 1552.236328 1551.557495 1550.906006 1550.878906 1550.278687 1549.678467 1549.078369 1548.478271 1547.878296 1547.302246 1547.278442 1546.279175 1545.280396 1544.282227 1539.298828 1534.328125 1524.423584 1514.565552 1504.831177 1495.346924 1486.109863 1477.114502 1468.763184 1460.771484 1453.035156 1445.548950 1438.308105 1431.856079 1425.798340 1419.938721
 1567.279785 1567.008057 1566.600464 1565.921265 1565.242065 1564.562866 1563.883667 1563.204468 1562.525391 1561.873535 1561.846313 1561.245728 1560.645264 1560.044678 1559.444214 1558.843872 1558.267456 1558.243530 1557.243286 1556.243652 1555.244507 1550.256348 1545.280640 1535.365845 1525.497314 1515.751709 1506.255493 1497.005615 1487.996582 1479.630005 1471.621704 1463.867554 1456.362183 1449.100830 1442.625000 1436.541504 1430.654663
 1578.206177 1577.934326 1577.526489 1576.846802 1576.167236 1575.487671 1574.808105 1574.128540 1573.449097 1572.796875 1572.769653 1572.168701 1571.567749 1570.966797 1570.365845 1569.765015 1569.188232 1569.164307 1568.162964 1567.162354 1566.162109 1561.168579 1556.187378 1546.261475 1536.381104 1526.623291 1517.114014 1507.850342 1498.826538 1490.443481 1482.417480 1474.644531 1467.119141 1459.836914 1453.337036 1447.227539 1441.313477
 1589.083984 1588.811890 1588.403931 1587.723877 1587.043823 1586.363770 1585.683838 1585.003906 1584.323975 1583.671387 1583.644165 1583.042725 1582.441284 1581.839844 1581.238525 1580.637085 1580.059937 1580.035889 1579.033569 1578.031738 1577.030396 1572.031006 1567.043823 1557.105713 1547.212769 1537.441650 1527.918335 1518.639893 1509.600586 1501.200439 1493.156250 1485.364258 1477.818726 1470.515381 1463.991211 1457.855713 1451.914062
 1599.908691 1599.636475 1599.228149 1598.547607 1597.867188 1597.186646 1596.506226 1595.825928 1595.145508 1594.492432 1594.465210 1593.863281 1593.261353 1592.659424 1592.057495 1591.455688 1590.877930 1590.854004 1589.850342 1588.847290 1587.844604 1582.838989 1577.845581 1567.894409 1557.988037 1548.203247 1538.665527 1529.371948 1520.316895 1511.899414 1503.836914 1496.025635 1488.459839 1481.135132 1474.586792 1468.424805 1462.455322
 1610.676392 1610.403931 1609.995361 1609.314331 1608.633423 1607.952515 1607.271606 1606.590820 1605.910034 1605.256470 1605.229248 1604.626709 1604.024170 1603.421753 1602.819336 1602.217041 1601.638794 1601.614746 1600.609863 1599.605469 1598.601562 1593.589600 1588.589600 1578.625122 1568.705200 1558.906372 1549.354126 1540.045288 1530.974365 1522.539551 1514.458496 1506.627808 1499.041626 1491.695312 1485.122070 1478.933105 1472.934937
 1621.385376 1621.112793 1620.703979 1620.022461 1619.341064 1618.659668 1617.978394 1617.296997 1616.615723 1615.961792 1615.934570 1615.331421 1614.728394 1614.125488 1613.522461 1612.919556 1612.340820 1612.316772 1611.310669 1610.304932 1609.299805 1604.281250 1599.274658 1589.296875 1579.363281 1569.550293 1559.983276 1550.659180 1541.572144 1533.119751 1525.020020 1517.169434 1509.562256 1502.193726 1495.594971 1489.378174 1483.350708
 1632.034790 1631.761963 1631.352905 1630.670898 1629.989014 1629.307251 1628.625366 1627.943604 1627.261841 1626.607300 1626.580078 1625.976440 1625.372925 1624.769409 1624.165894 1623.562500 1622.983154 1622.959106 1621.951660 1620.944702 1619.938232 1614.912964 1609.899780 1599.908447 1589.961060 1580.133911 1570.552002 1561.212280 1552.108765 1543.638306 1535.519165 1527.648193 1520.019409 1512.628052 1506.003174 1499.758057 1493.700562
 1642.623535 1642.350586 1641.941162 1641.258667 1640.576294 1639.894043 1639.211670 1638.529419 1637.847168 1637.192261 1637.165039 1636.560791 1635.956665 1635.352661 1634.748657 1634.144653 1633.564819 1633.540771 1632.531860 1631.523682 1630.515869 1625.484009 1620.463989 1610.458862 1600.497314 1590.655396 1581.058105 1571.702271 1562.581909 1554.092773 1545.953857 1538.061890 1530.410889 1522.996216 1516.344604 1510.070801 1503.983643
 1653.149902 1652.876709 1652.467041 1651.784180 1651.101196 1650.418457 1649.735596 1649.052856 1648.370117 1647.714722 1647.687378 1647.082642 1646.478027 1645.873413 1645.268799 1644.664185 1644.083862 1644.059692 1643.049561 1642.039917 1641.030762 1635.991943 1630.965088 1620.945679 1610.969482 1601.112549 1591.499390 1582.126831 1572.989136 1564.480835 1556.321533 1548.408081 1540.734741 1533.296509 1526.618530 1520.316528 1514.200073
 1663.611450 1663.338135 1662.928101 1662.244629 1661.561279 1660.877930 1660.194580 1659.511353 1658.828003 1658.172119 1658.144897 1657.539551 1656.934326 1656.329102 1655.723877 1655.118774 1654.537842 1654.513672 1653.502075 1652.491089 1651.480469 1646.434570 1641.400513 1631.366455 1621.375244 1611.502686 1601.873291 1592.483765 1583.328247 1574.800659 1566.620850 1558.686157 1550.990723 1543.529419 1536.825439 1530.495728 1524.350586
 1674.005737 1673.732178 1673.321777 1672.637817 1671.953979 1671.270142 1670.586304 1669.902466 1669.218628 1668.562256 1668.534912 1667.928955 1667.323120 1666.717285 1666.111572 1665.505737 1664.924316 1664.900146 1663.887085 1662.874634 1661.862549 1656.809448 1651.767944 1641.718872 1631.712280 1621.823975 1612.178223 1602.771729 1593.598633 1585.051880 1576.852051 1568.896484 1561.179199 1553.695190 1546.965698 1540.608887 1534.365845
 1684.330688 1684.056885 1683.646118 1682.961670 1682.277222 1681.592773 1680.908447 1680.224121 1679.539795 1678.882812 1678.855469 1678.249023 1677.642578 1677.036133 1676.429688 1675.823364 1675.241211 1675.217041 1674.202637 1673.188721 1672.175171 1667.114746 1662.065796 1652.001709 1641.979980 1632.076172 1622.414307 1612.991211 1603.800781 1595.235229 1587.015625 1579.039429 1571.300659 1563.794312 1556.788452 1550.100464 1543.590210
 1694.585815 1694.311768 1693.900757 1693.215820 1692.530884 1691.845947 1691.161011 1690.476074 1689.791260 1689.133789 1689.106445 1688.499268 1687.892334 1687.285278 1686.678223 1686.071289 1685.488647 1685.464478 1684.448486 1683.433228 1682.418213 1677.350586 1672.294312 1662.215576 1652.178955 1642.259888 1632.582153 1623.142578 1613.935059 1605.351074 1597.068359 1588.836304 1580.835327 1573.060303 1566.009888 1559.317505 1552.802124
 1704.771851 1704.497559 1704.086304 1703.400757 1702.715210 1702.029785 1701.344360 1700.658936 1699.973633 1699.315674 1699.288330 1698.680542 1698.072998 1697.465332 1696.857788 1696.250244 1695.666992 1695.642822 1694.625488 1693.608643 1692.592285 1687.517578 1682.454102 1672.360962 1662.309570 1652.375366 1642.632935 1632.988770 1623.571655 1614.763428 1606.291748 1598.056641 1590.052124 1582.273071 1575.217651 1568.519409 1561.997559
 1714.889160 1714.614746 1714.203125 1713.517090 1712.831055 1712.145142 1711.459106 1710.773193 1710.087280 1709.428955 1709.401489 1708.793213 1708.185059 1707.576782 1706.968628 1706.360474 1705.776733 1705.752563 1704.733765 1703.703491 1702.669556 1697.506104 1692.353882 1682.082031 1671.851196 1661.735352 1651.855713 1642.208984 1632.789185 1623.977539 1615.502197 1607.262939 1599.253662 1591.469482 1584.407837 1577.702637 1571.172974
 1724.223145 1723.946289 1723.531006 1722.838867 1722.146729 1721.454590 1720.762573 1720.070435 1719.378418 1718.714111 1718.686523 1718.071289 1717.456177 1716.841064 1716.225952 1715.610962 1715.020508 1714.995972 1713.960815 1712.926147 1711.891846 1706.727417 1701.574097 1691.299927 1681.066528 1670.947876 1661.065186 1651.415039 1641.991577 1633.175781 1624.695679 1616.451294 1608.436401 1600.645996 1593.577026 1586.863525 1580.324951
 1733.434448 1733.157593 1732.742188 1732.049927 1731.357788 1730.665527 1729.973389 1729.281250 1728.589111 1727.924683 1727.897095 1727.281738 1726.666504 1726.051270 1725.436035 1724.820923 1724.230347 1724.205811 1723.170410 1722.135376 1721.100952 1715.934937 1710.780151 1700.502930 1690.266235 1680.143921 1670.257446 1660.603149 1651.175171 1642.354248 1633.868652 1625.618042 1617.596680 1609.799072 1602.721680 1595.998901 1589.450195
 1742.629028 1742.352051 1741.936646 1741.244263 1740.551880 1739.859619 1739.167358 1738.475098 1737.782837 1737.118286 1737.090576 1736.475098 1735.859741 1735.244385 1734.629028 1734.013794 1733.423096 1733.398560 1732.362671 1731.327393 1730.292603 1725.124878 1719.968140 1709.687134 1699.446411 1689.319946 1679.428833 1669.769653 1660.336426 1651.509644 1643.017578 1634.760132 1626.731201 1618.925415 1611.838745 1605.105591 1598.545532
 1751.803101 1751.526123 1751.110596 1750.418091 1749.725586 1749.033081 1748.340698 1747.648193 1746.955811 1746.291138 1746.263428 1745.647827 1745.032227 1744.416748 1743.801270 1743.185791 1742.594971 1742.570435 1741.534180 1740.498413 1739.463135 1734.293335 1729.134521 1718.849121 1708.603638 1698.472290 1688.575928 1678.911255 1669.472046 1660.638550 1652.139160 1643.874023 1635.836670 1628.021973 1620.924683 1614.179932 1607.607300
 1760.953247 1760.676147 1760.260498 1759.567749 1758.875122 1758.182495 1757.489868 1756.797241 1756.104614 1755.439819 1755.412109 1754.796387 1754.180542 1753.564819 1752.949097 1752.333496 1751.742432 1751.717896 1750.681152 1749.645020 1748.609253 1743.437012 1738.275757 1727.985229 1717.734619 1707.597656 1697.695435 1688.024414 1678.578613 1669.737671 1661.230225 1652.956299 1644.909668 1637.084839 1629.976074 1623.218384 1616.632080
 1770.075928 1769.798828 1769.383057 1768.690186 1767.997314 1767.304443 1766.611694 1765.918823 1765.226074 1764.561035 1764.533325 1763.917358 1763.301392 1762.685425 1762.069458 1761.453613 1760.862305 1760.837769 1759.800537 1758.763794 1757.727539 1752.552612 1747.388672 1737.092407 1726.835815 1716.692749 1706.783936 1697.105957 1687.652588 1678.803345 1670.286987 1662.003418 1653.946411 1646.110596 1638.989014 1632.217407 1625.615967
 1779.167969 1778.890625 1778.474854 1777.781738 1777.088623 1776.395508 1775.702515 1775.009521 1774.316528 1773.651245 1773.623657 1773.007324 1772.391113 1771.774902 1771.158691 1770.542603 1769.951050 1769.926514 1768.888672 1767.851440 1766.814453 1761.636597 1756.469482 1746.166992 1735.903809 1725.753784 1715.837646 1706.151855 1696.690186 1687.831909 1679.305542 1671.011475 1662.943115 1655.095215 1647.959839 1641.173096 1634.556396
 1788.225342 1787.947998 1787.531982 1786.838623 1786.145264 1785.452026 1784.758789 1784.065430 1783.372192 1782.706787 1782.679077 1782.062500 1781.446045 1780.829590 1780.213135 1779.596680 1779.004883 1778.980347 1777.941895 1776.903931 1775.866333 1770.685059 1765.514526 1755.205078 1744.934570 1734.776978 1724.852783 1715.158447 1705.687744 1696.819336 1688.282349 1679.976685 1671.896362 1664.036133 1656.887573 1650.088135 1643.458984
 1797.244385 1796.966919 1796.550781 1795.857056 1795.163574 1794.469971 1793.776367 1793.082886 1792.389404 1791.723633 1791.695923 1791.079102 1790.462280 1789.845459 1789.228760 1788.612061 1788.020020 1787.995483 1786.956177 1785.917480 1784.879272 1779.694336 1774.520020 1764.202759 1753.924316 1743.758423 1733.825439 1724.121826 1714.641479 1705.762817 1697.215210 1688.899414 1680.808960 1672.938843 1665.779907 1658.969849 1652.330200
 1806.221069 1805.943481 1805.527100 1804.833252 1804.139282 1803.445435 1802.751587 1802.057861 1801.364014 1800.697998 1800.670288 1800.053101 1799.436035 1798.818848 1798.201782 1797.584717 1796.992310 1796.967773 1795.927734 1794.888306 1793.849243 1788.660278 1783.481934 1773.156494 1762.869751 1752.695557 1742.754395 1733.042603 1723.554321 1714.667358 1706.111572 1697.787354 1689.688599 1681.810059 1674.641968 1667.822632 1661.173584
 1815.153442 1814.875732 1814.459229 1813.765137 1813.070923 1812.376831 1811.682739 1810.988647 1810.294556 1809.628296 1809.600586 1808.983032 1808.365601 1807.748169 1807.130859 1806.513428 1805.920898 1805.896240 1804.855591 1803.815308 1802.775513 1797.583130 1792.401367 1782.069092 1771.775757 1761.595093 1751.647217 1741.928955 1732.433960 1723.540039 1714.977051 1706.645508 1698.539429 1690.653320 1683.477051 1676.649170 1669.991455
 1824.048950 1823.771240 1823.354614 1822.660156 1821.965820 1821.271484 1820.577148 1819.882812 1819.188599 1818.522095 1818.494385 1817.876587 1817.258911 1816.641357 1816.023682 1815.406128 1814.813232 1814.788574 1813.747314 1812.706543 1811.666260 1806.470947 1801.286255 1790.948486 1780.649536 1770.463135 1760.509644 1750.785522 1741.284668 1732.384399 1723.814941 1715.476929 1707.364014 1699.470947 1692.287109 1685.451050 1678.784790
 1832.913574 1832.635742 1832.218994 1831.524414 1830.829834 1830.135254 1829.440796 1828.746338 1828.051880 1827.385132 1827.357422 1826.739502 1826.121582 1825.503784 1824.885864 1824.268066 1823.675049 1823.650391 1822.608643 1821.567383 1820.526489 1815.328735 1810.141602 1799.798828 1789.494873 1779.303467 1769.344849 1759.615356 1750.109131 1741.203125 1732.627563 1724.283325 1716.163818 1708.264038 1701.072510 1694.228271 1687.553467
 1841.750488 1841.472656 1841.055786 1840.361084 1839.666260 1838.971558 1838.276978 1837.582275 1836.887695 1836.220825 1836.193115 1835.574951 1834.956909 1834.338745 1833.720825 1833.102783 1832.509521 1832.484863 1831.442627 1830.400879 1829.359619 1824.159546 1818.970215 1808.622803 1798.314209 1788.118164 1778.154663 1768.420166 1758.908691 1749.997070 1741.415527 1733.064941 1724.938965 1717.032227 1709.832886 1702.980469 1696.296875
 1850.562012 1850.284058 1849.867188 1849.172241 1848.477417 1847.782471 1847.087646 1846.392822 1845.697998 1845.031128 1845.003296 1844.385010 1843.766724 1843.148560 1842.530273 1841.912109 1841.318726 1841.294067 1840.251465 1839.209229 1838.167480 1832.965332 1827.773804 1817.421875 1807.108887 1796.908081 1786.939819 1777.200317 1767.683472 1758.766113 1750.178589 1741.821533 1733.688843 1725.775146 1718.568115 1711.707153 1705.014893
 1859.348755 1859.070679 1858.653687 1857.958618 1857.263550 1856.568604 1855.873535 1855.178589 1854.483643 1853.816528 1853.788696 1853.170288 1852.551758 1851.933350 1851.315063 1850.696655 1850.103027 1850.078369 1849.035278 1847.992676 1846.950562 1841.746094 1836.552368 1826.196045 1815.878418 1805.672974 1795.699707 1785.955078 1776.432983 1767.509766 1758.916138 1750.552734 1742.413330 1734.492554 1727.277466 1720.408081 1713.706909
 1868.110229 1867.832153 1867.415039 1866.719849 1866.024536 1865.329468 1864.634277 1863.939087 1863.244019 1862.576660 1862.548950 1861.930298 1861.311646 1860.692993 1860.074463 1859.455933 1858.862183 1858.837524 1857.793945 1856.750977 1855.708374 1850.501709 1845.305786 1834.944824 1824.622559 1814.412354 1804.434082 1794.684326 1785.156860 1776.227783 1767.627808 1759.257935 1751.111694 1743.183838 1735.960693 1729.082520 1722.372070
 1876.846191 1876.567993 1876.150757 1875.455322 1874.760010 1874.064697 1873.369385 1872.674072 1871.978760 1871.311279 1871.283569 1870.664673 1870.045898 1869.427124 1868.808350 1868.189575 1867.595581 1867.570923 1866.526978 1865.483521 1864.440430 1859.231567 1854.033325 1843.667969 1833.340942 1823.125854 1813.142700 1803.387573 1793.854614 1784.919678 1776.313354 1767.936768 1759.783447 1751.848022 1744.616333 1737.728760 1731.008301
 1885.556030 1885.277832 1884.860474 1884.164917 1883.469360 1882.773926 1882.078369 1881.382935 1880.687500 1880.019897 1879.992065 1879.373047 1878.754028 1878.135132 1877.516113 1876.897217 1876.303101 1876.278442 1875.234009 1874.190063 1873.146606 1867.935425 1862.734985 1852.364868 1842.033081 1831.813110 1821.824707 1812.064331 1802.525635 1793.584351 1784.971313 1776.587646 1768.426758 1760.483154 1753.242188 1746.344604 1739.613403
 1894.239502 1893.961182 1893.543701 1892.848022 1892.152344 1891.456665 1890.760986 1890.065308 1889.369751 1888.701904 1888.674194 1888.054932 1887.435791 1886.816528 1886.197388 1885.578369 1884.984009 1884.959351 1883.914429 1882.870117 1881.826050 1876.612671 1871.409790 1861.034790 1850.697998 1840.472900 1830.479004 1820.712646 1811.167847 1802.219849 1793.599609 1785.208252 1777.039185 1769.086792 1761.835938 1754.927612 1748.185059
 1902.895020 1902.616699 1902.199097 1901.503174 1900.807373 1900.111450 1899.415649 1898.719727 1898.023926 1897.355957 1897.328247 1896.708740 1896.089355 1895.469971 1894.850708 1894.231323 1893.636841 1893.612183 1892.566772 1891.521851 1890.477417 1885.261475 1880.056030 1869.675781 1859.333740 1849.102905 1839.103027 1829.330566 1819.779175 1810.823853 1802.195801 1793.796021 1785.618286 1777.656860 1770.395752 1763.476562 1756.722778
 1911.520386 1911.241943 1910.824341 1910.128174 1909.432129 1908.736084 1908.040039 1907.343994 1906.647949 1905.979858 1905.952026 1905.332397 1904.712769 1904.093140 1903.473633 1902.854004 1902.259277 1902.234619 1901.188721 1900.143311 1899.098267 1893.879639 1888.671387 1878.285522 1867.937622 1857.700684 1847.694458 1837.915283 1828.356812 1819.393921 1810.757812 1802.349854 1794.163330 1786.192749 1778.921509 1771.991577 1765.226562
 1920.113159 1919.834595 1919.416748 1918.720459 1918.024170 1917.327881 1916.631714 1915.935425 1915.239258 1914.570923 1914.543091 1913.923096 1913.303345 1912.683472 1912.063599 1911.443848 1910.848877 1910.824219 1909.777710 1908.731689 1907.686157 1902.464600 1897.253418 1886.861572 1876.507568 1866.264404 1856.251709 1846.465698 1836.900269 1827.929810 1819.285767 1810.869385 1802.674194 1794.694580 1787.413330 1780.472534 1773.696411
 1928.671387 1928.392822 1927.974854 1927.278320 1926.581909 1925.885376 1925.188843 1924.492432 1923.796021 1923.127441 1923.099609 1922.479492 1921.859375 1921.239258 1920.619263 1919.999268 1919.404053 1919.379272 1918.332275 1917.285645 1916.239502 1911.015015 1905.800903 1895.403198 1885.043091 1874.793701 1864.774536 1854.981812 1845.409424 1836.431396 1827.779419 1819.354736 1811.150879 1803.162231 1795.870850 1788.919312 1782.131592
 1937.195190 1936.916504 1936.498413 1935.801758 1935.104980 1934.408325 1933.711548 1933.014893 1932.318237 1931.649536 1931.621704 1931.001343 1930.380981 1929.760620 1929.140381 1928.520020 1927.924683 1927.899902 1926.852295 1925.805176 1924.758423 1919.531006 1914.313965 1903.910278 1893.544189 1883.288574 1873.262939 1863.463623 1853.884277 1844.898682 1836.238647 1827.805664 1819.592896 1811.594971 1804.293091 1797.330200 1790.530640
 1945.684448 1945.405640 1944.987427 1944.290527 1943.593628 1942.896729 1942.199829 1941.502930 1940.806030 1940.137085 1940.109253 1939.488647 1938.868042 1938.247437 1937.626953 1937.006348 1936.410767 1936.385986 1935.337769 1934.290039 1933.242798 1928.012573 1922.792603 1912.382935 1902.010742 1891.748901 1881.716797 1871.910645 1862.324219 1853.330811 1844.662476 1836.220703 1827.998901 1819.991211 1812.678345 1805.703735 1798.891724
 1954.139038 1953.860107 1953.441772 1952.744629 1952.047485 1951.350342 1950.653198 1949.956177 1949.259033 1948.589844 1948.562012 1947.941162 1947.320312 1946.699463 1946.078735 1945.458008 1944.862061 1944.837280 1943.788574 1942.740234 1941.692383 1936.459106 1931.236206 1920.820435 1910.442017 1900.173706 1890.134888 1880.321655 1870.727661 1861.726196 1853.049316 1844.598389 1836.366943 -999.000000 -999.000000 -999.000000 -999.000000
 1962.557495 1962.278564 1961.860107 1961.162720 1960.465332 1959.767944 1959.070557 1958.373291 1957.676025 1957.006592 1956.978760 1956.357544 1955.736572 1955.115479 1954.494385 1953.873413 1953.277222 1953.252563 1952.203125 1951.154175 1950.105713 1944.869385 1939.643433 1929.221313 1918.836304 1908.561279 1898.515381 1888.694702 1879.093018 -999.000000 -999.000000 -999.000000 -999.000000 -999.000000 -999.000000 -999.000000 -999.000000
 1970.938354 1970.659302 1970.240601 1969.542969 1968.845459 1968.147827 1967.450195 1966.752686 1966.055176 1965.385498 1965.357666 1964.736206 1964.114868 1963.493530 1962.872314 1962.250977 1961.654541 1961.629883 1960.579834 1959.530273 1958.481079 1953.241577 1948.012329 1937.583618 -999.000000 -999.000000 -999.000000 -999.000000 -999.000000 -999.000000 -999.000000 -999.000000 -999.000000 -999.000000 -999.000000 -999.000000 -999.000000
#
# dtdd (rows - delta, columns - depth)
#
 -999.000000 -999.000000 -999.000000 -999.000000 -999.000000 -999.000000 -999.000000 -999.000000 -999.000000 -999.000000 -999.000000 -999.000000 -999.000000 -999.000000 -999.000000 -999.000000 -999.000000 -999.000000 -999.000000 -999.000000 -999.000000 -999.000000 -999.000000 -999.000000 -999.000000 -999.000000 -999.000000 -999.000000 -999.000000 -999.000000 -999.000000 -999.000000 -999.000000 -999.000000 -999.000000   11.114605   11.111935
 -999.000000 -999.000000 -999.000000 -999.000000 -999.000000 -999.000000 -999.000000 -999.000000 -999.000000 -999.000000 -999.000000 -999.000000 -999.000000 -999.000000 -999.000000 -999.000000 -999.000000 -999.000000 -999.000000 -999.000000 -999.000000 -999.000000 -999.000000 -999.000000 -999.000000 -999.000000 -999.000000 -999.000000 -999.000000 -999.000000 -999.000000 -999.000000   11.115231   11.114366   11.111914   11.107512   11.100934
 -999.000000 -999.000000 -999.000000 -999.000000 -999.000000 -999.000000 -999.000000 -999.000000 -999.000000 -999.000000 -999.000000 -999.000000 -999.000000 -999.000000 -999.000000 -999.000000 -999.000000 -999.000000 -999.000000 -999.000000 -999.000000 -999.000000 -999.000000 -999.000000 -999.000000 -999.000000 -999.000000 -999.000000 -999.000000   11.115255   11.114713   11.113209   11.110600   11.106728   11.100863   11.092820   11.082482
 -999.000000 -999.000000 -999.000000 -999.000000 -999.000000 -999.000000 -999.000000 -999.000000 -999.000000 -999.000000 -999.000000 -999.000000 -999.000000 -999.000000 -999.000000 -999.000000 -999.000000 -999.000000 -999.000000 -999.000000 -999.000000 -999.000000 -999.000000 -999.000000 -999.000000 -999.000000   11.115143   11.114477   11.113163   11.110995   11.107866   11.103668   11.098256   11.091468   11.082305   11.070758   11.056816
 -999.000000 -999.000000 -999.000000 -999.000000 -999.000000 -999.000000 -999.000000 -999.000000 -999.000000 -999.000000 -999.000000 -999.000000 -999.000000 -999.000000 -999.000000 -999.000000 -999.000000 -999.000000 -999.000000 -999.000000 -999.000000   11.115243   11.115126   11.114556   11.113518   11.111970   11.109838   11.107056   11.103543   11.098985   11.093340   11.086525   11.078395   11.068789   11.056450   11.041625   11.024756
   11.112969   11.112949   11.112920   11.112869   11.112818   11.112766   11.112714   11.112660   11.112607   11.112555   11.112553   11.112491   11.112428   11.112365   11.112300   11.112235   11.112172   11.112169   11.112008   11.111843   11.111673   11.110756   11.109723   11.107302   11.104383   11.100911   11.096786   11.091935   11.086283   11.079398   11.071310   11.061961   11.051207   11.039018   11.024131   11.007025   10.988011
   11.103065   11.103020   11.102951   11.102836   11.102720   11.102604   11.102488   11.102370   11.102252   11.102138   11.102133   11.101997   11.101862   11.101726   11.101587   11.101449   11.101315   11.101311   11.100973   11.100631   11.100284   11.098477   11.096549   11.092316   11.087560   11.082209   11.076138   11.069277   11.061544   11.052403   11.042028   11.030532   11.017833   11.003842   10.987061   10.968088   10.947287
   11.085454   11.085382   11.085277   11.085098   11.084920   11.084741   11.084560   11.084379   11.084198   11.084023   11.084016   11.083810   11.083602   11.083394   11.083184   11.082974   11.082772   11.082764   11.082253   11.081738   11.081219   11.078543   11.075739   11.069737   11.063189   11.056009   11.048059   11.039361   11.029886   11.019060   11.007095   10.994037   10.979807   10.964319   10.945944   10.925200   10.902411
   11.060261   11.060164   11.060021   11.059782   11.059542   11.059300   11.059059   11.058817   11.058574   11.058340   11.058330   11.058053   11.057775   11.057498   11.057219   11.056938   11.056668   11.056658   11.055979   11.055295   11.054606   11.051083   11.047441   11.039821   11.031749   11.023147   11.013871   11.003877   10.993121   10.980968   10.967679   10.953315   10.937730   10.920746   10.900572   10.877940   10.853274
   11.028084   11.027969   11.027797   11.027509   11.027221   11.026932   11.026642   11.026352   11.026062   11.025783   11.025770   11.025440   11.025110   11.024778   11.024446   11.024114   11.023793   11.023780   11.022976   11.022168   11.021357   11.017235   11.013009   11.004245   10.995056   10.985358   10.974991   10.963913   10.952081   10.938751   10.924157   10.908354   10.891240   10.872709   10.850852   10.826495   10.800119
   10.990747   10.990618   10.990423   10.990098   10.989773   10.989447   10.989120   10.988792   10.988465   10.988150   10.988137   10.987765   10.987392   10.987020   10.986646   10.986271   10.985911   10.985896   10.984992   10.984085   10.983173   10.978559   10.973846   10.964122   10.953995   10.943342   10.931948   10.919756   10.906711   10.892052   10.876090   10.858897   10.840377   10.820425   10.797027   10.771402   10.744366
   10.949057   10.948915   10.948700   10.948342   10.947985   10.947626   10.947267   10.946907   10.946547   10.946199   10.946185   10.945776   10.945367   10.944956   10.944545   10.944133   10.943737   10.943721   10.942726   10.941729   10.940726   10.935648   10.930460   10.919744   10.908566   10.896817   10.884305   10.870975   10.856774   10.840886   10.823664   10.805192   10.785451   10.764603   10.740694   10.714806   10.687551
   10.902861   10.902702   10.902466   10.902071   10.901676   10.901279   10.900883   10.900486   10.900087   10.899705   10.899690   10.899238   10.898786   10.898334   10.897880   10.897426   10.896989   10.896971   10.895876   10.894776   10.893673   10.888090   10.882396   10.870668   10.858480   10.845716   10.832169   10.817786   10.802516   10.785566   10.767515   10.748507   10.728492   10.707411   10.683292   10.657229   10.629837
   10.851970   10.851798   10.851541   10.851111   10.850680   10.850250   10.849818   10.849386   10.848953   10.848537   10.848520   10.848030   10.847538   10.847047   10.846554   10.846060   10.845586   10.845566   10.844378   10.843184   10.841987   10.835935   10.829771   10.817106   10.803982   10.790304   10.775988   10.761012   10.745350   10.728161   10.709892   10.690683   10.670485   10.649241   10.624985   10.598813   10.571272
   10.796627   10.796443   10.796166   10.795706   10.795244   10.794783   10.794320   10.793858   10.793394   10.792949   10.792931   10.792406   10.791882   10.791356   10.790831   10.790304   10.789798   10.789777   10.788511   10.787243   10.785972   10.779571   10.773096   10.759920   10.746445   10.732553   10.718042   10.702883   10.687046   10.669689   10.651263   10.631912   10.611588   10.590234   10.565764   10.539084   10.510776
   10.738580   10.738393   10.738111   10.737643   10.737175   10.736706   10.736237   10.735766   10.735296   10.734845   10.734826   10.734294   10.733761   10.733228   10.732694   10.732160   10.731647   10.731626   10.730341   10.729054   10.727765   10.721275   10.714714   10.701372   10.687738   10.673697   10.659044   10.643750   10.627786   10.610309   10.591774   10.572259   10.551584   10.529673   10.504477   10.477064   10.448039
   10.679385   10.679195   10.678912   10.678438   10.677964   10.677490   10.677015   10.676539   10.676064   10.675608   10.675589   10.675050   10.674511   10.673972   10.673432   10.672893   10.672374   10.672352   10.671055   10.669755   10.668451   10.661896   10.655270   10.641805   10.628056   10.613904   10.599148   10.583750   10.567592   10.549775   10.530736   10.510600   10.489301   10.466762   10.440903   10.412828   10.383157
   10.619219   10.619028   10.618742   10.618264   10.617786   10.617308   10.616829   10.616349   10.615870   10.615409   10.615390   10.614847   10.614305   10.613761   10.613216   10.612672   10.612149   10.612127   10.610820   10.609509   10.608197   10.601593   10.594920   10.581351   10.567419   10.552990   10.537849   10.521955   10.505268   10.486896   10.467289   10.446583   10.424710   10.401598   10.375139   10.346468   10.316409
   10.557982   10.557787   10.557495   10.557007   10.556518   10.556028   10.555539   10.555049   10.554558   10.554087   10.554067   10.553512   10.552956   10.552400   10.551843   10.551285   10.550749   10.550726   10.549387   10.548044   10.546698   10.539911   10.533035   10.519008   10.504607   10.489709   10.474092   10.457717   10.440542   10.421659   10.401532   10.380304   10.357909   10.334296   10.307622   10.279197   10.249701
   10.494389   10.494186   10.493884   10.493380   10.492875   10.492369   10.491863   10.491357   10.490849   10.490362   10.490342   10.489768   10.489194   10.488619   10.488043   10.487467   10.486914   10.486891   10.485508   10.484121   10.482731   10.475728   10.468635   10.454173   10.439342   10.424011   10.407956   10.391137   10.373515   10.354163   10.333585   10.312122   10.289782   10.266521   10.240332   10.212420   10.183449
   10.428312   10.428104   10.427793   10.427273   10.426753   10.426232   10.425711   10.425189   10.424666   10.424165   10.424144   10.423553   10.422961   10.422370   10.421777   10.421184   10.420614   10.420590   10.419168   10.417741   10.416310   10.409107   10.401814   10.386952   10.371723   10.355993   10.339539   10.322427   10.304692   10.285438   10.265179   10.244085   10.222124   10.199253   10.173511   10.146077   10.117598
   10.359854   10.359641   10.359321   10.358787   10.358253   10.357718   10.357183   10.356647   10.356111   10.355595   10.355574   10.354967   10.354360   10.353752   10.353144   10.352535   10.351950   10.351926   10.350465   10.349002   10.347535   10.340148   10.332696   10.317621   10.302317   10.286658   10.270429   10.253604   10.236162   10.217225   10.197297   10.176545   10.154935   10.132426   10.107103   10.080117    9.229246
   10.289922   10.289709   10.289392   10.288861   10.288331   10.287800   10.287269   10.286736   10.286205   10.285694   10.285672   10.285071   10.284471   10.283869   10.283266   10.282664   10.282085   10.282061   10.280619   10.279173   10.277726   10.270456   10.263130   10.248304   10.233250   10.217842   10.201871   10.185309   10.168138   10.149495   10.129874   10.109440   10.088158   10.065989    9.226820    9.223200    9.218854
   10.220494   10.220285   10.219972   10.219450   10.218927   10.218405   10.217882   10.217359   10.216834   10.216331   10.216311   10.215718   10.215127   10.214534   10.213942   10.213348   10.212778   10.212754   10.211335   10.209912   10.208488   10.201333   10.194121   10.179525   10.164700   10.149525   10.133791   10.117475   10.100555   10.082187    9.228439    9.225938    9.222998    9.219564    9.215269    9.210163    9.204308
   10.151583   10.151377   10.151068   10.150554   10.150039   10.149524   10.149008   10.148492   10.147976   10.147480   10.147459   10.146876   10.146293   10.145709   10.145124   10.144540   10.143978   10.143955   10.142556   10.141155   10.139752   10.132703   10.125597   10.111214   10.096602   10.081644    9.227901    9.225873    9.223556    9.220798    9.217611    9.213980    9.209854    9.205209    9.199608    9.193179    9.185994
   10.083123   10.082920   10.082616   10.082108   10.081600   10.081092   10.080584   10.080074   10.079565   10.079076   10.079056   10.078481   10.077905   10.077330   10.076754   10.076177   10.075623   10.075600   10.074221    9.227811    9.227644    9.226786    9.225883    9.223937    9.221798    9.219435    9.216800    9.213863    9.210599    9.206826    9.202600    9.197921    9.192746    9.187033    9.180260    9.172612    9.164190
    9.218421    9.218387    9.218335    9.218249    9.218163    9.218077    9.217990    9.217903    9.217815    9.217731    9.217728    9.217629    9.217530    9.217430    9.217330    9.217230    9.217134    9.217130    9.216889    9.216647    9.216404    9.215155    9.213856    9.211105    9.208154    9.204972    9.201507    9.197733    9.193627    9.188961    9.183808    9.178178    9.172029    9.165318    9.157454    9.148672    9.139098
    9.203598    9.203553    9.203485    9.203372    9.203259    9.203144    9.203031    9.202916    9.202801    9.202691    9.202686    9.202557    9.202427    9.202296    9.202166    9.202035    9.201909    9.201903    9.201591    9.201276    9.200958    9.199347    9.197686    9.194219    9.190550    9.186643    9.182432    9.177895    9.173007    9.167504    9.161486    9.154967    9.147909    9.140269    9.131388    9.121548    9.110873
    9.184919    9.184864    9.184781    9.184644    9.184505    9.184367    9.184228    9.184089    9.183949    9.183816    9.183810    9.183653    9.183496    9.183337    9.183179    9.183021    9.182868    9.182861    9.182483    9.182101    9.181719    9.179775    9.177783    9.173649    9.169309    9.164721    9.159813    9.154561    9.148942    9.142658    9.135830    9.128482    9.120575    9.112044    9.102123    9.091118    9.079187
    9.162641    9.162577    9.162479    9.162319    9.162157    9.161996    9.161834    9.161672    9.161510    9.161353    9.161346    9.161163    9.160980    9.160796    9.160612    9.160427    9.160250    9.160242    9.159801    9.159358    9.158914    9.156660    9.154357    9.149597    9.144629    9.139404    9.133843    9.127922    9.121618    9.114594    9.106957    9.098735    9.089874    9.080323    9.069266    9.057056    9.043880
    9.136954    9.136882    9.136772    9.136590    9.136407    9.136224    9.136040    9.135856    9.135672    9.135495    9.135488    9.135280    9.135072    9.134864    9.134655    9.134446    9.134245    9.134236    9.133738    9.133237    9.132734    9.130190    9.127595    9.122250    9.116688    9.110840    9.104612    9.097977    9.090904    9.083023    9.074487    9.065325    9.055489    9.044922    9.032737    9.019334    9.004926
    9.107985    9.107903    9.107780    9.107575    9.107370    9.107165    9.106959    9.106753    9.106546    9.106348    9.106340    9.106107    9.105874    9.105640    9.105406    9.105171    9.104946    9.104937    9.104378    9.103816    9.103252    9.100398    9.097486    9.091482    9.085233    9.078677    9.071715    9.064319    9.056455    9.047719    9.038284    9.028188    9.017381    9.005807    8.992504    8.977920    8.962294
    9.075339    9.075248    9.075110    9.074882    9.074652    9.074422    9.074192    9.073961    9.073730    9.073508    9.073499    9.073238    9.072978    9.072717    9.072454    9.072193    9.071940    9.071930    9.071305    9.070678    9.070048    9.066862    9.063616    9.056933    9.049994    9.042731    9.035036    9.026878    9.018228    9.008640    8.998311    8.987287    8.975515    8.962942    8.948533    8.933805    8.920013
    9.038862    9.038760    9.038609    9.038355    9.038101    9.037847    9.037592    9.037336    9.037081    9.036836    9.036825    9.036537    9.036249    9.035960    9.035670    9.035380    9.035102    9.035090    9.034400    9.033707    9.033010    9.029493    9.025912    9.018552    9.010922    9.002954    8.994529    8.985613    8.976177    8.965743    8.954526    8.942714    8.931291    8.920298    8.908849    8.897409    8.886157
    8.998498    8.998387    8.998220    8.997942    8.997663    8.997385    8.997106    8.996826    8.996546    8.996277    8.996265    8.995950    8.995634    8.995317    8.995000    8.994682    8.994377    8.994365    8.993608    8.992849    8.992087    8.988239    8.984324    8.976288    8.967971    8.959300    8.950146    8.940737    8.931644    8.922419    8.913263    8.904210    8.895210    8.886222    8.876588    8.866729    8.856845
    8.954194    8.954073    8.953892    8.953589    8.953286    8.952983    8.952680    8.952375    8.952071    8.951778    8.951766    8.951423    8.951079    8.950735    8.950390    8.950045    8.949713    8.949699    8.948877    8.948052    8.947227    8.943158    8.939190    8.931506    8.924099    8.916862    8.909671    8.902499    8.895326    8.887821    8.880184    8.872474    8.864675    8.856771    8.848190    8.839309    8.830315
    8.912605    8.912511    8.912370    8.912134    8.911899    8.911663    8.911428    8.911193    8.910958    8.910733    8.910724    8.910460    8.910196    8.909933    8.909670    8.909407    8.909155    8.909144    8.908522    8.907901    8.907280    8.904192    8.901127    8.895057    8.889054    8.883064    8.877007    8.870871    8.864651    8.858065    8.851290    8.844382    8.837335    8.830137    8.822268    8.814068    8.805634
    8.879358    8.879279    8.879160    8.878962    8.878762    8.878564    8.878365    8.878166    8.877968    8.877777    8.877769    8.877545    8.877322    8.877099    8.876876    8.876653    8.876439    8.876430    8.875901    8.875372    8.874844    8.872203    8.869565    8.864298    8.859038    8.853743    8.848343    8.842834    8.837211    8.831220    8.825019    8.818662    8.812141    8.805367    8.797758    8.789607    8.781072
    8.850341    8.850270    8.850164    8.849987    8.849810    8.849632    8.849455    8.849277    8.849100    8.848929    8.848922    8.848722    8.848523    8.848324    8.848125    8.847924    8.847733    8.847725    8.847252    8.846778    8.846304    8.843933    8.841558    8.836795    8.832013    8.827176    8.822221    8.817143    8.811938    8.806309    8.800352    8.794109    8.787565    8.780704    8.772999    8.764750    8.756116
    8.823971    8.823905    8.823808    8.823645    8.823482    8.823319    8.823156    8.822993    8.822830    8.822674    8.822667    8.822484    8.822300    8.822117    8.821933    8.821750    8.821573    8.821567    8.821131    8.820695    8.820258    8.818073    8.815881    8.811470    8.806980    8.802357    8.797537    8.792512    8.787271    8.781568    8.775534    8.769212    8.762587    8.755642    8.747849    8.739508    8.730781
    8.799169    8.799105    8.799009    8.798851    8.798692    8.798532    8.798373    8.798214    8.798054    8.797901    8.797894    8.797714    8.797535    8.797355    8.797174    8.796994    8.796821    8.796814    8.796385    8.795956    8.795526    8.793359    8.791168    8.786715    8.782164    8.777479    8.772596    8.767507    8.762199    8.756425    8.750318    8.743920    8.737219    8.730197    8.722320    8.713892    8.705077
    8.774167    8.774102    8.774006    8.773845    8.773684    8.773522    8.773360    8.773199    8.773037    8.772882    8.772876    8.772694    8.772511    8.772328    8.772146    8.771963    8.771788    8.771781    8.771346    8.770911    8.770474    8.768280    8.766061    8.761550    8.756942    8.752198    8.747255    8.742104    8.736734    8.730893    8.724717    8.718249    8.711475    8.704379    8.696424    8.687910    8.678893
    8.748760    8.748695    8.748597    8.748434    8.748271    8.748108    8.747944    8.747781    8.747617    8.747459    8.747453    8.747269    8.747084    8.746900    8.746715    8.746530    8.746351    8.746345    8.745905    8.745464    8.745023    8.742801    8.740555    8.735990    8.731327    8.726527    8.721528    8.716319    8.710890    8.704985    8.698744    8.692209    8.685347    8.678058    8.669754    8.660712    8.651073
    8.722962    8.722897    8.722797    8.722632    8.722467    8.722302    8.722136    8.721972    8.721806    8.721646    8.721640    8.721453    8.721267    8.721080    8.720893    8.720705    8.720526    8.720518    8.720074    8.719627    8.719181    8.716934    8.714663    8.710047    8.705331    8.700480    8.695427    8.690162    8.684649    8.678579    8.672081    8.665182    8.657849    8.650048    8.641150    8.631450    8.621094
    8.696786    8.696719    8.696619    8.696452    8.696285    8.696118    8.695951    8.695784    8.695616    8.695456    8.695449    8.695260    8.695071    8.694882    8.694694    8.694504    8.694323    8.694315    8.693865    8.693415    8.692964    8.690692    8.688395    8.683692    8.678841    8.673797    8.668487    8.662891    8.656989    8.650488    8.643519    8.636113    8.628233    8.619838    8.610250    8.599780    8.588581
    8.669823    8.669752    8.669646    8.669471    8.669294    8.669118    8.668941    8.668765    8.668588    8.668417    8.668410    8.668211    8.668011    8.667811    8.667611    8.667411    8.667218    8.667210    8.666733    8.666255    8.665775    8.663354    8.660894    8.655857    8.650656    8.645245    8.639542    8.633526    8.627175    8.620173    8.612657    8.604658    8.596135    8.587045    8.576830    8.565967    8.554672
    8.640862    8.640786    8.640673    8.640483    8.640294    8.640104    8.639915    8.639724    8.639534    8.639351    8.639343    8.639129    8.638914    8.638699    8.638483    8.638268    8.638061    8.638052    8.637539    8.637025    8.636509    8.633904    8.631256    8.625830    8.620222    8.614381    8.608219    8.601712    8.594833    8.587242    8.579199    8.570814    8.562072    8.552957    8.542796    8.531992    8.520761
    8.609511    8.609429    8.609306    8.609102    8.608897    8.608692    8.608486    8.608280    8.608074    8.607876    8.607868    8.607635    8.607404    8.607171    8.606937    8.606705    8.606480    8.606471    8.605916    8.605359    8.604800    8.601979    8.599111    8.593225    8.587140    8.580872    8.574363    8.567603    8.560584    8.552981    8.544978    8.536634    8.527936    8.518867    8.508760    8.498014    8.486846
    8.575563    8.575478    8.575349    8.575133    8.574918    8.574702    8.574487    8.574271    8.574056    8.573848    8.573839    8.573596    8.573353    8.573110    8.572866    8.572622    8.572389    8.572378    8.571800    8.571220    8.570641    8.567721    8.564775    8.558803    8.552719    8.546478    8.540000    8.533272    8.526286    8.518720    8.510755    8.502452    8.493797    8.484774    8.474721    8.464021    8.452765
    8.541038    8.540952    8.540823    8.540609    8.540395    8.540180    8.539966    8.539750    8.539536    8.539329    8.539320    8.539079    8.538836    8.538594    8.538351    8.538109    8.537876    8.537866    8.537291    8.536714    8.536136    8.533230    8.530297    8.524351    8.518296    8.512084    8.505635    8.498939    8.491985    8.484455    8.476530    8.468268    8.459602    8.450465    8.440163    8.429065    8.417367
    8.506510    8.506424    8.506296    8.506083    8.505870    8.505656    8.505443    8.505228    8.505014    8.504808    8.504800    8.504559    8.504318    8.504077    8.503836    8.503593    8.503362    8.503352    8.502779    8.502205    8.501630    8.498737    8.495818    8.489899    8.483871    8.477688    8.471269    8.464593    8.457603    8.449964    8.441842    8.433287    8.424272    8.414765    8.404049    8.392505    8.380338
    8.471980    8.471895    8.471768    8.471556    8.471343    8.471130    8.470918    8.470705    8.470491    8.470286    8.470278    8.470038    8.469798    8.469559    8.469318    8.469077    8.468846    8.468837    8.468266    8.467694    8.467120    8.464230    8.461301    8.455329    8.449199    8.442862    8.436228    8.429280    8.422003    8.414049    8.405593    8.396686    8.387299    8.377400    8.366242    8.354225    8.341558
    8.436796    8.436708    8.436576    8.436356    8.436135    8.435914    8.435693    8.435472    8.435250    8.435037    8.435028    8.434778    8.434529    8.434279    8.434029    8.433779    8.433537    8.433528    8.432933    8.432337    8.431740    8.428728    8.425677    8.419456    8.413069    8.406466    8.399552    8.392313    8.384729    8.376441    8.367628    8.358345    8.348561 -999.000000 -999.000000 -999.000000 -999.000000
    8.399960    8.399867    8.399730    8.399500    8.399269    8.399039    8.398808    8.398578    8.398347    8.398125    8.398115    8.397855    8.397594    8.397334    8.397074    8.396812    8.396562    8.396551    8.395931    8.395309    8.394686    8.391546    8.388365    8.381876    8.375216    8.368329    8.361119    8.353567    8.345656 -999.000000 -999.000000 -999.000000 -999.000000 -999.000000 -999.000000 -999.000000 -999.000000
    8.361338    8.361241    8.361097    8.360858    8.360618    8.360377    8.360136    8.359895    8.359653    8.359422    8.359412    8.359140    8.358870    8.358597    8.358325    8.358052    8.357790    8.357780    8.357132    8.356483    8.355833    8.352555    8.349235    8.342462 -999.000000 -999.000000 -999.000000 -999.000000 -999.000000 -999.000000 -999.000000 -999.000000 -999.000000 -999.000000 -999.000000 -999.000000 -999.000000
#
# dtdh (rows - delta, columns - depth)
#
 -999.000000 -999.000000 -999.000000 -999.000000 -999.000000 -999.000000 -999.000000 -999.000000 -999.000000 -999.000000 -999.000000 -999.000000 -999.000000 -999.000000 -999.000000 -999.000000 -999.000000 -999.000000 -999.000000 -999.000000 -999.000000 -999.000000 -999.000000 -999.000000 -999.000000 -999.000000 -999.000000 -999.000000 -999.000000 -999.000000 -999.000000 -999.000000 -999.000000 -999.000000 -999.000000   -0.115335   -0.112484
 -999.000000 -999.000000 -999.000000 -999.000000 -999.000000 -999.000000 -999.000000 -999.000000 -999.000000 -999.000000 -999.000000 -999.000000 -999.000000 -999.000000 -999.000000 -999.000000 -999.000000 -999.000000 -999.000000 -999.000000 -999.000000 -999.000000 -999.000000 -999.000000 -999.000000 -999.000000 -999.000000 -999.000000 -999.000000 -999.000000 -999.000000 -999.000000   -0.145217   -0.140102   -0.120826   -0.115406   -0.112599
 -999.000000 -999.000000 -999.000000 -999.000000 -999.000000 -999.000000 -999.000000 -999.000000 -999.000000 -999.000000 -999.000000 -999.000000 -999.000000 -999.000000 -999.000000 -999.000000 -999.000000 -999.000000 -999.000000 -999.000000 -999.000000 -999.000000 -999.000000 -999.000000 -999.000000 -999.000000 -999.000000 -999.000000 -999.000000   -0.161001   -0.155663   -0.150421   -0.145252   -0.140162   -0.120930   -0.115552   -0.112791
 -999.000000 -999.000000 -999.000000 -999.000000 -999.000000 -999.000000 -999.000000 -999.000000 -999.000000 -999.000000 -999.000000 -999.000000 -999.000000 -999.000000 -999.000000 -999.000000 -999.000000 -999.000000 -999.000000 -999.000000 -999.000000 -999.000000 -999.000000 -999.000000 -999.000000 -999.000000   -0.186232   -0.181239   -0.176346   -0.161028   -0.155709   -0.150489   -0.145345   -0.140284   -0.121104   -0.115772   -0.113057
 -999.000000 -999.000000 -999.000000 -999.000000 -999.000000 -999.000000 -999.000000 -999.000000 -999.000000 -999.000000 -999.000000 -999.000000 -999.000000 -999.000000 -999.000000 -999.000000 -999.000000 -999.000000 -999.000000 -999.000000 -999.000000   -0.198454   -0.197921   -0.196908   -0.195924   -0.191341   -0.186261   -0.181280   -0.176402   -0.161106   -0.155808   -0.150612   -0.145494   -0.140463   -0.121345   -0.116061   -0.113388
   -0.271188   -0.271182   -0.271173   -0.271159   -0.271145   -0.271130   -0.271116   -0.271102   -0.271087   -0.271073   -0.239613   -0.239597   -0.239581   -0.239564   -0.239548   -0.239532   -0.239516   -0.199317   -0.199212   -0.199107   -0.199002   -0.198475   -0.197947   -0.196942   -0.195969   -0.191397   -0.186330   -0.181364   -0.176502   -0.161232   -0.155957   -0.150786   -0.145698   -0.140698   -0.121644   -0.116402   -0.113765
   -0.271220   -0.271215   -0.271206   -0.271192   -0.271178   -0.271164   -0.271150   -0.271136   -0.271122   -0.271108   -0.239652   -0.239636   -0.239621   -0.239605   -0.239588   -0.239572   -0.239557   -0.199366   -0.199262   -0.199158   -0.199054   -0.198532   -0.198008   -0.197014   -0.196051   -0.191492   -0.186439   -0.181490   -0.176645   -0.161405   -0.156155   -0.151009   -0.145947   -0.140974   -0.121986   -0.116783   -0.114179
   -0.271279   -0.271273   -0.271265   -0.271251   -0.271237   -0.271223   -0.271210   -0.271196   -0.271182   -0.271169   -0.239721   -0.239705   -0.239689   -0.239674   -0.239658   -0.239642   -0.239627   -0.199450   -0.199348   -0.199244   -0.199141   -0.198624   -0.198106   -0.197122   -0.196170   -0.191625   -0.186588   -0.181654   -0.176827   -0.161619   -0.156389   -0.151267   -0.146229   -0.141282   -0.122363   -0.117200   -0.114632
   -0.271362   -0.271356   -0.271348   -0.271335   -0.271321   -0.271308   -0.271294   -0.271280   -0.271267   -0.271254   -0.239817   -0.239802   -0.239787   -0.239771   -0.239756   -0.239741   -0.239726   -0.199569   -0.199467   -0.199365   -0.199263   -0.198751   -0.198237   -0.197264   -0.196322   -0.191791   -0.186767   -0.181849   -0.177038   -0.161861   -0.156653   -0.151553   -0.146539   -0.141621   -0.122776   -0.117656   -0.115125
   -0.271468   -0.271462   -0.271455   -0.271441   -0.271428   -0.271415   -0.271401   -0.271388   -0.271374   -0.271362   -0.239939   -0.239924   -0.239909   -0.239894   -0.239879   -0.239864   -0.239850   -0.199718   -0.199617   -0.199515   -0.199414   -0.198906   -0.198397   -0.197433   -0.196500   -0.191981   -0.186971   -0.182068   -0.177272   -0.162129   -0.156942   -0.151867   -0.146880   -0.141991   -0.123225   -0.118148   -0.115652
   -0.271590   -0.271585   -0.271577   -0.271564   -0.271551   -0.271538   -0.271525   -0.271512   -0.271498   -0.271486   -0.240080   -0.240065   -0.240050   -0.240035   -0.240021   -0.240006   -0.239992   -0.199888   -0.199788   -0.199687   -0.199587   -0.199083   -0.198578   -0.197622   -0.196697   -0.192191   -0.187196   -0.182308   -0.177529   -0.162423   -0.157260   -0.152210   -0.147251   -0.142391   -0.123706   -0.118670   -0.116200
   -0.271726   -0.271721   -0.271714   -0.271701   -0.271688   -0.271675   -0.271662   -0.271649   -0.271636   -0.271624   -0.240236   -0.240221   -0.240207   -0.240192   -0.240178   -0.240163   -0.240149   -0.200077   -0.199978   -0.199878   -0.199778   -0.199279   -0.198778   -0.197830   -0.196915   -0.192422   -0.187443   -0.182572   -0.177811   -0.162743   -0.157604   -0.152580   -0.147648   -0.142815   -0.124206   -0.119201   -0.116753
   -0.271877   -0.271872   -0.271864   -0.271851   -0.271839   -0.271826   -0.271813   -0.271801   -0.271788   -0.271776   -0.240408   -0.240393   -0.240379   -0.240365   -0.240351   -0.240337   -0.240323   -0.200286   -0.200187   -0.200088   -0.199990   -0.199494   -0.198998   -0.198059   -0.197153   -0.192675   -0.187712   -0.182858   -0.178115   -0.163087   -0.157970   -0.152967   -0.148056   -0.143245   -0.124710   -0.119736   -0.117309
   -0.272041   -0.272036   -0.272029   -0.272016   -0.272004   -0.271992   -0.271979   -0.271967   -0.271954   -0.271942   -0.240596   -0.240582   -0.240568   -0.240554   -0.240540   -0.240526   -0.240513   -0.200514   -0.200416   -0.200318   -0.200220   -0.199730   -0.199238   -0.198308   -0.197411   -0.192947   -0.187999   -0.183161   -0.178433   -0.163441   -0.158342   -0.153359   -0.148469   -0.143679   -0.125218   -0.120274   -0.117867
   -0.272219   -0.272214   -0.272207   -0.272195   -0.272183   -0.272171   -0.272158   -0.272146   -0.272134   -0.272122   -0.240799   -0.240786   -0.240772   -0.240758   -0.240745   -0.240731   -0.240718   -0.200760   -0.200663   -0.200566   -0.200469   -0.199982   -0.199494   -0.198572   -0.197682   -0.193229   -0.188294   -0.183469   -0.178755   -0.163799   -0.158719   -0.153754   -0.148884   -0.144116   -0.125728   -0.120818   -0.118438
   -0.272405   -0.272400   -0.272393   -0.272381   -0.272369   -0.272357   -0.272345   -0.272333   -0.272321   -0.272309   -0.241011   -0.240997   -0.240984   -0.240970   -0.240957   -0.240943   -0.240931   -0.201015   -0.200918   -0.200822   -0.200725   -0.200241   -0.199756   -0.198840   -0.197956   -0.193515   -0.188592   -0.183780   -0.179080   -0.164160   -0.159097   -0.154152   -0.149304   -0.144561   -0.126251   -0.121377   -0.119024
   -0.272593   -0.272588   -0.272581   -0.272569   -0.272558   -0.272546   -0.272534   -0.272522   -0.272510   -0.272499   -0.241225   -0.241211   -0.241198   -0.241185   -0.241172   -0.241159   -0.241146   -0.201272   -0.201177   -0.201081   -0.200985   -0.200504   -0.200021   -0.199111   -0.198233   -0.193803   -0.188893   -0.184094   -0.179408   -0.164525   -0.159483   -0.154560   -0.149736   -0.145018   -0.126788   -0.121950   -0.119623
   -0.272783   -0.272778   -0.272771   -0.272760   -0.272748   -0.272736   -0.272725   -0.272713   -0.272701   -0.272690   -0.241441   -0.241428   -0.241415   -0.241402   -0.241389   -0.241376   -0.241363   -0.201533   -0.201437   -0.201342   -0.201246   -0.200768   -0.200289   -0.199384   -0.198512   -0.194094   -0.189198   -0.184414   -0.179744   -0.164901   -0.159880   -0.154980   -0.150180   -0.145488   -0.127338   -0.122535   -0.120232
   -0.272975   -0.272971   -0.272964   -0.272952   -0.272941   -0.272929   -0.272918   -0.272906   -0.272895   -0.272884   -0.241659   -0.241647   -0.241634   -0.241621   -0.241608   -0.241595   -0.241583   -0.201796   -0.201702   -0.201607   -0.201512   -0.201037   -0.200561   -0.199663   -0.198799   -0.194394   -0.189513   -0.184745   -0.180091   -0.165288   -0.160288   -0.155411   -0.150635   -0.145968   -0.127897   -0.123122   -0.120834
   -0.273174   -0.273169   -0.273162   -0.273151   -0.273140   -0.273128   -0.273117   -0.273106   -0.273095   -0.273084   -0.241885   -0.241873   -0.241860   -0.241848   -0.241835   -0.241822   -0.241810   -0.202068   -0.201974   -0.201880   -0.201786   -0.201315   -0.200842   -0.199952   -0.199095   -0.194704   -0.189837   -0.185085   -0.180448   -0.165684   -0.160706   -0.155850   -0.151094   -0.146447   -0.128447   -0.123698   -0.121425
   -0.273378   -0.273374   -0.273367   -0.273356   -0.273345   -0.273334   -0.273323   -0.273312   -0.273301   -0.273290   -0.242118   -0.242106   -0.242093   -0.242081   -0.242069   -0.242056   -0.242044   -0.202348   -0.202255   -0.202162   -0.202068   -0.201601   -0.201132   -0.200249   -0.199400   -0.195022   -0.190170   -0.185432   -0.180810   -0.166085   -0.161123   -0.156284   -0.151546   -0.146918   -0.128988   -0.124264   -0.122006
   -0.273589   -0.273584   -0.273578   -0.273567   -0.273556   -0.273545   -0.273534   -0.273523   -0.273512   -0.273502   -0.242357   -0.242345   -0.242333   -0.242321   -0.242309   -0.242297   -0.242285   -0.202636   -0.202544   -0.202451   -0.202358   -0.201894   -0.201429   -0.200553   -0.199710   -0.195343   -0.190503   -0.185778   -0.181168   -0.166478   -0.161533   -0.156711   -0.151991   -0.147381   -0.129520   -0.124821   -0.129242
   -0.273802   -0.273798   -0.273791   -0.273781   -0.273770   -0.273759   -0.273748   -0.273738   -0.273727   -0.273717   -0.242600   -0.242588   -0.242576   -0.242564   -0.242552   -0.242540   -0.242528   -0.202927   -0.202835   -0.202743   -0.202651   -0.202189   -0.201726   -0.200854   -0.200015   -0.195659   -0.190831   -0.186118   -0.181521   -0.166866   -0.161937   -0.157132   -0.152429   -0.147836   -0.136061   -0.131525   -0.129320
   -0.274012   -0.274008   -0.274002   -0.273991   -0.273980   -0.273970   -0.273959   -0.273949   -0.273938   -0.273928   -0.242838   -0.242826   -0.242814   -0.242803   -0.242791   -0.242779   -0.242768   -0.203213   -0.203121   -0.203030   -0.202938   -0.202478   -0.202018   -0.201151   -0.200317   -0.195970   -0.191154   -0.186452   -0.181868   -0.167248   -0.166989   -0.162313   -0.157738   -0.153274   -0.136141   -0.131620   -0.129430
   -0.274219   -0.274215   -0.274209   -0.274198   -0.274188   -0.274178   -0.274167   -0.274157   -0.274146   -0.274136   -0.243073   -0.243061   -0.243050   -0.243038   -0.243026   -0.243015   -0.243004   -0.203495   -0.203403   -0.203312   -0.203221   -0.202764   -0.202305   -0.201443   -0.200613   -0.196277   -0.195197   -0.190595   -0.186108   -0.171839   -0.167046   -0.162378   -0.157814   -0.153360   -0.136249   -0.131743   -0.129567
   -0.274423   -0.274419   -0.274413   -0.274403   -0.274393   -0.274382   -0.274372   -0.274362   -0.274351   -0.274341   -0.243304   -0.243293   -0.243281   -0.243270   -0.243258   -0.243247   -0.243236   -0.203772   -0.203681   -0.206850   -0.206761   -0.206314   -0.205866   -0.205023   -0.204212   -0.199957   -0.195244   -0.190647   -0.186168   -0.171909   -0.167125   -0.162467   -0.157912   -0.153470   -0.136382   -0.131892   -0.129731
   -0.276872   -0.276868   -0.276862   -0.276853   -0.276843   -0.276834   -0.276824   -0.276815   -0.276805   -0.276796   -0.246069   -0.246058   -0.246047   -0.246036   -0.246025   -0.246015   -0.246004   -0.207069   -0.206980   -0.206891   -0.206802   -0.206357   -0.205911   -0.205072   -0.204265   -0.200015   -0.195308   -0.190718   -0.186245   -0.171999   -0.167224   -0.162575   -0.158031   -0.153600   -0.136539   -0.132065   -0.129918
   -0.276912   -0.276908   -0.276902   -0.276893   -0.276884   -0.276874   -0.276865   -0.276855   -0.276846   -0.276837   -0.246114   -0.246104   -0.246093   -0.246082   -0.246072   -0.246061   -0.246051   -0.207124   -0.207036   -0.206947   -0.206859   -0.206416   -0.205971   -0.205136   -0.204333   -0.200089   -0.195388   -0.190804   -0.186338   -0.172106   -0.167340   -0.162701   -0.158169   -0.153750   -0.136717   -0.132259   -0.130127
   -0.276962   -0.276958   -0.276953   -0.276943   -0.276934   -0.276925   -0.276915   -0.276906   -0.276897   -0.276888   -0.246172   -0.246161   -0.246151   -0.246140   -0.246130   -0.246119   -0.246109   -0.207193   -0.207105   -0.207017   -0.206929   -0.206488   -0.206045   -0.205214   -0.204416   -0.200177   -0.195483   -0.190906   -0.186447   -0.172230   -0.167474   -0.162846   -0.158324   -0.153917   -0.136916   -0.132477   -0.130361
   -0.277022   -0.277018   -0.277012   -0.277003   -0.276994   -0.276985   -0.276976   -0.276966   -0.276957   -0.276948   -0.246240   -0.246229   -0.246219   -0.246209   -0.246198   -0.246188   -0.246178   -0.207275   -0.207187   -0.207100   -0.207012   -0.206573   -0.206132   -0.205305   -0.204511   -0.200279   -0.195591   -0.191021   -0.186570   -0.172369   -0.167623   -0.163007   -0.158498   -0.154105   -0.137138   -0.132719   -0.130621
   -0.277090   -0.277087   -0.277081   -0.277072   -0.277063   -0.277054   -0.277045   -0.277036   -0.277026   -0.277018   -0.246318   -0.246308   -0.246298   -0.246287   -0.246277   -0.246267   -0.246257   -0.207369   -0.207282   -0.207194   -0.207107   -0.206670   -0.206232   -0.205408   -0.204618   -0.200393   -0.195712   -0.191150   -0.186708   -0.172525   -0.167791   -0.163187   -0.158692   -0.154314   -0.137384   -0.132986   -0.130905
   -0.277167   -0.277164   -0.277158   -0.277149   -0.277140   -0.277131   -0.277122   -0.277113   -0.277104   -0.277096   -0.246406   -0.246396   -0.246386   -0.246376   -0.246365   -0.246355   -0.246346   -0.207474   -0.207387   -0.207301   -0.207214   -0.206779   -0.206343   -0.205524   -0.204739   -0.200521   -0.195848   -0.191295   -0.186863   -0.172699   -0.167977   -0.163386   -0.158906   -0.154543   -0.137653   -0.133277   -0.131214
   -0.277254   -0.277250   -0.277245   -0.277236   -0.277227   -0.277219   -0.277210   -0.277201   -0.277192   -0.277183   -0.246504   -0.246495   -0.246485   -0.246475   -0.246465   -0.246455   -0.246445   -0.207592   -0.207506   -0.207420   -0.207333   -0.206900   -0.206467   -0.205653   -0.204873   -0.200663   -0.195999   -0.191455   -0.187033   -0.172890   -0.168181   -0.163605   -0.159139   -0.154793   -0.137946   -0.133584   -0.131518
   -0.277350   -0.277347   -0.277342   -0.277333   -0.277324   -0.277316   -0.277307   -0.277298   -0.277289   -0.277281   -0.246614   -0.246604   -0.246595   -0.246585   -0.246575   -0.246565   -0.246556   -0.207724   -0.207638   -0.207552   -0.207466   -0.207036   -0.206605   -0.205796   -0.205022   -0.200819   -0.196165   -0.191631   -0.187219   -0.173098   -0.168404   -0.163841   -0.159384   -0.155040   -0.138207   -0.133836   -0.131761
   -0.277456   -0.277453   -0.277448   -0.277439   -0.277431   -0.277422   -0.277414   -0.277405   -0.277397   -0.277388   -0.246735   -0.246725   -0.246716   -0.246706   -0.246696   -0.246687   -0.246678   -0.207868   -0.207783   -0.207697   -0.207612   -0.207184   -0.206756   -0.205953   -0.205184   -0.200990   -0.196346   -0.191821   -0.187415   -0.173308   -0.168612   -0.164044   -0.159583   -0.155236   -0.138419   -0.134048   -0.131969
   -0.277572   -0.277569   -0.277564   -0.277556   -0.277547   -0.277539   -0.277530   -0.277522   -0.277513   -0.277505   -0.246866   -0.246857   -0.246848   -0.246838   -0.246829   -0.246819   -0.246810   -0.208026   -0.207941   -0.207856   -0.207771   -0.207346   -0.206919   -0.206118   -0.205349   -0.201156   -0.196510   -0.191982   -0.187574   -0.173474   -0.168778   -0.164211   -0.159750   -0.155405   -0.138605   -0.134236   -0.132157
   -0.277681   -0.277677   -0.277672   -0.277664   -0.277655   -0.277647   -0.277638   -0.277630   -0.277621   -0.277613   -0.246987   -0.246978   -0.246968   -0.246959   -0.246949   -0.246939   -0.246930   -0.208168   -0.208083   -0.207998   -0.207912   -0.207485   -0.207056   -0.206252   -0.205480   -0.201287   -0.196641   -0.192115   -0.187708   -0.173617   -0.168923   -0.164357   -0.159900   -0.155557   -0.138773   -0.134408   -0.132331
   -0.277767   -0.277763   -0.277758   -0.277750   -0.277741   -0.277733   -0.277724   -0.277716   -0.277707   -0.277699   -0.247084   -0.247074   -0.247065   -0.247055   -0.247045   -0.247036   -0.247027   -0.208282   -0.208197   -0.208112   -0.208026   -0.207598   -0.207169   -0.206364   -0.205592   -0.201400   -0.196757   -0.192232   -0.187827   -0.173745   -0.169054   -0.164491   -0.160037   -0.155698   -0.138932   -0.134575   -0.132504
   -0.277842   -0.277838   -0.277833   -0.277825   -0.277816   -0.277808   -0.277799   -0.277790   -0.277782   -0.277774   -0.247168   -0.247158   -0.247149   -0.247139   -0.247130   -0.247120   -0.247111   -0.208382   -0.208297   -0.208211   -0.208126   -0.207698   -0.207269   -0.206464   -0.205692   -0.201502   -0.196861   -0.192338   -0.187936   -0.173863   -0.169176   -0.164619   -0.160170   -0.155837   -0.139092   -0.134743   -0.132678
   -0.277909   -0.277906   -0.277901   -0.277893   -0.277884   -0.277875   -0.277867   -0.277858   -0.277850   -0.277842   -0.247244   -0.247235   -0.247225   -0.247216   -0.247206   -0.247196   -0.247187   -0.208473   -0.208388   -0.208302   -0.208217   -0.207789   -0.207360   -0.206556   -0.205784   -0.201597   -0.196959   -0.192441   -0.188042   -0.173980   -0.169299   -0.164747   -0.160305   -0.155979   -0.139253   -0.134913   -0.132855
   -0.277973   -0.277970   -0.277965   -0.277956   -0.277948   -0.277939   -0.277931   -0.277922   -0.277914   -0.277906   -0.247316   -0.247307   -0.247297   -0.247288   -0.247278   -0.247269   -0.247259   -0.208558   -0.208473   -0.208388   -0.208303   -0.207876   -0.207448   -0.206645   -0.205876   -0.201692   -0.197058   -0.192544   -0.188150   -0.174099   -0.169423   -0.164877   -0.160441   -0.156122   -0.139417   -0.135085   -0.133033
   -0.278037   -0.278034   -0.278029   -0.278020   -0.278012   -0.278003   -0.277995   -0.277986   -0.277978   -0.277970   -0.247389   -0.247379   -0.247370   -0.247360   -0.247351   -0.247341   -0.247332   -0.208645   -0.208560   -0.208475   -0.208389   -0.207964   -0.207537   -0.206736   -0.205968   -0.201788   -0.197159   -0.192648   -0.188259   -0.174219   -0.169549   -0.165009   -0.160579   -0.156266   -0.139582   -0.135259   -0.133214
   -0.278102   -0.278098   -0.278093   -0.278085   -0.278077   -0.278068   -0.278060   -0.278052   -0.278043   -0.278035   -0.247462   -0.247452   -0.247443   -0.247434   -0.247424   -0.247415   -0.247406   -0.208732   -0.208647   -0.208562   -0.208477   -0.208052   -0.207626   -0.206828   -0.206062   -0.201886   -0.197260   -0.192754   -0.188369   -0.174340   -0.169676   -0.165142   -0.160719   -0.156413   -0.139751   -0.135440   -0.133405
   -0.278167   -0.278164   -0.278159   -0.278151   -0.278142   -0.278134   -0.278126   -0.278117   -0.278109   -0.278101   -0.247536   -0.247527   -0.247517   -0.247508   -0.247499   -0.247489   -0.247480   -0.208820   -0.208736   -0.208651   -0.208566   -0.208142   -0.207717   -0.206921   -0.206157   -0.201984   -0.197363   -0.192861   -0.188481   -0.174463   -0.169806   -0.165280   -0.160865   -0.156568   -0.139932   -0.135634   -0.133610
   -0.278234   -0.278230   -0.278225   -0.278217   -0.278209   -0.278201   -0.278192   -0.278184   -0.278176   -0.278168   -0.247611   -0.247602   -0.247592   -0.247583   -0.247574   -0.247565   -0.247556   -0.208910   -0.208825   -0.208741   -0.208656   -0.208233   -0.207809   -0.207014   -0.206253   -0.202085   -0.197468   -0.192972   -0.188598   -0.174594   -0.169944   -0.165427   -0.161021   -0.156735   -0.140126   -0.135843   -0.133832
   -0.278302   -0.278298   -0.278293   -0.278285   -0.278277   -0.278269   -0.278261   -0.278253   -0.278244   -0.278237   -0.247688   -0.247679   -0.247670   -0.247661   -0.247651   -0.247642   -0.247633   -0.209002   -0.208918   -0.208833   -0.208749   -0.208327   -0.207905   -0.207113   -0.206355   -0.202192   -0.197581   -0.193091   -0.188724   -0.174734   -0.170094   -0.165586   -0.161191   -0.156916   -0.140335   -0.136065   -0.134061
   -0.278374   -0.278371   -0.278366   -0.278358   -0.278350   -0.278342   -0.278334   -0.278326   -0.278318   -0.278310   -0.247771   -0.247762   -0.247753   -0.247744   -0.247734   -0.247725   -0.247717   -0.209100   -0.209017   -0.208933   -0.208849   -0.208429   -0.208008   -0.207220   -0.206465   -0.202307   -0.197703   -0.193220   -0.188859   -0.174886   -0.170255   -0.165756   -0.161369   -0.157102   -0.140547   -0.136286   -0.134289
   -0.278453   -0.278450   -0.278445   -0.278437   -0.278429   -0.278421   -0.278413   -0.278405   -0.278397   -0.278390   -0.247860   -0.247851   -0.247842   -0.247833   -0.247824   -0.247815   -0.247807   -0.209207   -0.209123   -0.209040   -0.208956   -0.208538   -0.208119   -0.207334   -0.206584   -0.202432   -0.197834   -0.193357   -0.189003   -0.175043   -0.170418   -0.165926   -0.161547   -0.157288   -0.140757   -0.136507   -0.134516
   -0.278538   -0.278535   -0.278530   -0.278522   -0.278514   -0.278506   -0.278498   -0.278490   -0.278483   -0.278475   -0.247956   -0.247947   -0.247938   -0.247929   -0.247920   -0.247912   -0.247903   -0.209321   -0.209238   -0.209155   -0.209072   -0.208655   -0.208237   -0.207455   -0.206707   -0.202560   -0.197966   -0.193494   -0.189145   -0.175200   -0.170581   -0.166096   -0.161724   -0.157473   -0.140967   -0.136726   -0.134743
   -0.278623   -0.278620   -0.278616   -0.278608   -0.278600   -0.278592   -0.278584   -0.278577   -0.278569   -0.278561   -0.248053   -0.248044   -0.248035   -0.248027   -0.248018   -0.248009   -0.248001   -0.209437   -0.209354   -0.209271   -0.209187   -0.208772   -0.208355   -0.207575   -0.206829   -0.202686   -0.198098   -0.193631   -0.189287   -0.175355   -0.170744   -0.166266   -0.161901   -0.157658   -0.141178   -0.136950   -0.134977
   -0.278709   -0.278706   -0.278701   -0.278693   -0.278686   -0.278678   -0.278670   -0.278662   -0.278655   -0.278647   -0.248149   -0.248141   -0.248132   -0.248123   -0.248115   -0.248106   -0.248097   -0.209551   -0.209469   -0.209386   -0.209303   -0.208888   -0.208473   -0.207695   -0.206951   -0.202813   -0.198229   -0.193767   -0.189429   -0.175511   -0.170907   -0.166438   -0.162082   -0.157849   -0.141398   -0.137183   -0.135221
   -0.278794   -0.278791   -0.278786   -0.278779   -0.278771   -0.278763   -0.278756   -0.278748   -0.278740   -0.278733   -0.248245   -0.248237   -0.248228   -0.248220   -0.248211   -0.248202   -0.248194   -0.209666   -0.209583   -0.209500   -0.209418   -0.209004   -0.208590   -0.207815   -0.207073   -0.202940   -0.198362   -0.193907   -0.189575   -0.175673   -0.171077   -0.166617   -0.162271   -0.158048   -0.141627   -0.137426   -0.135474
   -0.278880   -0.278877   -0.278873   -0.278865   -0.278857   -0.278850   -0.278842   -0.278835   -0.278827   -0.278820   -0.248343   -0.248335   -0.248326   -0.248318   -0.248309   -0.248300   -0.248292   -0.209782   -0.209700   -0.209617   -0.209535   -0.209123   -0.208710   -0.207938   -0.207200   -0.203072   -0.198501   -0.194052   -0.189727   -0.175841   -0.171254   -0.166804   -0.162468 -999.000000 -999.000000 -999.000000 -999.000000
   -0.278970   -0.278967   -0.278963   -0.278955   -0.278948   -0.278940   -0.278933   -0.278925   -0.278918   -0.278910   -0.248445   -0.248436   -0.248428   -0.248420   -0.248411   -0.248403   -0.248395   -0.209903   -0.209821   -0.209739   -0.209657   -0.209247   -0.208836   -0.208067   -0.207332   -0.203210   -0.198645   -0.194203   -0.189886 -999.000000 -999.000000 -999.000000 -999.000000 -999.000000 -999.000000 -999.000000 -999.000000
   -0.279064   -0.279061   -0.279057   -0.279049   -0.279042   -0.279034   -0.279027   -0.279020   -0.279012   -0.279005   -0.248551   -0.248543   -0.248535   -0.248526   -0.248518   -0.248510   -0.248502   -0.210030   -0.209948   -0.209866   -0.209785   -0.209376   -0.208967   -0.208201 -999.000000 -999.000000 -999.000000 -999.000000 -999.000000 -999.000000 -999.000000 -999.000000 -999.000000 -999.000000 -999.000000 -999.000000 -999.000000
#
# ak135 travel-time table for SP
#
