#
# ak135 travel-time table for PKSdf
#
# number of distance and depth samples
72 37
# delta samples
109.000 110.000 111.000 112.000 113.000 114.000 115.000 116.000 117.000 118.000 119.000 120.000 121.000 122.000 123.000 124.000 125.000 126.000 127.000 128.000 129.000 130.000 131.000 132.000 133.000 
134.000 135.000 136.000 137.000 138.000 139.000 140.000 141.000 142.000 143.000 144.000 145.000 146.000 147.000 148.000 149.000 150.000 151.000 152.000 153.000 154.000 155.000 156.000 157.000 158.000 
159.000 160.000 161.000 162.000 163.000 164.000 165.000 166.000 167.000 168.000 169.000 170.000 171.000 172.000 173.000 174.000 175.000 176.000 177.000 178.000 179.000 180.000 
# depth samples
    0.000000    1.000000    2.500000    5.000000    7.500000   10.000000   12.500000   15.000000   17.500000   19.900000   20.000000   22.500000   25.000000   27.500000   30.000000   32.500000   34.900000   35.000000   40.000000   45.000000   50.000000   75.000000  100.000000  150.000000  200.000000  250.000000  300.000000  350.000000  400.000000  450.000000  500.000000  550.000000  600.000000  650.000000  700.000000  750.000000  800.000000
#
# travel times (rows - delta, columns - depth)
#
 -999.000000 -999.000000 -999.000000 -999.000000 -999.000000 -999.000000 -999.000000 -999.000000 -999.000000 -999.000000 -999.000000 -999.000000 -999.000000 -999.000000 -999.000000 -999.000000 -999.000000 -999.000000 -999.000000 -999.000000 -999.000000 -999.000000 -999.000000 -999.000000 -999.000000 -999.000000 -999.000000 -999.000000 -999.000000 -999.000000 -999.000000 -999.000000 -999.000000 -999.000000 -999.000000 1244.971313 1240.566895
 -999.000000 -999.000000 -999.000000 -999.000000 -999.000000 -999.000000 -999.000000 -999.000000 -999.000000 -999.000000 -999.000000 -999.000000 -999.000000 -999.000000 -999.000000 -999.000000 -999.000000 -999.000000 -999.000000 -999.000000 -999.000000 -999.000000 -999.000000 -999.000000 1304.097168 1298.180420 1292.393555 1286.731934 1281.190796 1275.918823 1270.782837 1265.739746 1260.786499 1255.920410 1251.350830 1246.895508 1242.491211
 1331.904785 1331.733276 1331.475952 1331.047119 1330.618286 1330.189453 1329.760498 1329.331665 1328.902832 1328.491211 1328.473999 1328.091919 1327.709717 1327.327515 1326.945435 1326.563232 1326.196411 1326.181152 1325.565308 1324.949707 1324.333984 1321.256714 1318.180786 1312.052002 1306.021484 1300.104614 1294.317749 1288.656250 1283.114990 1277.843018 1272.707031 1267.663940 1262.710693 1257.844604 1253.274902 1248.819580 1244.415283
 1333.828979 1333.657471 1333.400146 1332.971313 1332.542358 1332.113525 1331.684692 1331.255859 1330.827026 1330.415283 1330.398193 1330.015991 1329.633911 1329.251709 1328.869507 1328.487427 1328.120483 1328.105347 1327.489502 1326.873779 1326.258179 1323.180786 1320.104858 1313.976196 1307.945557 1302.028687 1296.241821 1290.580322 1285.039062 1279.767090 1274.630981 1269.587891 1264.634521 1259.768433 1255.198730 1250.743408 1246.338989
 1335.752808 1335.581299 1335.323975 1334.895142 1334.466309 1334.037354 1333.608521 1333.179688 1332.750854 1332.339111 1332.322021 1331.939819 1331.557739 1331.175537 1330.793335 1330.411255 1330.044312 1330.029175 1329.413330 1328.797607 1328.182007 1325.104614 1322.028687 1315.899902 1309.869263 1303.952393 1298.165527 1292.503906 1286.962646 1281.690674 1276.554565 1271.511353 1266.557983 1261.691772 1257.122070 1252.666626 1248.262207
 1337.676147 1337.504639 1337.247314 1336.818481 1336.389648 1335.960815 1335.531982 1335.103027 1334.674194 1334.262573 1334.245361 1333.863159 1333.481079 1333.098877 1332.716797 1332.334595 1331.967773 1331.952515 1331.336670 1330.720947 1330.105347 1327.027954 1323.952026 1317.823242 1311.792480 1305.875610 1300.088623 1294.427002 1288.885620 1283.613647 1278.477417 1273.434204 1268.480713 1263.614502 1259.044678 1254.589111 1250.184570
 1339.598877 1339.427368 1339.170044 1338.741211 1338.312378 1337.883423 1337.454590 1337.025757 1336.596924 1336.185181 1336.168091 1335.785889 1335.403687 1335.021606 1334.639404 1334.257202 1333.890381 1333.875122 1333.259399 1332.643677 1332.027954 1328.950562 1325.874634 1319.745728 1313.714966 1307.798096 1302.010986 1296.349243 1290.807861 1285.535767 1280.399536 1275.356201 1270.402710 1265.536255 1260.966309 1256.510742 1252.106079
 1341.520752 1341.349121 1341.091797 1340.662964 1340.234131 1339.805298 1339.376465 1338.947510 1338.518677 1338.107056 1338.089844 1337.707642 1337.325562 1336.943359 1336.561157 1336.179077 1335.812134 1335.796997 1335.181152 1334.565430 1333.949707 1330.872314 1327.796265 1321.667358 1315.636597 1309.719482 1303.932495 1298.270630 1292.729126 1287.456909 1282.320557 1277.277100 1272.323486 1267.456909 1262.886841 1258.431152 1254.026245
 1343.441406 1343.269897 1343.012573 1342.583618 1342.154785 1341.725952 1341.297119 1340.868286 1340.439331 1340.027710 1340.010498 1339.628296 1339.246216 1338.864014 1338.481812 1338.099731 1337.732788 1337.717651 1337.101807 1336.486084 1335.870361 1332.792969 1329.716797 1323.587769 1317.556885 1311.639771 1305.852661 1300.190674 1294.649048 1289.376709 1284.240234 1279.196655 1274.242920 1269.376343 1264.806030 1260.350098 1255.945068
 1345.360718 1345.189209 1344.931885 1344.503052 1344.074097 1343.645264 1343.216431 1342.787598 1342.358643 1341.947021 1341.929810 1341.547607 1341.165527 1340.783325 1340.401123 1340.018921 1339.652100 1339.636841 1339.020996 1338.405273 1337.789673 1334.712158 1331.635986 1325.506836 1319.475830 1313.558716 1307.771362 1302.109253 1296.567505 1291.295044 1286.158447 1281.114746 1276.160767 1271.293945 1266.723511 1262.267456 1257.862183
 1347.278442 1347.106934 1346.849609 1346.420654 1345.991821 1345.562988 1345.134033 1344.705200 1344.276367 1343.864624 1343.847534 1343.465332 1343.083130 1342.700928 1342.318848 1341.936646 1341.569702 1341.554565 1340.938721 1340.322998 1339.707275 1336.629639 1333.553467 1327.424194 1321.393188 1315.475830 1309.688354 1304.026123 1298.484253 1293.211548 1288.074829 1283.030884 1278.076782 1273.209717 1268.639160 1264.182739 1259.777222
 1349.194214 1349.022705 1348.765381 1348.336426 1347.907593 1347.478760 1347.049805 1346.620972 1346.192139 1345.780396 1345.763306 1345.381104 1344.998901 1344.616699 1344.234497 1343.852295 1343.485474 1343.470215 1342.854370 1342.238647 1341.622925 1338.545288 1335.468994 1329.339600 1323.308350 1317.390869 1311.603271 1305.940918 1300.398804 1295.125977 1289.989014 1284.944824 1279.990601 1275.123291 1270.552368 1266.095703 1261.689941
 1351.107788 1350.936157 1350.678833 1350.250000 1349.821167 1349.392212 1348.963379 1348.534546 1348.105591 1347.693848 1347.676758 1347.294556 1346.912354 1346.530151 1346.147949 1345.765869 1345.398926 1345.383667 1344.767822 1344.152100 1343.536377 1340.458618 1337.382324 1331.252808 1325.221313 1319.303589 1313.515869 1307.853271 1302.311035 1297.037964 1291.900757 1286.856323 1281.901733 1277.034302 1272.463013 1268.006104 1263.599976
 1353.018677 1352.847168 1352.589844 1352.161011 1351.732056 1351.303223 1350.874268 1350.445435 1350.016479 1349.604858 1349.587646 1349.205444 1348.823242 1348.441040 1348.058838 1347.676758 1347.309814 1347.294556 1346.678711 1346.062866 1345.447144 1342.369385 1339.292969 1333.163208 1327.131592 1321.213745 1315.425659 1309.762939 1304.220459 1298.947144 1293.809570 1288.764893 1283.810059 1278.942261 1274.370728 1269.913452 1265.506958
 1354.926758 1354.755127 1354.497803 1354.068970 1353.640015 1353.211182 1352.782227 1352.353394 1351.924438 1351.512817 1351.495605 1351.113403 1350.731201 1350.348999 1349.966797 1349.584595 1349.217651 1349.202515 1348.586548 1347.970825 1347.354980 1344.277100 1341.200562 1335.070679 1329.038818 1323.120728 1317.332397 1311.669434 1306.126587 1300.853027 1295.715210 1290.670288 1285.715088 1280.846924 1276.275024 1271.817261 1267.410400
 1356.831421 1356.659790 1356.402466 1355.973511 1355.544678 1355.115723 1354.686890 1354.257935 1353.829102 1353.417358 1353.400269 1353.017944 1352.635742 1352.253540 1351.871338 1351.489136 1351.122192 1351.106934 1350.491089 1349.875244 1349.259399 1346.181396 1343.104736 1336.974609 1330.942505 1325.024170 1319.235596 1313.572266 1308.029175 1302.755371 1297.617188 1292.571899 1287.616333 1282.747681 1278.175415 1273.717163 1269.309814
 1358.732178 1358.560669 1358.303223 1357.874390 1357.445435 1357.016479 1356.587646 1356.158691 1355.729858 1355.318115 1355.300903 1354.918701 1354.536499 1354.154297 1353.771973 1353.389771 1353.022949 1353.007690 1352.391724 1351.775879 1351.160034 1348.081909 1345.005127 1338.874634 1332.842285 1326.923584 1321.134766 1315.471191 1309.927734 1304.653442 1299.514893 1294.469238 1289.513184 1284.644165 1280.071411 1275.612671 1271.204834
 1360.628662 1360.457031 1360.199707 1359.770752 1359.341919 1358.912964 1358.484009 1358.055176 1357.626221 1357.214478 1357.197388 1356.815063 1356.432861 1356.050659 1355.668335 1355.286133 1354.919189 1354.903931 1354.287964 1353.672119 1353.056274 1349.978027 1346.901001 1340.770264 1334.737671 1328.818604 1323.029419 1317.365479 1311.821655 1306.546997 1301.407959 1296.361816 1291.405396 1286.535889 1281.962402 1277.503174 1273.094727
 1362.520264 1362.348633 1362.091309 1361.662354 1361.233398 1360.804443 1360.375610 1359.946655 1359.517700 1359.105957 1359.088867 1358.706543 1358.324341 1357.942017 1357.559814 1357.177612 1356.810669 1356.795410 1356.179321 1355.563477 1354.947632 1351.869141 1348.791992 1342.660889 1336.627930 1330.708496 1324.918945 1319.254517 1313.710327 1308.435181 1303.295776 1298.249023 1293.291992 1288.421997 1283.848022 1279.388184 1274.979004
 1364.406372 1364.234741 1363.977417 1363.548462 1363.119507 1362.690552 1362.261597 1361.832642 1361.403687 1360.991943 1360.974854 1360.592529 1360.210205 1359.828003 1359.445801 1359.063477 1358.696533 1358.681274 1358.065186 1357.449341 1356.833374 1353.754761 1350.677490 1344.546021 1338.512573 1332.592773 1326.802734 1321.137939 1315.593140 1310.317505 1305.177490 1300.130249 1295.172729 1290.302002 1285.727295 1281.266724 1276.856812
 1366.286255 1366.114624 1365.857300 1365.428345 1364.999390 1364.570435 1364.141479 1363.712524 1363.283569 1362.871704 1362.854614 1362.472290 1362.090088 1361.707764 1361.325439 1360.943237 1360.576294 1360.561035 1359.944946 1359.328979 1358.713013 1355.634155 1352.556641 1346.424683 1340.390869 1334.470581 1328.680054 1323.014771 1317.469482 1312.193237 1307.052734 1302.004761 1297.046509 1292.175171 1287.599731 1283.138428 1278.727661
 1368.159302 1367.987671 1367.730347 1367.301392 1366.872314 1366.443359 1366.014404 1365.585449 1365.156494 1364.744629 1364.727539 1364.345215 1363.962891 1363.580566 1363.198364 1362.816040 1362.449097 1362.433838 1361.817627 1361.201660 1360.585693 1357.506592 1354.428833 1348.296387 1342.262085 1336.341309 1330.550293 1324.884277 1319.338501 1314.061646 1308.920410 1303.871826 1298.912842 1294.040649 1289.464355 1285.002075 1280.590454
 1370.024658 1369.853027 1369.595581 1369.166626 1368.737671 1368.308594 1367.879639 1367.450684 1367.021606 1366.609863 1366.592651 1366.210327 1365.828003 1365.445679 1365.063354 1364.681152 1364.314087 1364.298828 1363.682617 1363.066528 1362.450562 1359.371216 1356.293213 1350.160278 1344.125366 1338.203979 1332.412354 1326.745850 1321.199341 1315.921753 1310.779663 1305.730347 1300.770508 1295.897583 1291.320312 1286.857056 1282.444336
 1371.881226 1371.709595 1371.452148 1371.023193 1370.594238 1370.165161 1369.736206 1369.307129 1368.878174 1368.466309 1368.449097 1368.066772 1367.684448 1367.302124 1366.919800 1366.537476 1366.170410 1366.155151 1365.538940 1364.922729 1364.306641 1361.227051 1358.148804 1352.015259 1345.979736 1340.057739 1334.265503 1328.598145 1323.051025 1317.772583 1312.629761 1307.579590 1302.618896 1297.744873 1293.166748 1288.702393 1284.288574
 1373.728271 1373.556641 1373.299316 1372.870239 1372.441162 1372.012207 1371.583130 1371.154053 1370.725098 1370.313232 1370.296021 1369.913696 1369.531372 1369.148926 1368.766602 1368.384277 1368.017212 1368.001953 1367.385620 1366.769409 1366.153320 1363.073364 1359.994751 1353.860596 1347.824463 1341.901733 1336.108765 1330.440674 1324.892700 1319.613525 1314.469849 1309.418701 1304.457031 1299.582153 1295.002808 1290.537354 1286.122314
 1375.565063 1375.393433 1375.135986 1374.706909 1374.277832 1373.848877 1373.419800 1372.990723 1372.561646 1372.149780 1372.132690 1371.750244 1371.367798 1370.985474 1370.603027 1370.220703 1369.853638 1369.838379 1369.221924 1368.605713 1367.989502 1364.909180 1361.830322 1355.695435 1349.658569 1343.735107 1337.941284 1332.272461 1326.723633 1321.443481 1316.298828 1311.246704 1306.283936 1301.407959 1296.827393 1292.360718 1287.944336
 1377.390381 1377.218750 1376.961304 1376.532227 1376.103149 1375.674072 1375.244995 1374.815918 1374.386841 1373.974854 1373.957764 1373.575317 1373.192871 1372.810425 1372.428101 1372.045654 1371.678589 1371.663330 1371.046875 1370.430542 1369.814209 1366.733521 1363.654297 1357.518677 1351.480957 1345.556763 1339.762085 1334.092285 1328.542480 1323.261353 1318.115601 1313.062378 1308.098511 1303.221191 1298.639404 1294.171265 1289.753418
 1379.203003 1379.031372 1378.773926 1378.344727 1377.915649 1377.486572 1377.057373 1376.628296 1376.199219 1375.787231 1375.770142 1375.387695 1375.005249 1374.622803 1374.240356 1373.857910 1373.490723 1373.475464 1372.858887 1372.242554 1371.626099 1368.545044 1365.465332 1359.328979 1353.290283 1347.365234 1341.569580 1335.898804 1330.348022 1325.065674 1319.918823 1314.864258 1309.899170 1305.020508 1300.437256 1295.967529 1291.548218
 1381.001465 1380.829834 1380.572266 1380.143188 1379.713989 1379.284912 1378.855713 1378.426636 1377.997437 1377.585449 1377.568359 1377.185791 1376.803345 1376.420898 1376.038330 1375.655884 1375.288696 1375.273438 1374.656860 1374.040283 1373.423828 1370.342407 1367.262207 1361.124878 1355.085327 1349.159180 1343.362427 1337.690674 1332.138672 1326.855225 1321.706909 1316.651123 1311.684570 1306.804565 1302.219604 1297.748291 1293.327148
 1382.784424 1382.612671 1382.355225 1381.926025 1381.496826 1381.067627 1380.638428 1380.209351 1379.780151 1379.368164 1379.350952 1378.968384 1378.585938 1378.203369 1377.820801 1377.438354 1377.071167 1377.055908 1376.439209 1375.822510 1375.205933 1372.124023 1369.043335 1362.904907 1356.864380 1350.937134 1345.139282 1339.466309 1333.913086 1328.628296 1323.478638 1318.421265 1313.453247 1308.571655 1303.984985 1299.511841 1295.088867
 1384.550171 1384.378418 1384.120972 1383.691650 1383.262451 1382.833252 1382.404053 1381.974854 1381.545654 1381.133545 1381.116455 1380.733887 1380.351318 1379.968750 1379.586182 1379.203613 1378.836304 1378.821045 1378.204224 1377.587524 1376.970825 1373.888306 1370.807129 1364.667725 1358.625977 1352.697510 1346.898560 1341.224243 1335.669678 1330.383423 1325.232300 1320.173340 1315.203613 1310.320312 1305.731812 1301.256714 1296.831787
 1386.297241 1386.125488 1385.867920 1385.438721 1385.009399 1384.580200 1384.150879 1383.721680 1383.292358 1382.880371 1382.863159 1382.480591 1382.097900 1381.715332 1381.332642 1380.950073 1380.582764 1380.567505 1379.950562 1379.333740 1378.717041 1375.633911 1372.552124 1366.411499 1360.368530 1354.438843 1348.638428 1342.962769 1337.406738 1332.118896 1326.966187 1321.905640 1316.934082 1312.048950 1307.458496 1302.981323 1298.554077
 1388.023804 1387.852051 1387.594482 1387.165161 1386.735840 1386.306641 1385.877319 1385.447998 1385.018677 1384.606567 1384.589478 1384.206787 1383.824097 1383.441406 1383.058716 1382.676147 1382.308716 1382.293457 1381.676392 1381.059448 1380.442627 1377.358887 1374.276489 1368.134521 1362.090332 1356.159180 1350.357422 1344.680176 1339.122681 1333.833130 1328.678711 1323.616211 1318.642944 1313.755737 1309.163086 1304.683594 1300.254150
 1389.728149 1389.556396 1389.298706 1388.869385 1388.440063 1388.010742 1387.581299 1387.151978 1386.722656 1386.310547 1386.293335 1385.910645 1385.527954 1385.145142 1384.762451 1384.379761 1384.012329 1383.997070 1383.379883 1382.762817 1382.145752 1379.061401 1375.978271 1369.835083 1363.789307 1357.856812 1352.053467 1346.374756 1340.815552 1335.524170 1330.367920 1325.303467 1320.328125 1315.438965 1310.843994 1306.362183 1301.930298
 1391.408325 1391.236572 1390.978882 1390.549561 1390.120117 1389.690674 1389.261353 1388.831909 1388.402466 1387.990356 1387.973145 1387.590332 1387.207642 1386.824829 1386.442017 1386.059326 1385.691895 1385.676636 1385.059204 1384.442017 1383.824829 1380.739746 1377.656006 1371.511230 1365.464111 1359.530029 1353.725098 1348.044678 1342.483643 1337.190552 1332.032227 1326.965820 1321.988403 1317.096924 1312.499634 1308.015381 1303.580811
 1393.062744 1392.890991 1392.633301 1392.203857 1391.774414 1391.344971 1390.915527 1390.486084 1390.056641 1389.644409 1389.627197 1389.244385 1388.861572 1388.478760 1388.095947 1387.713013 1387.345581 1387.330322 1386.712769 1386.095459 1385.478149 1382.392334 1379.307739 1373.161499 1367.112793 1361.177002 1355.370361 1349.688110 1344.125244 1338.830078 1333.669556 1328.600952 1323.621216 1318.727295 1314.127441 1309.640259 1305.202759
 1394.688599 1394.516846 1394.259155 1393.829590 1393.400146 1392.970581 1392.541138 1392.111572 1391.682129 1391.269775 1391.252686 1390.869751 1390.486816 1390.103882 1389.721069 1389.338135 1388.970581 1388.955322 1388.337646 1387.720093 1387.102661 1384.015991 1380.930542 1374.782593 1368.732056 1362.794434 1356.985840 1351.301636 1345.736572 1340.439209 1335.276367 1330.205322 1325.222900 1320.326416 1315.723511 1311.233398 1306.792847
 1396.282227 1396.110352 1395.852661 1395.423096 1394.993530 1394.563843 1394.134277 1393.704712 1393.275146 1392.862793 1392.845703 1392.462646 1392.079712 1391.696777 1391.313721 1390.930786 1390.563110 1390.547852 1389.930054 1389.312378 1388.694702 1385.607056 1382.520874 1376.370972 1370.318481 1364.378906 1358.568237 1352.881836 1347.314697 1342.014771 1336.849487 1331.775879 1326.790771 1321.891479 1317.285645 1312.792358 1308.348511
 1397.840698 1397.668823 1397.411133 1396.981445 1396.551758 1396.122192 1395.692505 1395.262939 1394.833252 1394.420776 1394.403687 1394.020630 1393.637573 1393.254517 1392.871460 1392.488403 1392.120728 1392.105469 1391.487427 1390.869507 1390.251709 1387.163208 1384.075928 1377.924194 1371.869751 1365.928101 1360.115356 1354.426758 1348.857300 1343.555054 1338.387207 1333.310913 1328.323242 1323.421143 1318.812378 1314.316040 1309.869141
 1399.363159 1399.191284 1398.933472 1398.503784 1398.074097 1397.644409 1397.214722 1396.785034 1396.355347 1395.942749 1395.925659 1395.542480 1395.159424 1394.776245 1394.393188 1394.010010 1393.642212 1393.626953 1393.008789 1392.390747 1391.772705 1388.683228 1385.595093 1379.441528 1373.385254 1367.441650 1361.626831 1355.936035 1350.364380 1345.059814 1339.889648 1334.810913 1329.820557 1324.915894 1320.304199 1315.804810 1311.354858
 1400.849976 1400.678101 1400.420288 1399.990479 1399.560669 1399.130981 1398.701172 1398.271484 1397.841675 1397.429077 1397.411987 1397.028687 1396.645508 1396.262329 1395.879150 1395.495972 1395.128174 1395.112915 1394.494507 1393.876221 1393.258057 1390.167725 1387.078735 1380.923340 1374.865112 1368.919556 1363.102661 1357.409912 1351.836060 1346.529175 1341.356445 1336.275269 1331.282349 1326.375000 1321.760376 1317.257935 1312.804810
 1402.300171 1402.128296 1401.870361 1401.440552 1401.010742 1400.580811 1400.151001 1399.721191 1399.291382 1398.878784 1398.861572 1398.478271 1398.095093 1397.711792 1397.328491 1396.945312 1396.577393 1396.562134 1395.943481 1395.325073 1394.706665 1391.615479 1388.525513 1382.368286 1376.308105 1370.360596 1364.541748 1358.846802 1353.270752 1347.961548 1342.786377 1337.702637 1332.707031 1327.796997 1323.179443 1318.673950 1314.217651
 1403.712158 1403.540161 1403.282227 1402.852417 1402.422485 1401.992554 1401.562744 1401.132812 1400.702881 1400.290161 1400.273071 1399.889648 1399.506348 1399.123047 1398.739746 1398.356323 1397.988403 1397.973145 1397.354370 1396.735718 1396.117188 1393.025024 1389.934204 1383.775024 1377.713013 1371.763428 1365.942505 1360.245361 1354.667114 1349.355469 1344.177856 1339.091553 1334.093262 1329.180420 1324.559937 1320.051392 1315.592041
 1405.084473 1404.912476 1404.654541 1404.224609 1403.794556 1403.364624 1402.934692 1402.504761 1402.074707 1401.661987 1401.644775 1401.261353 1400.878052 1400.494629 1400.111206 1399.727783 1399.359741 1399.344482 1398.725586 1398.106689 1397.487915 1394.394897 1391.303101 1385.142090 1379.078125 1373.126587 1367.303589 1361.604248 1356.023804 1350.709717 1345.529663 1340.440674 1335.439819 1330.524292 1325.900757 1321.389160 1316.926514
 1406.415771 1406.243774 1405.985840 1405.555786 1405.125732 1404.695679 1404.265747 1403.835693 1403.405640 1402.992798 1402.975708 1402.592163 1402.208740 1401.825195 1401.441772 1401.058228 1400.690063 1400.674805 1400.055786 1399.436768 1398.817871 1395.723877 1392.631104 1386.468262 1380.402222 1374.448730 1368.623657 1362.922241 1357.339478 1352.023071 1346.840454 1341.748901 1336.745483 1331.827148 1327.200806 1322.686035 1318.220337
 1407.705078 1407.533081 1407.275024 1406.844971 1406.414795 1405.984741 1405.554688 1405.124634 1404.694458 1404.281616 1404.264404 1403.880859 1403.497314 1403.113770 1402.730225 1402.346680 1401.978394 1401.963135 1401.343872 1400.724731 1400.105591 1397.010742 1393.917114 1387.752319 1381.684448 1375.728882 1369.901733 1364.198242 1358.613281 1353.294434 1348.109375 1343.015381 1338.009277 1333.088257 1328.458984 1323.941284 1319.472412
 1408.951294 1408.779297 1408.521118 1408.091064 1407.660889 1407.230713 1406.800537 1406.370361 1405.940308 1405.527344 1405.510132 1405.126465 1404.742798 1404.359253 1403.975586 1403.592041 1403.223755 1403.208374 1402.588989 1401.969604 1401.350342 1398.254517 1395.160034 1388.993408 1382.923584 1376.966187 1371.136963 1365.431274 1359.844116 1354.523071 1349.335571 1344.239014 1339.230347 1334.306763 1329.674561 1325.153809 1320.682007
 1410.153564 1409.981445 1409.723389 1409.293091 1408.862915 1408.432739 1408.002441 1407.572266 1407.142090 1406.729004 1406.711914 1406.328125 1405.944458 1405.560791 1405.177124 1404.793335 1404.425049 1404.409790 1403.790161 1403.170654 1402.551147 1399.454468 1396.359009 1390.190552 1384.118896 1378.159546 1372.328369 1366.620605 1361.031372 1355.708008 1350.518188 1345.419189 1340.407959 1335.481689 1330.846680 1326.323120 1321.848267
 1411.311035 1411.138916 1410.880737 1410.450562 1410.020264 1409.589966 1409.159668 1408.729370 1408.299072 1407.886108 1407.868896 1407.485107 1407.101318 1406.717529 1406.333862 1405.950073 1405.581665 1405.566406 1404.946533 1404.326904 1403.707153 1400.609619 1397.513306 1391.343140 1385.269653 1379.308350 1373.475220 1367.765503 1362.174072 1356.848511 1351.656372 1346.555054 1341.541382 1336.612549 1331.974854 1327.448364 1322.970581
 1412.422974 1412.250854 1411.992676 1411.562256 1411.131958 1410.701660 1410.271240 1409.840942 1409.410645 1408.997437 1408.980347 1408.596436 1408.212646 1407.828735 1407.444946 1407.061157 1406.692627 1406.677368 1406.057373 1405.437500 1404.817749 1401.719360 1398.622192 1392.450195 1386.375000 1380.411865 1374.576782 1368.865112 1363.271606 1357.943848 1352.749512 1347.645752 1342.629639 1337.698364 1333.057983 1328.528809 1324.048218
 1413.488770 1413.316528 1413.058350 1412.627930 1412.197510 1411.767212 1411.336792 1410.906372 1410.475952 1410.062744 1410.045654 1409.661743 1409.277832 1408.893921 1408.510010 1408.126099 1407.757568 1407.742310 1407.122192 1406.502075 1405.882080 1402.782959 1399.684937 1393.511353 1387.434448 1381.469482 1375.632568 1369.918945 1364.323608 1358.993774 1353.797241 1348.691284 1343.672852 1338.739258 1334.096313 1329.564453 1325.081177
 1414.508301 1414.336182 1414.077881 1413.647461 1413.217041 1412.786499 1412.356079 1411.925659 1411.495239 1411.082031 1411.064819 1410.680786 1410.296875 1409.912842 1409.528931 1409.145020 1408.776367 1408.761108 1408.140747 1407.520630 1406.900513 1403.800537 1400.701660 1394.526489 1388.447876 1382.481323 1376.642578 1370.927246 1365.329956 1359.998047 1354.799438 1349.691284 1344.670654 1339.734741 1335.089355 1330.554932 1326.068848
 1415.480957 1415.308716 1415.050415 1414.619995 1414.189453 1413.758911 1413.328369 1412.897949 1412.467407 1412.054077 1412.036987 1411.652954 1411.268921 1410.884888 1410.500854 1410.116821 1409.748169 1409.732910 1409.112427 1408.492065 1407.871826 1404.770996 1401.671509 1395.494751 1389.414429 1383.446167 1377.605835 1371.888550 1366.289429 1360.955566 1355.754883 1350.644653 1345.621826 1340.683716 1336.035767 1331.498901 1327.010254
 1416.405273 1416.233154 1415.974731 1415.544189 1415.113647 1414.683105 1414.252563 1413.822021 1413.391479 1412.978149 1412.960938 1412.576782 1412.192749 1411.808594 1411.424561 1411.040527 1410.671753 1410.656494 1410.035889 1409.415405 1408.794922 1405.693481 1402.593140 1396.414917 1390.333130 1384.363159 1378.521118 1372.802124 1367.201294 1361.865479 1356.662842 1351.550659 1346.525757 1341.585327 1336.935181 1332.395874 1327.904907
 1417.281250 1417.109009 1416.850708 1416.420044 1415.989502 1415.558838 1415.128296 1414.697632 1414.267090 1413.853638 1413.836426 1413.452271 1413.068115 1412.684082 1412.299927 1411.915771 1411.546997 1411.531738 1410.911011 1410.290283 1409.669800 1406.567505 1403.466553 1397.286865 1391.203613 1385.232178 1379.388550 1373.667969 1368.065308 1362.727783 1357.523315 1352.409058 1347.382202 1342.439819 1337.787476 1333.245850 1328.752563
 1418.108765 1417.936523 1417.678101 1417.247437 1416.816772 1416.386108 1415.955444 1415.524902 1415.094238 1414.680786 1414.663574 1414.279297 1413.895142 1413.510986 1413.126831 1412.742554 1412.373779 1412.358521 1411.737671 1411.116821 1410.496094 1407.393311 1404.291626 1398.110474 1392.025879 1386.052979 1380.207886 1374.485718 1368.881592 1363.542358 1358.336060 1353.220093 1348.191284 1343.246948 1338.592529 1334.048828 1329.553223
 1418.887573 1418.715332 1418.456909 1418.026123 1417.595459 1417.164795 1416.734131 1416.303345 1415.872681 1415.459229 1415.442017 1415.057739 1414.673462 1414.289307 1413.905029 1413.520752 1413.151978 1413.136597 1412.515625 1411.894775 1411.273926 1408.170410 1405.068115 1398.885742 1392.799805 1386.825562 1380.979004 1375.255371 1369.649658 1364.308838 1359.100830 1353.983154 1348.952637 1344.006592 1339.350098 1334.804321 1330.306641
 1419.617310 1419.445068 1419.186523 1418.755859 1418.325073 1417.894287 1417.463623 1417.032837 1416.602173 1416.188599 1416.171387 1415.787109 1415.402832 1415.018555 1414.634277 1414.250000 1413.880981 1413.865723 1413.244629 1412.623657 1412.002686 1408.898560 1405.795654 1399.612061 1393.524902 1387.549316 1381.701538 1375.976440 1370.369385 1365.026978 1359.817505 1354.698120 1349.666016 1344.718018 1340.059814 1335.512085 1331.012451
 1420.297607 1420.125366 1419.866821 1419.436035 1419.005249 1418.574463 1418.143677 1417.712891 1417.282104 1416.868652 1416.851440 1416.467041 1416.082764 1415.698364 1415.314087 1414.929688 1414.560791 1414.545410 1413.924194 1413.303101 1412.682007 1409.577393 1406.473877 1400.289185 1394.200806 1388.224121 1382.375000 1376.648682 1371.040283 1365.696411 1360.485474 1355.364624 1350.330811 1345.381348 1340.721313 1336.171753 1331.670410
 1420.928345 1420.756104 1420.497559 1420.066772 1419.635864 1419.205078 1418.774292 1418.343506 1417.912598 1417.499023 1417.481812 1417.097412 1416.713135 1416.328735 1415.944336 1415.559937 1415.190918 1415.175659 1414.554321 1413.933105 1413.311890 1410.206787 1407.102783 1400.916992 1394.827515 1388.849731 1382.999390 1377.271973 1371.662231 1366.317139 1361.104736 1355.982422 1350.947266 1345.996216 1341.334595 1336.783447 1332.280273
 1421.509277 1421.336914 1421.078491 1420.647583 1420.216797 1419.785889 1419.355103 1418.924194 1418.493286 1418.079712 1418.062500 1417.678101 1417.293701 1416.909302 1416.524902 1416.140381 1415.771362 1415.756104 1415.134644 1414.513306 1413.892090 1410.786499 1407.682007 1401.495239 1395.404785 1389.425903 1383.574463 1377.845947 1372.234985 1366.888672 1361.675049 1356.551514 1351.514893 1346.562500 1341.899414 1337.346680 1332.841919
 1422.040161 1421.867920 1421.609375 1421.178467 1420.747559 1420.316650 1419.885742 1419.454956 1419.024048 1418.610352 1418.593140 1418.208740 1417.824219 1417.439819 1417.055420 1416.670898 1416.301880 1416.286499 1415.665039 1415.043579 1414.422241 1411.316162 1408.211304 1402.023682 1395.932251 1389.952393 1384.100098 1378.370483 1372.758545 1367.411011 1362.196167 1357.071411 1352.033691 1347.079956 1342.415527 1337.861328 1333.355225
 1422.520996 1422.348633 1422.090088 1421.659180 1421.228271 1420.797363 1420.366455 1419.935547 1419.504639 1419.090942 1419.073730 1418.689209 1418.304688 1417.920288 1417.535767 1417.151245 1416.782227 1416.766846 1416.145264 1415.523804 1414.902344 1411.795898 1408.690552 1402.502075 1396.409912 1390.429199 1384.575928 1378.845337 1373.232544 1367.884033 1362.668213 1357.542358 1352.503418 1347.548584 1342.882812 1338.327393 1333.819946
 1422.951538 1422.779053 1422.520508 1422.089600 1421.658691 1421.227783 1420.796753 1420.365845 1419.934937 1419.521240 1419.504028 1419.119507 1418.734985 1418.350464 1417.965942 1417.581421 1417.212280 1417.197021 1416.575317 1415.953857 1415.332275 1412.225464 1409.119751 1402.930542 1396.837524 1390.856079 1385.002075 1379.270752 1373.656982 1368.307617 1363.090698 1357.963867 1352.924072 1347.968140 1343.301270 1338.744751 1334.236084
 1423.331665 1423.159302 1422.900635 1422.469727 1422.038696 1421.607788 1421.176880 1420.745850 1420.314941 1419.901245 1419.884033 1419.499390 1419.114868 1418.730347 1418.345825 1417.961304 1417.592163 1417.576782 1416.955078 1416.333496 1415.711914 1412.604736 1409.498779 1403.308960 1397.215210 1391.233154 1385.378296 1379.646240 1374.031738 1368.681519 1363.463867 1358.336182 1353.295410 1348.338623 1343.670776 1339.113159 1334.603394
 1423.661255 1423.488892 1423.230225 1422.799316 1422.368286 1421.937378 1421.506348 1421.075439 1420.644409 1420.230713 1420.213501 1419.828857 1419.444336 1419.059814 1418.675171 1418.290649 1417.921509 1417.906128 1417.284424 1416.662720 1416.041138 1412.933716 1409.827393 1403.636963 1397.542725 1391.559937 1385.704590 1379.971924 1374.356689 1369.005859 1363.787476 1358.658936 1353.617432 1348.659912 1343.991211 1339.432617 1334.921997
 1423.940308 1423.767822 1423.509277 1423.078247 1422.647217 1422.216309 1421.785278 1421.354248 1420.923340 1420.509521 1420.492310 1420.107666 1419.723145 1419.338623 1418.953979 1418.569458 1418.200195 1418.184937 1417.563110 1416.941406 1416.319702 1413.212036 1410.105469 1403.914673 1397.819946 1391.836670 1385.980713 1380.247437 1374.631836 1369.280273 1364.061279 1358.932251 1353.890015 1348.931763 1344.262329 1339.703003 1335.191650
 1424.168579 1423.996216 1423.737671 1423.306641 1422.875610 1422.444580 1422.013550 1421.582520 1421.151489 1420.737793 1420.720581 1420.335938 1419.951416 1419.566772 1419.182129 1418.797607 1418.428345 1418.413086 1417.791260 1417.169434 1416.547729 1413.439941 1410.333130 1404.141968 1398.046753 1392.063110 1386.206787 1380.473022 1374.856934 1369.504883 1364.285400 1359.155762 1354.113037 1349.154297 1344.484253 1339.924316 1335.412354
 1424.346313 1424.173950 1423.915283 1423.484253 1423.053223 1422.622192 1422.191162 1421.760132 1421.329102 1420.915405 1420.898193 1420.513550 1420.128906 1419.744385 1419.359741 1418.975098 1418.605957 1418.590576 1417.968750 1417.346924 1416.725220 1413.617188 1410.510254 1404.318726 1398.223267 1392.239380 1386.382690 1380.648560 1375.032104 1369.679688 1364.459839 1359.329834 1354.286621 1349.327393 1344.656982 1340.096558 1335.583984
 1424.473267 1424.300781 1424.042236 1423.611206 1423.180176 1422.749146 1422.318115 1421.887085 1421.456055 1421.042236 1421.025024 1420.640381 1420.255859 1419.871216 1419.486572 1419.101929 1418.732788 1418.717407 1418.095581 1417.473755 1416.851929 1413.743896 1410.636841 1404.445068 1398.349487 1392.365234 1386.508301 1380.774048 1375.157227 1369.804565 1364.584351 1359.454102 1354.410645 1349.451050 1344.780273 1340.219604 1335.706665
 1424.549438 1424.377075 1424.118408 1423.687378 1423.256348 1422.825317 1422.394287 1421.963257 1421.532227 1421.118408 1421.101196 1420.716553 1420.332031 1419.947388 1419.562744 1419.178101 1418.808960 1418.793579 1418.171631 1417.549927 1416.928101 1413.819946 1410.712891 1404.520996 1398.425171 1392.440796 1386.583740 1380.849365 1375.232422 1369.879517 1364.659180 1359.528809 1354.485107 1349.525391 1344.854370 1340.293457 1335.780396
 1424.574951 1424.402466 1424.143921 1423.712891 1423.281860 1422.850830 1422.419800 1421.988770 1421.557739 1421.143921 1421.126709 1420.742065 1420.357422 1419.972778 1419.588257 1419.203613 1418.834351 1418.818970 1418.197144 1417.575317 1416.953491 1413.845337 1410.738281 1404.546265 1398.450439 1392.466064 1386.609009 1380.874390 1375.257446 1369.904663 1364.684204 1359.553711 1354.510010 1349.550171 1344.879150 1340.318115 1335.804932
#
# dtdd (rows - delta, columns - depth)
#
 -999.000000 -999.000000 -999.000000 -999.000000 -999.000000 -999.000000 -999.000000 -999.000000 -999.000000 -999.000000 -999.000000 -999.000000 -999.000000 -999.000000 -999.000000 -999.000000 -999.000000 -999.000000 -999.000000 -999.000000 -999.000000 -999.000000 -999.000000 -999.000000 -999.000000 -999.000000 -999.000000 -999.000000 -999.000000 -999.000000 -999.000000 -999.000000 -999.000000 -999.000000 -999.000000    1.924292    1.924291
 -999.000000 -999.000000 -999.000000 -999.000000 -999.000000 -999.000000 -999.000000 -999.000000 -999.000000 -999.000000 -999.000000 -999.000000 -999.000000 -999.000000 -999.000000 -999.000000 -999.000000 -999.000000 -999.000000 -999.000000 -999.000000 -999.000000 -999.000000 -999.000000    1.924292    1.924291    1.924290    1.924287    1.924283    1.924278    1.924272    1.924263    1.924253    1.924242    1.924227    1.924210    1.924190
    1.924243    1.924243    1.924243    1.924242    1.924242    1.924242    1.924241    1.924241    1.924241    1.924241    1.924241    1.924240    1.924240    1.924240    1.924239    1.924239    1.924239    1.924239    1.924238    1.924237    1.924236    1.924232    1.924227    1.924217    1.924206    1.924194    1.924180    1.924165    1.924148    1.924129    1.924107    1.924084    1.924058    1.924029    1.923996    1.923960    1.923920
    1.924032    1.924032    1.924031    1.924031    1.924030    1.924029    1.924029    1.924028    1.924027    1.924026    1.924026    1.924026    1.924025    1.924024    1.924023    1.924023    1.924022    1.924022    1.924020    1.924018    1.924016    1.924006    1.923996    1.923974    1.923951    1.923927    1.923900    1.923872    1.923841    1.923807    1.923769    1.923729    1.923686    1.923640    1.923588    1.923531    1.923470
    1.923644    1.923644    1.923643    1.923642    1.923641    1.923640    1.923639    1.923638    1.923637    1.923636    1.923636    1.923634    1.923633    1.923632    1.923631    1.923629    1.923628    1.923628    1.923625    1.923622    1.923619    1.923603    1.923587    1.923553    1.923518    1.923480    1.923440    1.923397    1.923351    1.923301    1.923247    1.923189    1.923128    1.923062    1.922989    1.922910    1.922826
    1.923068    1.923068    1.923067    1.923065    1.923064    1.923062    1.923061    1.923059    1.923058    1.923056    1.923056    1.923054    1.923053    1.923051    1.923049    1.923047    1.923046    1.923046    1.923041    1.923037    1.923033    1.923010    1.922988    1.922941    1.922892    1.922840    1.922785    1.922727    1.922665    1.922598    1.922525    1.922449    1.922368    1.922282    1.922186    1.922083    1.921975
    1.922289    1.922288    1.922287    1.922285    1.922283    1.922281    1.922279    1.922277    1.922275    1.922273    1.922273    1.922271    1.922269    1.922266    1.922264    1.922262    1.922259    1.922259    1.922254    1.922248    1.922242    1.922213    1.922184    1.922123    1.922059    1.921992    1.921921    1.921847    1.921767    1.921681    1.921589    1.921492    1.921390    1.921281    1.921161    1.921033    1.920898
    1.921290    1.921289    1.921288    1.921285    1.921283    1.921280    1.921278    1.921275    1.921273    1.921270    1.921270    1.921267    1.921264    1.921261    1.921259    1.921256    1.921253    1.921253    1.921246    1.921238    1.921231    1.921195    1.921158    1.921082    1.921003    1.920919    1.920831    1.920739    1.920641    1.920534    1.920421    1.920303    1.920177    1.920045    1.919899    1.919743    1.919580
    1.920055    1.920054    1.920052    1.920049    1.920046    1.920043    1.920040    1.920036    1.920033    1.920030    1.920030    1.920027    1.920023    1.920020    1.920016    1.920013    1.920009    1.920009    1.920000    1.919992    1.919983    1.919939    1.919894    1.919802    1.919705    1.919604    1.919498    1.919386    1.919268    1.919140    1.919004    1.918861    1.918711    1.918553    1.918379    1.918193    1.917999
    1.918564    1.918562    1.918560    1.918556    1.918553    1.918549    1.918545    1.918542    1.918538    1.918534    1.918534    1.918530    1.918526    1.918522    1.918517    1.918513    1.918509    1.918509    1.918499    1.918488    1.918478    1.918425    1.918371    1.918261    1.918147    1.918026    1.917900    1.917767    1.917627    1.917476    1.917315    1.917147    1.916970    1.916783    1.916578    1.916360    1.916132
    1.916794    1.916792    1.916790    1.916785    1.916781    1.916777    1.916772    1.916768    1.916764    1.916759    1.916759    1.916754    1.916749    1.916745    1.916740    1.916735    1.916730    1.916730    1.916717    1.916705    1.916693    1.916631    1.916568    1.916438    1.916304    1.916163    1.916014    1.915859    1.915695    1.915518    1.915331    1.915134    1.914928    1.914711    1.914473    1.914220    1.913956
    1.914721    1.914719    1.914716    1.914711    1.914706    1.914701    1.914696    1.914691    1.914686    1.914681    1.914681    1.914675    1.914669    1.914664    1.914658    1.914652    1.914647    1.914646    1.914632    1.914618    1.914603    1.914531    1.914458    1.914308    1.914151    1.913988    1.913816    1.913636    1.913446    1.913241    1.913025    1.912798    1.912560    1.912310    1.912035    1.911744    1.911440
    1.912318    1.912315    1.912312    1.912306    1.912300    1.912295    1.912289    1.912283    1.912277    1.912271    1.912271    1.912264    1.912258    1.912251    1.912245    1.912238    1.912232    1.912231    1.912215    1.912198    1.912182    1.912099    1.912014    1.911841    1.911661    1.911473    1.911276    1.911068    1.910851    1.910615    1.910367    1.910107    1.909834    1.909548    1.909234    1.908901    1.908554
    1.909553    1.909551    1.909547    1.909540    1.909533    1.909527    1.909520    1.909513    1.909506    1.909500    1.909500    1.909492    1.909485    1.909477    1.909470    1.909462    1.909455    1.909454    1.909436    1.909417    1.909398    1.909302    1.909206    1.909008    1.908802    1.908587    1.908362    1.908125    1.907876    1.907608    1.907325    1.907029    1.906718    1.906392    1.906035    1.905657    1.905262
    1.906392    1.906389    1.906385    1.906377    1.906370    1.906362    1.906354    1.906347    1.906339    1.906332    1.906331    1.906323    1.906314    1.906306    1.906297    1.906289    1.906280    1.906280    1.906258    1.906237    1.906215    1.906107    1.905997    1.905772    1.905538    1.905294    1.905038    1.904769    1.904487    1.904183    1.903862    1.903526    1.903174    1.902805    1.902400    1.901973    1.901526
    1.902798    1.902794    1.902789    1.902781    1.902772    1.902763    1.902755    1.902746    1.902737    1.902729    1.902729    1.902719    1.902709    1.902700    1.902690    1.902680    1.902671    1.902670    1.902646    1.902622    1.902597    1.902474    1.902350    1.902095    1.901831    1.901554    1.901264    1.900960    1.900641    1.900297    1.899935    1.899556    1.899158    1.898742    1.898286    1.897804    1.897302
    1.898725    1.898721    1.898715    1.898705    1.898695    1.898686    1.898676    1.898666    1.898657    1.898647    1.898647    1.898636    1.898625    1.898614    1.898603    1.898592    1.898581    1.898581    1.898553    1.898526    1.898498    1.898360    1.898219    1.897933    1.897634    1.897322    1.896996    1.896654    1.896295    1.895908    1.895500    1.895073    1.894626    1.894159    1.893646    1.893104    1.892539
    1.894127    1.894122    1.894116    1.894105    1.894094    1.894083    1.894072    1.894061    1.894050    1.894040    1.894039    1.894027    1.894014    1.894002    1.893990    1.893977    1.893965    1.893965    1.893934    1.893903    1.893872    1.893716    1.893558    1.893236    1.892900    1.892550    1.892183    1.891798    1.891395    1.890961    1.890503    1.890024    1.889523    1.888999    1.888424    1.887818    1.887186
    1.888948    1.888943    1.888935    1.888923    1.888911    1.888899    1.888886    1.888874    1.888862    1.888850    1.888849    1.888836    1.888822    1.888808    1.888794    1.888780    1.888767    1.888766    1.888732    1.888697    1.888662    1.888487    1.888311    1.887949    1.887573    1.887180    1.886769    1.886338    1.885887    1.885401    1.884888    1.884352    1.883791    1.883204    1.882561    1.881883    1.881177
    1.883127    1.883122    1.883114    1.883100    1.883086    1.883072    1.883059    1.883045    1.883031    1.883018    1.883017    1.883002    1.882986    1.882971    1.882955    1.882940    1.882925    1.882924    1.882885    1.882847    1.882808    1.882612    1.882414    1.882010    1.881589    1.881150    1.880691    1.880210    1.879707    1.879164    1.878593    1.877995    1.877371    1.876718    1.876003    1.875248    1.874463
    1.876608    1.876602    1.876593    1.876577    1.876562    1.876547    1.876531    1.876516    1.876501    1.876486    1.876486    1.876468    1.876451    1.876434    1.876416    1.876399    1.876382    1.876382    1.876339    1.876296    1.876252    1.876034    1.875814    1.875363    1.874895    1.874407    1.873896    1.873360    1.872800    1.872196    1.871560    1.870895    1.870200    1.869472    1.868675    1.867834    1.866958
    1.869319    1.869312    1.869302    1.869285    1.869268    1.869251    1.869234    1.869217    1.869200    1.869183    1.869183    1.869163    1.869144    1.869125    1.869105    1.869086    1.869068    1.869067    1.869019    1.868971    1.868922    1.868679    1.868433    1.867930    1.867408    1.866862    1.866291    1.865693    1.865067    1.864391    1.863680    1.862936    1.862157    1.861343    1.860451    1.859509    1.858528
    1.861133    1.861125    1.861114    1.861095    1.861076    1.861056    1.861037    1.861018    1.860999    1.860981    1.860980    1.860958    1.860937    1.860915    1.860893    1.860872    1.860851    1.860850    1.860796    1.860742    1.860688    1.860416    1.860140    1.859576    1.858991    1.858379    1.857739    1.857069    1.856369    1.855618    1.854829    1.854007    1.853151    1.852258    1.851285    1.850262    1.849203
    1.851980    1.851972    1.851960    1.851939    1.851918    1.851897    1.851876    1.851855    1.851834    1.851814    1.851813    1.851790    1.851766    1.851743    1.851719    1.851695    1.851673    1.851672    1.851613    1.851554    1.851495    1.851198    1.850897    1.850286    1.849651    1.848991    1.848302    1.847582    1.846832    1.846025    1.845179    1.844298    1.843380    1.842424    1.841382    1.840287    1.839150
    1.842070    1.842062    1.842048    1.842026    1.842003    1.841981    1.841959    1.841936    1.841914    1.841892    1.841891    1.841866    1.841841    1.841815    1.841790    1.841765    1.841740    1.841739    1.841676    1.841613    1.841550    1.841232    1.840910    1.840254    1.839573    1.838863    1.838119    1.837342    1.836529    1.835653    1.834732    1.833769    1.832764    1.831714    1.830565    1.829355    1.828095
    1.831256    1.831246    1.831232    1.831207    1.831182    1.831158    1.831133    1.831108    1.831083    1.831060    1.831059    1.831031    1.831003    1.830975    1.830947    1.830919    1.830892    1.830891    1.830821    1.830752    1.830682    1.830330    1.829974    1.829247    1.828492    1.827704    1.826880    1.826018    1.825117    1.824145    1.823123    1.822056    1.820941    1.819777    1.818504    1.817165    1.815775
    1.819184    1.819173    1.819157    1.819129    1.819102    1.819074    1.819047    1.819020    1.818992    1.818966    1.818964    1.818934    1.818903    1.818872    1.818841    1.818810    1.818780    1.818779    1.818702    1.818624    1.818547    1.818156    1.817762    1.816957    1.816122    1.815252    1.814342    1.813391    1.812397    1.811327    1.810203    1.809031    1.807807    1.806530    1.805135    1.803667    1.802142
    1.805775    1.805763    1.805745    1.805715    1.805684    1.805654    1.805624    1.805594    1.805564    1.805535    1.805534    1.805500    1.805466    1.805432    1.805398    1.805364    1.805331    1.805330    1.805245    1.805160    1.805075    1.804646    1.804213    1.803329    1.802411    1.801455    1.800456    1.799411    1.798319    1.797144    1.795910    1.794625    1.793285    1.791887    1.790362    1.788759    1.787096
    1.790931    1.790918    1.790898    1.790865    1.790832    1.790799    1.790766    1.790733    1.790700    1.790669    1.790667    1.790630    1.790593    1.790556    1.790518    1.790481    1.790445    1.790444    1.790351    1.790258    1.790165    1.789696    1.789222    1.788256    1.787253    1.786210    1.785120    1.783982    1.782793    1.781515    1.780174    1.778776    1.777319    1.775800    1.774142    1.772401    1.770594
    1.774602    1.774588    1.774567    1.774531    1.774495    1.774459    1.774423    1.774387    1.774351    1.774317    1.774315    1.774275    1.774234    1.774194    1.774153    1.774112    1.774073    1.774072    1.773971    1.773870    1.773768    1.773258    1.772742    1.771690    1.770599    1.769463    1.768278    1.767040    1.765749    1.764362    1.762908    1.761393    1.759816    1.758173    1.756382    1.754502    1.752554
    1.756687    1.756672    1.756648    1.756610    1.756571    1.756532    1.756493    1.756454    1.756415    1.756378    1.756376    1.756333    1.756289    1.756245    1.756201    1.756157    1.756115    1.756113    1.756004    1.755894    1.755784    1.755232    1.754674    1.753538    1.752359    1.751133    1.749854    1.748519    1.747126    1.745631    1.744062    1.742429    1.740729    1.738958    1.737028    1.735004    1.732907
    1.737127    1.737111    1.737085    1.737044    1.737002    1.736960    1.736918    1.736876    1.736834    1.736793    1.736792    1.736745    1.736697    1.736650    1.736602    1.736555    1.736509    1.736508    1.736390    1.736271    1.736153    1.735557    1.734955    1.733729    1.732457    1.731135    1.729756    1.728317    1.726816    1.725204    1.723515    1.721757    1.719926    1.718022    1.715946    1.713769    1.711514
    1.715775    1.715757    1.715730    1.715685    1.715640    1.715595    1.715549    1.715504    1.715459    1.715415    1.715413    1.715363    1.715312    1.715261    1.715209    1.715158    1.715109    1.715107    1.714980    1.714853    1.714725    1.714083    1.713434    1.712112    1.710742    1.709318    1.707833    1.706283    1.704666    1.702931    1.701113    1.699225    1.697264    1.695228    1.693016    1.690702    1.688313
    1.692505    1.692485    1.692456    1.692408    1.692360    1.692312    1.692264    1.692216    1.692167    1.692121    1.692119    1.692065    1.692010    1.691956    1.691901    1.691847    1.691795    1.691792    1.691657    1.691521    1.691386    1.690702    1.690012    1.688609    1.687157    1.685651    1.684083    1.682450    1.680751    1.678931    1.677028    1.675054    1.673004    1.670877    1.668566    1.666151    1.663659
    1.667654    1.667634    1.667604    1.667554    1.667503    1.667453    1.667403    1.667352    1.667302    1.667253    1.667251    1.667194    1.667137    1.667081    1.667024    1.666967    1.666912    1.666910    1.666768    1.666626    1.666484    1.665769    1.665048    1.663582    1.662065    1.660491    1.658849    1.657134    1.655341    1.653413    1.651388    1.649276    1.647073    1.644775    1.642264    1.639624    1.636882
    1.640808    1.640786    1.640753    1.640698    1.640643    1.640587    1.640532    1.640477    1.640421    1.640368    1.640366    1.640303    1.640241    1.640179    1.640116    1.640053    1.639993    1.639991    1.639835    1.639679    1.639523    1.638736    1.637941    1.636318    1.634633    1.632877    1.631042    1.629124    1.627118    1.624960    1.622692    1.620326    1.617855    1.615277    1.612461    1.609515    1.606474
    1.610226    1.610202    1.610165    1.610103    1.610041    1.609979    1.609917    1.609855    1.609793    1.609733    1.609731    1.609661    1.609591    1.609522    1.609452    1.609382    1.609314    1.609312    1.609138    1.608963    1.608789    1.607911    1.607026    1.605224    1.603360    1.601426    1.599413    1.597317    1.595137    1.592802    1.590362    1.587829    1.585201    1.582474    1.579512    1.576418    1.573226
    1.576432    1.576406    1.576366    1.576301    1.576236    1.576171    1.576106    1.576040    1.575975    1.575912    1.575910    1.575836    1.575763    1.575689    1.575616    1.575542    1.575471    1.575468    1.575285    1.575101    1.574918    1.573994    1.573061    1.571164    1.569203    1.567169    1.565052    1.562849    1.560558    1.558105    1.555545    1.552905    1.550185    1.547384    1.544366    1.541238    1.538038
    1.540429    1.540403    1.540364    1.540298    1.540232    1.540167    1.540101    1.540035    1.539970    1.539907    1.539904    1.539830    1.539756    1.539682    1.539608    1.539534    1.539463    1.539460    1.539276    1.539092    1.538908    1.537982    1.537051    1.535163    1.533221    1.531218    1.529144    1.526997    1.524778    1.522416    1.519963    1.517435    1.514830    1.512146    1.509254    1.506255    1.503186
    1.504659    1.504634    1.504596    1.504534    1.504471    1.504408    1.504345    1.504282    1.504219    1.504158    1.504156    1.504085    1.504014    1.503944    1.503873    1.503802    1.503734    1.503731    1.503555    1.503378    1.503201    1.502315    1.501422    1.499613    1.497748    1.495817    1.493812    1.491729    1.489567    1.487258    1.484851    1.482359    1.479781    1.477113    1.474226    1.471218    1.468125
    1.468742    1.468717    1.468679    1.468615    1.468552    1.468488    1.468425    1.468361    1.468298    1.468236    1.468234    1.468162    1.468091    1.468019    1.467948    1.467876    1.467807    1.467804    1.467626    1.467448    1.467269    1.466371    1.465466    1.463628    1.461730    1.459767    1.457727    1.455610    1.453413    1.451067    1.448622    1.446093    1.443476    1.440769    1.437841    1.434792    1.431659
    1.431319    1.431293    1.431255    1.431191    1.431126    1.431062    1.430997    1.430933    1.430868    1.430806    1.430804    1.430731    1.430658    1.430586    1.430513    1.430440    1.430370    1.430367    1.430187    1.430006    1.429824    1.428914    1.427995    1.426131    1.424208    1.422217    1.420151    1.418007    1.415783    1.413409    1.410935    1.408376    1.405731    1.402996    1.400038    1.396960    1.393797
    1.392387    1.392361    1.392322    1.392257    1.392192    1.392127    1.392062    1.391997    1.391931    1.391868    1.391866    1.391793    1.391719    1.391646    1.391572    1.391499    1.391428    1.391425    1.391242    1.391060    1.390876    1.389956    1.389028    1.387145    1.385202    1.383193    1.381107    1.378943    1.376699    1.374305    1.371814    1.369238    1.366578    1.363830    1.360861    1.357774    1.354606
    1.352022    1.351996    1.351957    1.351892    1.351827    1.351762    1.351696    1.351631    1.351565    1.351503    1.351500    1.351427    1.351353    1.351279    1.351206    1.351132    1.351061    1.351058    1.350875    1.350692    1.350509    1.349587    1.348658    1.346774    1.344831    1.342823    1.340740    1.338580    1.336341    1.333955    1.331471    1.328905    1.326254    1.323517    1.320561    1.317489    1.314336
    1.310494    1.310468    1.310429    1.310364    1.310299    1.310234    1.310169    1.310104    1.310039    1.309976    1.309974    1.309901    1.309827    1.309754    1.309681    1.309608    1.309537    1.309534    1.309352    1.309170    1.308987    1.308070    1.307146    1.305271    1.303338    1.301341    1.299271    1.297125    1.294901    1.292531    1.290066    1.287520    1.284891    1.282178    1.279249    1.276206    1.273084
    1.267908    1.267882    1.267844    1.267779    1.267715    1.267651    1.267586    1.267522    1.267457    1.267395    1.267393    1.267320    1.267248    1.267175    1.267103    1.267030    1.266960    1.266957    1.266777    1.266597    1.266416    1.265508    1.264593    1.262737    1.260825    1.258849    1.256801    1.254679    1.252480    1.250137    1.247701    1.245185    1.242588    1.239908    1.237017    1.234016    1.230938
    1.224358    1.224333    1.224295    1.224232    1.224169    1.224105    1.224042    1.223978    1.223915    1.223853    1.223851    1.223780    1.223708    1.223637    1.223565    1.223494    1.223425    1.223422    1.223244    1.223067    1.222888    1.221994    1.221093    1.219266    1.217384    1.215440    1.213425    1.211338    1.209177    1.206876    1.204483    1.202013    1.199464    1.196835    1.194000    1.191056    1.188039
    1.180007    1.179982    1.179945    1.179883    1.179821    1.179759    1.179696    1.179634    1.179572    1.179512    1.179510    1.179440    1.179370    1.179299    1.179229    1.179159    1.179092    1.179089    1.178915    1.178741    1.178566    1.177690    1.176807    1.175017    1.173173    1.171268    1.169294    1.167250    1.165133    1.162878    1.160533    1.158113    1.155617    1.153041    1.150263    1.147379    1.144423
    1.134853    1.134829    1.134793    1.134732    1.134671    1.134610    1.134549    1.134488    1.134427    1.134368    1.134366    1.134297    1.134229    1.134160    1.134091    1.134022    1.133956    1.133954    1.133783    1.133612    1.133441    1.132582    1.131717    1.129962    1.128155    1.126288    1.124354    1.122351    1.120277    1.118068    1.115772    1.113403    1.110959    1.108438    1.105720    1.102899    1.100008
    1.088852    1.088829    1.088793    1.088734    1.088675    1.088616    1.088556    1.088497    1.088438    1.088381    1.088378    1.088312    1.088245    1.088178    1.088111    1.088045    1.087980    1.087978    1.087812    1.087646    1.087480    1.086645    1.085805    1.084103    1.082351    1.080543    1.078671    1.076735    1.074732    1.072602    1.070390    1.068110    1.065760    1.063339    1.060733    1.058031    1.055265
    1.042706    1.042684    1.042650    1.042593    1.042537    1.042480    1.042424    1.042367    1.042310    1.042256    1.042254    1.042190    1.042127    1.042063    1.041999    1.041935    1.041874    1.041871    1.041713    1.041555    1.041396    1.040599    1.039798    1.038172    1.036500    1.034774    1.032988    1.031139    1.029227    1.027194    1.025081    1.022901    1.020650    1.018327    1.015822    1.013220    1.010552
    0.996353    0.996331    0.996298    0.996243    0.996188    0.996133    0.996077    0.996022    0.995967    0.995914    0.995912    0.995850    0.995788    0.995725    0.995663    0.995601    0.995541    0.995539    0.995384    0.995230    0.995075    0.994298    0.993515    0.991927    0.990292    0.988602    0.986850    0.985036    0.983157    0.981156    0.979075    0.976928    0.974711    0.972425    0.969959    0.967399    0.964775
    0.948587    0.948565    0.948533    0.948479    0.948425    0.948371    0.948317    0.948263    0.948208    0.948156    0.948154    0.948093    0.948032    0.947972    0.947911    0.947850    0.947791    0.947789    0.947637    0.947486    0.947334    0.946573    0.945807    0.944254    0.942656    0.941007    0.939301    0.937535    0.935709    0.933767    0.931751    0.929673    0.927532    0.925327    0.922953    0.920493    0.917975
    0.900166    0.900145    0.900115    0.900063    0.900012    0.899961    0.899910    0.899858    0.899807    0.899757    0.899755    0.899698    0.899640    0.899582    0.899524    0.899467    0.899411    0.899409    0.899265    0.899122    0.898978    0.898256    0.897529    0.896057    0.894542    0.892978    0.891360    0.889686    0.887954    0.886113    0.884201    0.882231    0.880201    0.878110    0.875859    0.873527    0.871139
    0.851747    0.851727    0.851698    0.851650    0.851601    0.851552    0.851504    0.851455    0.851406    0.851360    0.851358    0.851303    0.851248    0.851194    0.851139    0.851084    0.851031    0.851029    0.850893    0.850757    0.850621    0.849937    0.849249    0.847853    0.846417    0.844936    0.843402    0.841815    0.840174    0.838428    0.836615    0.834747    0.832822    0.830838    0.828703    0.826490    0.824225
    0.803189    0.803170    0.803143    0.803097    0.803051    0.803005    0.802959    0.802913    0.802867    0.802823    0.802821    0.802769    0.802717    0.802666    0.802614    0.802562    0.802512    0.802510    0.802382    0.802253    0.802124    0.801477    0.800826    0.799506    0.798148    0.796746    0.795295    0.793794    0.792241    0.790588    0.788872    0.787103    0.785280    0.783402    0.781379    0.779282    0.777135
    0.754347    0.754330    0.754304    0.754260    0.754217    0.754173    0.754130    0.754086    0.754043    0.754001    0.753999    0.753950    0.753901    0.753852    0.753803    0.753754    0.753707    0.753705    0.753583    0.753461    0.753339    0.752726    0.752109    0.750858    0.749571    0.748242    0.746867    0.745444    0.743972    0.742406    0.740781    0.739105    0.737378    0.735598    0.733683    0.731697    0.729664
    0.705058    0.705042    0.705017    0.704976    0.704935    0.704894    0.704853    0.704812    0.704771    0.704732    0.704730    0.704684    0.704638    0.704592    0.704545    0.704499    0.704455    0.704453    0.704338    0.704224    0.704109    0.703532    0.702951    0.701774    0.700563    0.699314    0.698021    0.696683    0.695299    0.693828    0.692301    0.690727    0.689105    0.687435    0.685637    0.683774    0.681868
    0.655554    0.655539    0.655516    0.655478    0.655440    0.655401    0.655363    0.655325    0.655287    0.655250    0.655248    0.655205    0.655162    0.655119    0.655076    0.655033    0.654992    0.654990    0.654883    0.654776    0.654669    0.654131    0.653590    0.652493    0.651364    0.650199    0.648994    0.647747    0.646458    0.645087    0.643663    0.642197    0.640686    0.639129    0.637454    0.635718    0.633941
    0.605882    0.605868    0.605847    0.605811    0.605776    0.605740    0.605705    0.605669    0.605634    0.605599    0.605598    0.605558    0.605518    0.605478    0.605438    0.605398    0.605360    0.605358    0.605259    0.605160    0.605060    0.604561    0.604058    0.603040    0.601992    0.600910    0.599791    0.598633    0.597436    0.596163    0.594841    0.593479    0.592076    0.590630    0.589075    0.587462    0.585813
    0.555948    0.555935    0.555915    0.555883    0.555850    0.555817    0.555784    0.555752    0.555719    0.555687    0.555686    0.555649    0.555613    0.555576    0.555539    0.555502    0.555466    0.555465    0.555374    0.555282    0.555190    0.554730    0.554267    0.553328    0.552362    0.551365    0.550334    0.549267    0.548164    0.546991    0.545774    0.544519    0.543227    0.541896    0.540464    0.538980    0.537462
    0.505849    0.505837    0.505819    0.505789    0.505759    0.505730    0.505700    0.505670    0.505640    0.505611    0.505610    0.505576    0.505543    0.505509    0.505476    0.505442    0.505410    0.505408    0.505325    0.505242    0.505158    0.504738    0.504316    0.503460    0.502580    0.501671    0.500731    0.499759    0.498753    0.497684    0.496574    0.495431    0.494253    0.493040    0.491735    0.490383    0.488999
    0.455648    0.455638    0.455621    0.455595    0.455568    0.455541    0.455514    0.455487    0.455460    0.455434    0.455433    0.455403    0.455372    0.455342    0.455312    0.455281    0.455252    0.455251    0.455176    0.455100    0.455025    0.454646    0.454265    0.453493    0.452698    0.451878    0.451030    0.450153    0.449245    0.448281    0.447280    0.446248    0.445185    0.444091    0.442914    0.441694    0.440446
    0.405351    0.405342    0.405327    0.405303    0.405279    0.405255    0.405231    0.405207    0.405183    0.405160    0.405159    0.405132    0.405105    0.405078    0.405051    0.405024    0.404998    0.404997    0.404930    0.404863    0.404796    0.404458    0.404119    0.403430    0.402722    0.401992    0.401236    0.400454    0.399645    0.398786    0.397894    0.396974    0.396027    0.395052    0.394003    0.392915    0.391803
    0.354919    0.354911    0.354898    0.354877    0.354856    0.354835    0.354814    0.354793    0.354772    0.354751    0.354750    0.354727    0.354703    0.354679    0.354656    0.354632    0.354609    0.354608    0.354549    0.354490    0.354431    0.354135    0.353836    0.353231    0.352609    0.351967    0.351303    0.350616    0.349906    0.349151    0.348367    0.347559    0.346727    0.345871    0.344949    0.343994    0.343017
    0.304317    0.304310    0.304299    0.304281    0.304263    0.304245    0.304226    0.304208    0.304190    0.304173    0.304172    0.304152    0.304131    0.304111    0.304090    0.304070    0.304050    0.304050    0.303999    0.303948    0.303897    0.303643    0.303386    0.302867    0.302332    0.301781    0.301210    0.300620    0.300010    0.299361    0.298688    0.297995    0.297280    0.296545    0.295754    0.294934    0.294095
    0.253683    0.253677    0.253668    0.253653    0.253637    0.253622    0.253607    0.253592    0.253577    0.253562    0.253562    0.253545    0.253528    0.253511    0.253494    0.253477    0.253460    0.253460    0.253418    0.253375    0.253333    0.253121    0.252907    0.252474    0.252029    0.251569    0.251093    0.250602    0.250093    0.249553    0.248992    0.248414    0.247818    0.247205    0.246546    0.245863    0.245164
    0.203031    0.203026    0.203019    0.203007    0.202995    0.202983    0.202971    0.202959    0.202946    0.202935    0.202934    0.202921    0.202907    0.202893    0.202880    0.202866    0.202853    0.202853    0.202819    0.202785    0.202751    0.202581    0.202410    0.202063    0.201706    0.201338    0.200957    0.200563    0.200155    0.199722    0.199273    0.198810    0.198333    0.197842    0.197313    0.196766    0.196206
    0.152312    0.152309    0.152303    0.152294    0.152285    0.152276    0.152267    0.152258    0.152249    0.152240    0.152240    0.152229    0.152219    0.152209    0.152199    0.152188    0.152179    0.152178    0.152153    0.152127    0.152102    0.151974    0.151846    0.151585    0.151317    0.151041    0.150755    0.150459    0.150153    0.149828    0.149490    0.149143    0.148785    0.148416    0.148019    0.147608    0.147188
    0.101592    0.101590    0.101586    0.101580    0.101574    0.101568    0.101562    0.101556    0.101550    0.101544    0.101544    0.101537    0.101530    0.101523    0.101517    0.101510    0.101503    0.101503    0.101486    0.101469    0.101452    0.101367    0.101281    0.101108    0.100929    0.100745    0.100554    0.100357    0.100153    0.099936    0.099711    0.099480    0.099241    0.098995    0.098731    0.098457    0.098177
    0.050870    0.050869    0.050867    0.050864    0.050861    0.050858    0.050855    0.050852    0.050849    0.050846    0.050846    0.050843    0.050839    0.050836    0.050832    0.050829    0.050826    0.050826    0.050817    0.050809    0.050800    0.050757    0.050714    0.050627    0.050538    0.050445    0.050350    0.050251    0.050148    0.050040    0.049927    0.049811    0.049691    0.049568    0.049435    0.049298    0.049157
    0.000003    0.000003    0.000003    0.000003    0.000003    0.000003    0.000003    0.000003    0.000003    0.000003    0.000003    0.000003    0.000003    0.000003    0.000003    0.000003    0.000003    0.000003    0.000003    0.000003    0.000003    0.000003    0.000003    0.000003    0.000003    0.000003    0.000003    0.000003    0.000003    0.000003    0.000003    0.000003    0.000003    0.000003    0.000003    0.000003    0.000003
#
# dtdh (rows - delta, columns - depth)
#
 -999.000000 -999.000000 -999.000000 -999.000000 -999.000000 -999.000000 -999.000000 -999.000000 -999.000000 -999.000000 -999.000000 -999.000000 -999.000000 -999.000000 -999.000000 -999.000000 -999.000000 -999.000000 -999.000000 -999.000000 -999.000000 -999.000000 -999.000000 -999.000000 -999.000000 -999.000000 -999.000000 -999.000000 -999.000000 -999.000000 -999.000000 -999.000000 -999.000000 -999.000000 -999.000000   -0.088523   -0.087723
 -999.000000 -999.000000 -999.000000 -999.000000 -999.000000 -999.000000 -999.000000 -999.000000 -999.000000 -999.000000 -999.000000 -999.000000 -999.000000 -999.000000 -999.000000 -999.000000 -999.000000 -999.000000 -999.000000 -999.000000 -999.000000 -999.000000 -999.000000 -999.000000   -0.119564   -0.117027   -0.114468   -0.112009   -0.109653   -0.103670   -0.101778   -0.099948   -0.098176   -0.096465   -0.089692   -0.088523   -0.087723
   -0.171543   -0.171543   -0.171542   -0.171542   -0.171541   -0.171540   -0.171540   -0.171539   -0.171538   -0.171538   -0.152864   -0.152863   -0.152862   -0.152861   -0.152860   -0.152860   -0.152859   -0.123155   -0.123144   -0.123133   -0.123122   -0.123066   -0.123010   -0.121670   -0.119564   -0.117027   -0.114469   -0.112009   -0.109654   -0.103670   -0.101778   -0.099948   -0.098176   -0.096466   -0.089693   -0.088523   -0.087724
   -0.171543   -0.171543   -0.171543   -0.171542   -0.171541   -0.171541   -0.171540   -0.171539   -0.171539   -0.171538   -0.152864   -0.152863   -0.152862   -0.152862   -0.152861   -0.152860   -0.152859   -0.123155   -0.123144   -0.123133   -0.123122   -0.123066   -0.123010   -0.121671   -0.119564   -0.117027   -0.114469   -0.112010   -0.109654   -0.103671   -0.101779   -0.099949   -0.098177   -0.096467   -0.089694   -0.088524   -0.087725
   -0.171544   -0.171543   -0.171543   -0.171542   -0.171542   -0.171541   -0.171540   -0.171540   -0.171539   -0.171538   -0.152864   -0.152863   -0.152863   -0.152862   -0.152861   -0.152860   -0.152860   -0.123156   -0.123145   -0.123133   -0.123122   -0.123067   -0.123011   -0.121671   -0.119565   -0.117028   -0.114470   -0.112010   -0.109655   -0.103671   -0.101780   -0.099950   -0.098178   -0.096468   -0.089695   -0.088526   -0.087726
   -0.171544   -0.171544   -0.171544   -0.171543   -0.171542   -0.171541   -0.171541   -0.171540   -0.171539   -0.171539   -0.152865   -0.152864   -0.152863   -0.152863   -0.152862   -0.152861   -0.152860   -0.123156   -0.123145   -0.123134   -0.123123   -0.123067   -0.123012   -0.121672   -0.119566   -0.117029   -0.114471   -0.112011   -0.109656   -0.103673   -0.101781   -0.099951   -0.098179   -0.096469   -0.089697   -0.088528   -0.087728
   -0.171545   -0.171545   -0.171544   -0.171544   -0.171543   -0.171542   -0.171541   -0.171541   -0.171540   -0.171539   -0.152866   -0.152865   -0.152864   -0.152863   -0.152863   -0.152862   -0.152861   -0.123157   -0.123146   -0.123135   -0.123124   -0.123068   -0.123013   -0.121673   -0.119567   -0.117030   -0.114472   -0.112013   -0.109657   -0.103674   -0.101783   -0.099953   -0.098181   -0.096471   -0.089699   -0.088530   -0.087731
   -0.171546   -0.171546   -0.171545   -0.171544   -0.171544   -0.171543   -0.171542   -0.171542   -0.171541   -0.171540   -0.152867   -0.152866   -0.152865   -0.152864   -0.152864   -0.152863   -0.152862   -0.123159   -0.123148   -0.123136   -0.123125   -0.123070   -0.123014   -0.121675   -0.119568   -0.117032   -0.114474   -0.112014   -0.109659   -0.103676   -0.101785   -0.099955   -0.098184   -0.096474   -0.089702   -0.088533   -0.087734
   -0.171547   -0.171547   -0.171546   -0.171546   -0.171545   -0.171544   -0.171544   -0.171543   -0.171542   -0.171541   -0.152868   -0.152867   -0.152866   -0.152866   -0.152865   -0.152864   -0.152863   -0.123160   -0.123149   -0.123138   -0.123127   -0.123071   -0.123016   -0.121676   -0.119570   -0.117034   -0.114476   -0.112017   -0.109661   -0.103679   -0.101787   -0.099958   -0.098186   -0.096477   -0.089705   -0.088536   -0.087738
   -0.171548   -0.171548   -0.171548   -0.171547   -0.171546   -0.171546   -0.171545   -0.171544   -0.171544   -0.171543   -0.152869   -0.152869   -0.152868   -0.152867   -0.152866   -0.152866   -0.152865   -0.123162   -0.123151   -0.123140   -0.123129   -0.123073   -0.123018   -0.121678   -0.119572   -0.117036   -0.114478   -0.112019   -0.109664   -0.103682   -0.101790   -0.099961   -0.098190   -0.096480   -0.089709   -0.088540   -0.087742
   -0.171550   -0.171550   -0.171549   -0.171549   -0.171548   -0.171547   -0.171546   -0.171546   -0.171545   -0.171544   -0.152871   -0.152870   -0.152870   -0.152869   -0.152868   -0.152867   -0.152867   -0.123164   -0.123153   -0.123142   -0.123131   -0.123076   -0.123020   -0.121681   -0.119575   -0.117039   -0.114481   -0.112022   -0.109667   -0.103685   -0.101794   -0.099965   -0.098194   -0.096484   -0.089714   -0.088545   -0.087747
   -0.171552   -0.171551   -0.171551   -0.171550   -0.171550   -0.171549   -0.171548   -0.171548   -0.171547   -0.171546   -0.152873   -0.152873   -0.152872   -0.152871   -0.152870   -0.152870   -0.152869   -0.123167   -0.123156   -0.123145   -0.123134   -0.123078   -0.123023   -0.121684   -0.119578   -0.117042   -0.114484   -0.112025   -0.109671   -0.103689   -0.101798   -0.099969   -0.098198   -0.096489   -0.089719   -0.088551   -0.087753
   -0.171554   -0.171554   -0.171553   -0.171553   -0.171552   -0.171551   -0.171551   -0.171550   -0.171549   -0.171549   -0.152876   -0.152875   -0.152874   -0.152874   -0.152873   -0.152872   -0.152871   -0.123170   -0.123159   -0.123148   -0.123137   -0.123081   -0.123026   -0.121687   -0.119581   -0.117045   -0.114488   -0.112029   -0.109675   -0.103693   -0.101803   -0.099974   -0.098203   -0.096495   -0.089725   -0.088557   -0.087759
   -0.171556   -0.171556   -0.171556   -0.171555   -0.171554   -0.171554   -0.171553   -0.171552   -0.171552   -0.171551   -0.152879   -0.152878   -0.152877   -0.152876   -0.152876   -0.152875   -0.152874   -0.123174   -0.123163   -0.123152   -0.123140   -0.123085   -0.123029   -0.121691   -0.119585   -0.117049   -0.114492   -0.112034   -0.109680   -0.103699   -0.101808   -0.099980   -0.098209   -0.096501   -0.089732   -0.088564   -0.087767
   -0.171559   -0.171559   -0.171559   -0.171558   -0.171557   -0.171557   -0.171556   -0.171555   -0.171555   -0.171554   -0.152882   -0.152881   -0.152880   -0.152880   -0.152879   -0.152878   -0.152877   -0.123178   -0.123167   -0.123156   -0.123145   -0.123089   -0.123034   -0.121695   -0.119590   -0.117054   -0.114497   -0.112039   -0.109685   -0.103705   -0.101814   -0.099986   -0.098216   -0.096508   -0.089740   -0.088573   -0.087776
   -0.171562   -0.171562   -0.171562   -0.171561   -0.171560   -0.171560   -0.171559   -0.171558   -0.171558   -0.171557   -0.152886   -0.152885   -0.152884   -0.152883   -0.152883   -0.152882   -0.152881   -0.123182   -0.123171   -0.123160   -0.123149   -0.123094   -0.123038   -0.121700   -0.119595   -0.117059   -0.114503   -0.112045   -0.109691   -0.103711   -0.101821   -0.099993   -0.098224   -0.096516   -0.089749   -0.088582   -0.087785
   -0.171566   -0.171566   -0.171565   -0.171565   -0.171564   -0.171563   -0.171563   -0.171562   -0.171561   -0.171561   -0.152890   -0.152889   -0.152888   -0.152887   -0.152887   -0.152886   -0.152885   -0.123187   -0.123176   -0.123165   -0.123154   -0.123099   -0.123044   -0.121705   -0.119601   -0.117066   -0.114509   -0.112052   -0.109698   -0.103719   -0.101829   -0.100002   -0.098232   -0.096525   -0.089759   -0.088592   -0.087796
   -0.171570   -0.171570   -0.171570   -0.171569   -0.171568   -0.171568   -0.171567   -0.171566   -0.171566   -0.171565   -0.152894   -0.152894   -0.152893   -0.152892   -0.152891   -0.152891   -0.152890   -0.123193   -0.123182   -0.123171   -0.123160   -0.123105   -0.123050   -0.121712   -0.119607   -0.117072   -0.114516   -0.112059   -0.109706   -0.103727   -0.101838   -0.100011   -0.098242   -0.096535   -0.089770   -0.088604   -0.087808
   -0.171575   -0.171575   -0.171574   -0.171574   -0.171573   -0.171572   -0.171572   -0.171571   -0.171570   -0.171570   -0.152900   -0.152899   -0.152898   -0.152897   -0.152897   -0.152896   -0.152895   -0.123200   -0.123189   -0.123178   -0.123167   -0.123112   -0.123056   -0.121719   -0.119614   -0.117080   -0.114524   -0.112067   -0.109715   -0.103737   -0.101848   -0.100021   -0.098253   -0.096547   -0.089783   -0.088617   -0.087822
   -0.171580   -0.171580   -0.171579   -0.171579   -0.171578   -0.171577   -0.171577   -0.171576   -0.171576   -0.171575   -0.152905   -0.152905   -0.152904   -0.152903   -0.152902   -0.152902   -0.152901   -0.123207   -0.123196   -0.123185   -0.123174   -0.123119   -0.123064   -0.121726   -0.119622   -0.117088   -0.114533   -0.112077   -0.109724   -0.103747   -0.101859   -0.100033   -0.098265   -0.096559   -0.089797   -0.088632   -0.087837
   -0.171586   -0.171586   -0.171585   -0.171585   -0.171584   -0.171583   -0.171583   -0.171582   -0.171581   -0.171581   -0.152912   -0.152911   -0.152911   -0.152910   -0.152909   -0.152908   -0.152908   -0.123215   -0.123204   -0.123193   -0.123182   -0.123127   -0.123072   -0.121735   -0.119632   -0.117098   -0.114543   -0.112087   -0.109735   -0.103759   -0.101871   -0.100046   -0.098279   -0.096573   -0.089812   -0.088648   -0.087854
   -0.171592   -0.171592   -0.171592   -0.171591   -0.171590   -0.171590   -0.171589   -0.171588   -0.171588   -0.171587   -0.152919   -0.152918   -0.152918   -0.152917   -0.152916   -0.152916   -0.152915   -0.123224   -0.123213   -0.123202   -0.123192   -0.123137   -0.123082   -0.121745   -0.119642   -0.117108   -0.114554   -0.112099   -0.109747   -0.103772   -0.101885   -0.100060   -0.098294   -0.096589   -0.089830   -0.088666   -0.087873
   -0.171599   -0.171599   -0.171599   -0.171598   -0.171598   -0.171597   -0.171596   -0.171596   -0.171595   -0.171594   -0.152927   -0.152927   -0.152926   -0.152925   -0.152925   -0.152924   -0.152923   -0.123235   -0.123224   -0.123213   -0.123202   -0.123147   -0.123092   -0.121756   -0.119653   -0.117120   -0.114566   -0.112112   -0.109761   -0.103787   -0.101901   -0.100076   -0.098310   -0.096607   -0.089849   -0.088686   -0.087894
   -0.171607   -0.171607   -0.171607   -0.171606   -0.171606   -0.171605   -0.171604   -0.171604   -0.171603   -0.171603   -0.152936   -0.152936   -0.152935   -0.152934   -0.152934   -0.152933   -0.152932   -0.123246   -0.123235   -0.123224   -0.123213   -0.123158   -0.123104   -0.121768   -0.119665   -0.117133   -0.114580   -0.112126   -0.109776   -0.103803   -0.101917   -0.100094   -0.098329   -0.096625   -0.089870   -0.088708   -0.087916
   -0.171616   -0.171616   -0.171615   -0.171615   -0.171614   -0.171614   -0.171613   -0.171612   -0.171612   -0.171611   -0.152946   -0.152945   -0.152945   -0.152944   -0.152943   -0.152943   -0.152942   -0.123258   -0.123247   -0.123236   -0.123225   -0.123171   -0.123116   -0.121780   -0.119679   -0.117147   -0.114594   -0.112141   -0.109792   -0.103820   -0.101935   -0.100112   -0.098348   -0.096646   -0.089892   -0.088731   -0.087940
   -0.171625   -0.171625   -0.171625   -0.171624   -0.171624   -0.171623   -0.171622   -0.171622   -0.171621   -0.171621   -0.152957   -0.152956   -0.152955   -0.152955   -0.152954   -0.152953   -0.152953   -0.123271   -0.123260   -0.123250   -0.123239   -0.123184   -0.123130   -0.121795   -0.119693   -0.117163   -0.114610   -0.112158   -0.109809   -0.103839   -0.101955   -0.100133   -0.098370   -0.096668   -0.089917   -0.088757   -0.087967
   -0.171636   -0.171636   -0.171635   -0.171635   -0.171634   -0.171633   -0.171633   -0.171632   -0.171632   -0.171631   -0.152968   -0.152968   -0.152967   -0.152966   -0.152966   -0.152965   -0.152965   -0.123286   -0.123275   -0.123264   -0.123253   -0.123199   -0.123145   -0.121810   -0.119710   -0.117179   -0.114628   -0.112176   -0.109829   -0.103860   -0.101977   -0.100156   -0.098394   -0.096693   -0.089945   -0.088786   -0.087997
   -0.171647   -0.171647   -0.171647   -0.171646   -0.171646   -0.171645   -0.171644   -0.171644   -0.171643   -0.171643   -0.152981   -0.152981   -0.152980   -0.152979   -0.152979   -0.152978   -0.152978   -0.123302   -0.123291   -0.123280   -0.123270   -0.123216   -0.123162   -0.121827   -0.119728   -0.117198   -0.114648   -0.112197   -0.109850   -0.103883   -0.102001   -0.100181   -0.098420   -0.096721   -0.089975   -0.088817   -0.088029
   -0.171660   -0.171660   -0.171659   -0.171659   -0.171658   -0.171658   -0.171657   -0.171656   -0.171656   -0.171655   -0.152996   -0.152995   -0.152994   -0.152994   -0.152993   -0.152992   -0.152992   -0.123320   -0.123309   -0.123298   -0.123288   -0.123234   -0.123180   -0.121846   -0.119747   -0.117219   -0.114669   -0.112219   -0.109873   -0.103908   -0.102027   -0.100208   -0.098448   -0.096750   -0.090008   -0.088851   -0.088065
   -0.171674   -0.171673   -0.171673   -0.171672   -0.171672   -0.171671   -0.171671   -0.171670   -0.171670   -0.171669   -0.153011   -0.153011   -0.153010   -0.153009   -0.153009   -0.153008   -0.153007   -0.123339   -0.123328   -0.123318   -0.123307   -0.123253   -0.123200   -0.121867   -0.119768   -0.117241   -0.114692   -0.112243   -0.109899   -0.103936   -0.102056   -0.100238   -0.098479   -0.096783   -0.090043   -0.088888   -0.088103
   -0.171688   -0.171688   -0.171688   -0.171687   -0.171687   -0.171686   -0.171686   -0.171685   -0.171685   -0.171684   -0.153028   -0.153027   -0.153027   -0.153026   -0.153026   -0.153025   -0.153024   -0.123360   -0.123350   -0.123339   -0.123328   -0.123275   -0.123221   -0.121889   -0.119792   -0.117265   -0.114717   -0.112270   -0.109926   -0.103965   -0.102087   -0.100270   -0.098513   -0.096818   -0.090081   -0.088928   -0.088144
   -0.171705   -0.171704   -0.171704   -0.171704   -0.171703   -0.171702   -0.171702   -0.171701   -0.171701   -0.171700   -0.153046   -0.153046   -0.153045   -0.153044   -0.153044   -0.153043   -0.153043   -0.123383   -0.123372   -0.123362   -0.123351   -0.123298   -0.123245   -0.121913   -0.119817   -0.117291   -0.114745   -0.112298   -0.109956   -0.103997   -0.102120   -0.100305   -0.098549   -0.096855   -0.090123   -0.088971   -0.088188
   -0.171722   -0.171722   -0.171721   -0.171721   -0.171720   -0.171720   -0.171719   -0.171719   -0.171718   -0.171718   -0.153066   -0.153065   -0.153065   -0.153064   -0.153064   -0.153063   -0.153062   -0.123407   -0.123397   -0.123386   -0.123376   -0.123323   -0.123270   -0.121939   -0.119843   -0.117319   -0.114774   -0.112328   -0.109987   -0.104032   -0.102156   -0.100342   -0.098587   -0.096895   -0.090167   -0.089017   -0.088236
   -0.171741   -0.171740   -0.171740   -0.171740   -0.171739   -0.171739   -0.171738   -0.171738   -0.171737   -0.171737   -0.153087   -0.153086   -0.153086   -0.153085   -0.153085   -0.153084   -0.153084   -0.123434   -0.123423   -0.123413   -0.123402   -0.123349   -0.123297   -0.121967   -0.119872   -0.117349   -0.114805   -0.112361   -0.110021   -0.104068   -0.102194   -0.100382   -0.098628   -0.096938   -0.090213   -0.089065   -0.088285
   -0.171760   -0.171760   -0.171760   -0.171759   -0.171759   -0.171758   -0.171758   -0.171757   -0.171757   -0.171756   -0.153109   -0.153109   -0.153108   -0.153108   -0.153107   -0.153106   -0.153106   -0.123461   -0.123451   -0.123440   -0.123430   -0.123378   -0.123325   -0.121996   -0.119902   -0.117380   -0.114838   -0.112395   -0.110057   -0.104107   -0.102233   -0.100423   -0.098671   -0.096983   -0.090263   -0.089116   -0.088338
   -0.171781   -0.171781   -0.171781   -0.171780   -0.171780   -0.171779   -0.171779   -0.171778   -0.171778   -0.171778   -0.153133   -0.153132   -0.153132   -0.153131   -0.153131   -0.153130   -0.153130   -0.123491   -0.123480   -0.123470   -0.123460   -0.123408   -0.123355   -0.122027   -0.119935   -0.117414   -0.114873   -0.112432   -0.110095   -0.104148   -0.102277   -0.100469   -0.098719   -0.097032   -0.090318   -0.089173   -0.088397
   -0.171805   -0.171804   -0.171804   -0.171804   -0.171803   -0.171803   -0.171802   -0.171802   -0.171802   -0.171801   -0.153159   -0.153159   -0.153158   -0.153158   -0.153157   -0.153157   -0.153156   -0.123524   -0.123513   -0.123503   -0.123493   -0.123441   -0.123389   -0.122062   -0.119971   -0.117452   -0.114913   -0.112473   -0.110139   -0.104195   -0.102325   -0.100519   -0.098771   -0.097086   -0.090377   -0.089234   -0.088460
   -0.171830   -0.171830   -0.171830   -0.171829   -0.171829   -0.171828   -0.171828   -0.171827   -0.171827   -0.171827   -0.153188   -0.153187   -0.153187   -0.153186   -0.153186   -0.153186   -0.153185   -0.123559   -0.123549   -0.123539   -0.123529   -0.123477   -0.123426   -0.122100   -0.120010   -0.117493   -0.114955   -0.112517   -0.110184   -0.104244   -0.102376   -0.100572   -0.098826   -0.097143   -0.090439   -0.089298   -0.088526
   -0.171856   -0.171856   -0.171856   -0.171856   -0.171855   -0.171855   -0.171854   -0.171854   -0.171854   -0.171853   -0.153218   -0.153217   -0.153217   -0.153216   -0.153216   -0.153215   -0.153215   -0.123597   -0.123586   -0.123576   -0.123566   -0.123515   -0.123464   -0.122139   -0.120050   -0.117534   -0.114998   -0.112562   -0.110230   -0.104293   -0.102427   -0.100624   -0.098880   -0.097199   -0.090499   -0.089360   -0.088589
   -0.171882   -0.171882   -0.171882   -0.171881   -0.171881   -0.171880   -0.171880   -0.171880   -0.171879   -0.171879   -0.153247   -0.153246   -0.153246   -0.153245   -0.153245   -0.153244   -0.153244   -0.123633   -0.123622   -0.123612   -0.123602   -0.123551   -0.123500   -0.122176   -0.120089   -0.117574   -0.115039   -0.112605   -0.110275   -0.104341   -0.102476   -0.100675   -0.098932   -0.097253   -0.090558   -0.089421   -0.088651
   -0.171907   -0.171907   -0.171907   -0.171906   -0.171906   -0.171906   -0.171905   -0.171905   -0.171905   -0.171904   -0.153275   -0.153274   -0.153274   -0.153274   -0.153273   -0.153273   -0.153273   -0.123668   -0.123658   -0.123648   -0.123638   -0.123587   -0.123536   -0.122213   -0.120127   -0.117614   -0.115081   -0.112647   -0.110319   -0.104389   -0.102526   -0.100726   -0.098985   -0.097307   -0.090618   -0.089482   -0.088714
   -0.171933   -0.171932   -0.171932   -0.171932   -0.171932   -0.171931   -0.171931   -0.171931   -0.171930   -0.171930   -0.153304   -0.153303   -0.153303   -0.153303   -0.153302   -0.153302   -0.153301   -0.123704   -0.123694   -0.123684   -0.123674   -0.123623   -0.123573   -0.122251   -0.120166   -0.117654   -0.115122   -0.112691   -0.110364   -0.104437   -0.102576   -0.100778   -0.099039   -0.097363   -0.090678   -0.089545   -0.088778
   -0.171958   -0.171958   -0.171958   -0.171958   -0.171958   -0.171957   -0.171957   -0.171957   -0.171956   -0.171956   -0.153333   -0.153333   -0.153332   -0.153332   -0.153331   -0.153331   -0.153331   -0.123740   -0.123730   -0.123720   -0.123710   -0.123660   -0.123610   -0.122289   -0.120205   -0.117695   -0.115165   -0.112735   -0.110410   -0.104486   -0.102626   -0.100830   -0.099093   -0.097419   -0.090739   -0.089607   -0.088842
   -0.171985   -0.171984   -0.171984   -0.171984   -0.171984   -0.171983   -0.171983   -0.171983   -0.171982   -0.171982   -0.153362   -0.153362   -0.153362   -0.153361   -0.153361   -0.153361   -0.153360   -0.123777   -0.123767   -0.123757   -0.123747   -0.123697   -0.123647   -0.122327   -0.120245   -0.117736   -0.115207   -0.112779   -0.110455   -0.104535   -0.102677   -0.100882   -0.099147   -0.097474   -0.090800   -0.089670   -0.088906
   -0.172011   -0.172010   -0.172010   -0.172010   -0.172010   -0.172009   -0.172009   -0.172009   -0.172009   -0.172008   -0.153392   -0.153391   -0.153391   -0.153391   -0.153390   -0.153390   -0.153390   -0.123813   -0.123803   -0.123793   -0.123783   -0.123734   -0.123685   -0.122365   -0.120284   -0.117777   -0.115250   -0.112823   -0.110501   -0.104584   -0.102727   -0.100934   -0.099200   -0.097530   -0.090860   -0.089732   -0.088969
   -0.172036   -0.172036   -0.172036   -0.172036   -0.172036   -0.172035   -0.172035   -0.172035   -0.172035   -0.172034   -0.153421   -0.153420   -0.153420   -0.153420   -0.153420   -0.153419   -0.153419   -0.123849   -0.123839   -0.123830   -0.123820   -0.123771   -0.123722   -0.122403   -0.120323   -0.117817   -0.115292   -0.112866   -0.110546   -0.104632   -0.102777   -0.100985   -0.099253   -0.097585   -0.090920   -0.089793   -0.089032
   -0.172062   -0.172062   -0.172062   -0.172061   -0.172061   -0.172061   -0.172061   -0.172060   -0.172060   -0.172060   -0.153449   -0.153449   -0.153449   -0.153449   -0.153448   -0.153448   -0.153448   -0.123885   -0.123875   -0.123866   -0.123856   -0.123807   -0.123758   -0.122440   -0.120362   -0.117857   -0.115333   -0.112909   -0.110590   -0.104679   -0.102826   -0.101036   -0.099306   -0.097639   -0.090979   -0.089853   -0.089094
   -0.172087   -0.172087   -0.172087   -0.172086   -0.172086   -0.172086   -0.172086   -0.172086   -0.172085   -0.172085   -0.153478   -0.153477   -0.153477   -0.153477   -0.153477   -0.153476   -0.153476   -0.123920   -0.123911   -0.123901   -0.123891   -0.123842   -0.123794   -0.122477   -0.120400   -0.117896   -0.115373   -0.112951   -0.110634   -0.104726   -0.102874   -0.101086   -0.099357   -0.097691   -0.091036   -0.089912   -0.089154
   -0.172111   -0.172111   -0.172111   -0.172111   -0.172111   -0.172111   -0.172110   -0.172110   -0.172110   -0.172110   -0.153505   -0.153505   -0.153505   -0.153505   -0.153504   -0.153504   -0.153504   -0.123955   -0.123945   -0.123935   -0.123926   -0.123877   -0.123829   -0.122513   -0.120437   -0.117935   -0.115413   -0.112992   -0.110676   -0.104772   -0.102921   -0.101134   -0.099407   -0.097743   -0.091093   -0.089970   -0.089213
   -0.172135   -0.172135   -0.172135   -0.172135   -0.172135   -0.172135   -0.172135   -0.172134   -0.172134   -0.172134   -0.153533   -0.153532   -0.153532   -0.153532   -0.153532   -0.153531   -0.153531   -0.123988   -0.123979   -0.123969   -0.123960   -0.123911   -0.123863   -0.122548   -0.120473   -0.117972   -0.115452   -0.113032   -0.110718   -0.104816   -0.102967   -0.101182   -0.099456   -0.097793   -0.091147   -0.090026   -0.089270
   -0.172159   -0.172159   -0.172158   -0.172158   -0.172158   -0.172158   -0.172158   -0.172158   -0.172157   -0.172157   -0.153559   -0.153558   -0.153558   -0.153558   -0.153558   -0.153558   -0.153557   -0.124021   -0.124011   -0.124002   -0.123992   -0.123944   -0.123896   -0.122582   -0.120508   -0.118008   -0.115489   -0.113071   -0.110758   -0.104859   -0.103011   -0.101227   -0.099503   -0.097841   -0.091199   -0.090079   -0.089325
   -0.172181   -0.172181   -0.172181   -0.172180   -0.172180   -0.172180   -0.172180   -0.172180   -0.172180   -0.172180   -0.153584   -0.153583   -0.153583   -0.153583   -0.153583   -0.153583   -0.153583   -0.124052   -0.124042   -0.124033   -0.124023   -0.123976   -0.123928   -0.122614   -0.120541   -0.118043   -0.115525   -0.113108   -0.110796   -0.104900   -0.103054   -0.101271   -0.099548   -0.097888   -0.091250   -0.090132   -0.089379
   -0.172203   -0.172203   -0.172202   -0.172202   -0.172202   -0.172202   -0.172202   -0.172202   -0.172202   -0.172201   -0.153608   -0.153608   -0.153608   -0.153608   -0.153608   -0.153607   -0.153607   -0.124082   -0.124073   -0.124063   -0.124054   -0.124007   -0.123959   -0.122646   -0.120574   -0.118077   -0.115561   -0.113145   -0.110834   -0.104941   -0.103096   -0.101314   -0.099592   -0.097934   -0.091300   -0.090183   -0.089431
   -0.172224   -0.172224   -0.172224   -0.172223   -0.172223   -0.172223   -0.172223   -0.172223   -0.172223   -0.172223   -0.153632   -0.153632   -0.153632   -0.153631   -0.153631   -0.153631   -0.153631   -0.124112   -0.124102   -0.124093   -0.124084   -0.124036   -0.123989   -0.122677   -0.120606   -0.118110   -0.115594   -0.113180   -0.110870   -0.104979   -0.103136   -0.101355   -0.099635   -0.097978   -0.091347   -0.090231   -0.089480
   -0.172244   -0.172244   -0.172243   -0.172243   -0.172243   -0.172243   -0.172243   -0.172243   -0.172243   -0.172243   -0.153654   -0.153654   -0.153654   -0.153654   -0.153654   -0.153654   -0.153654   -0.124140   -0.124130   -0.124121   -0.124112   -0.124064   -0.124017   -0.122706   -0.120636   -0.118141   -0.115626   -0.113213   -0.110904   -0.105016   -0.103173   -0.101394   -0.099675   -0.098019   -0.091392   -0.090277   -0.089527
   -0.172262   -0.172262   -0.172262   -0.172262   -0.172262   -0.172262   -0.172262   -0.172262   -0.172262   -0.172262   -0.153676   -0.153675   -0.153675   -0.153675   -0.153675   -0.153675   -0.153675   -0.124166   -0.124157   -0.124147   -0.124138   -0.124091   -0.124044   -0.122734   -0.120664   -0.118170   -0.115657   -0.113244   -0.110937   -0.105051   -0.103209   -0.101431   -0.099713   -0.098058   -0.091435   -0.090321   -0.089572
   -0.172280   -0.172280   -0.172280   -0.172280   -0.172280   -0.172280   -0.172280   -0.172280   -0.172280   -0.172280   -0.153696   -0.153696   -0.153696   -0.153695   -0.153695   -0.153695   -0.153695   -0.124191   -0.124182   -0.124173   -0.124163   -0.124116   -0.124070   -0.122760   -0.120691   -0.118198   -0.115686   -0.113274   -0.110968   -0.105084   -0.103243   -0.101466   -0.099749   -0.098095   -0.091475   -0.090362   -0.089614
   -0.172297   -0.172297   -0.172297   -0.172297   -0.172297   -0.172297   -0.172297   -0.172297   -0.172297   -0.172297   -0.153715   -0.153715   -0.153715   -0.153714   -0.153714   -0.153714   -0.153714   -0.124215   -0.124206   -0.124196   -0.124187   -0.124140   -0.124094   -0.122784   -0.120716   -0.118224   -0.115713   -0.113302   -0.110997   -0.105115   -0.103275   -0.101499   -0.099783   -0.098130   -0.091513   -0.090401   -0.089654
   -0.172313   -0.172313   -0.172313   -0.172313   -0.172313   -0.172313   -0.172313   -0.172313   -0.172312   -0.172312   -0.153733   -0.153732   -0.153732   -0.153732   -0.153732   -0.153732   -0.153732   -0.124237   -0.124228   -0.124218   -0.124209   -0.124163   -0.124116   -0.122807   -0.120740   -0.118248   -0.115738   -0.113328   -0.111024   -0.105144   -0.103305   -0.101530   -0.099815   -0.098163   -0.091549   -0.090438   -0.089691
   -0.172328   -0.172328   -0.172328   -0.172328   -0.172327   -0.172327   -0.172327   -0.172327   -0.172327   -0.172327   -0.153749   -0.153749   -0.153749   -0.153749   -0.153749   -0.153749   -0.153749   -0.124258   -0.124248   -0.124239   -0.124230   -0.124184   -0.124137   -0.122829   -0.120762   -0.118271   -0.115762   -0.113353   -0.111049   -0.105171   -0.103333   -0.101559   -0.099844   -0.098193   -0.091582   -0.090472   -0.089726
   -0.172341   -0.172341   -0.172341   -0.172341   -0.172341   -0.172341   -0.172341   -0.172341   -0.172341   -0.172341   -0.153764   -0.153764   -0.153764   -0.153764   -0.153764   -0.153764   -0.153764   -0.124277   -0.124267   -0.124258   -0.124249   -0.124203   -0.124157   -0.122849   -0.120783   -0.118292   -0.115784   -0.113375   -0.111073   -0.105196   -0.103359   -0.101585   -0.099872   -0.098222   -0.091612   -0.090503   -0.089758
   -0.172354   -0.172354   -0.172354   -0.172354   -0.172354   -0.172354   -0.172354   -0.172354   -0.172353   -0.172353   -0.153779   -0.153778   -0.153778   -0.153778   -0.153778   -0.153778   -0.153778   -0.124294   -0.124285   -0.124276   -0.124266   -0.124220   -0.124174   -0.122867   -0.120801   -0.118312   -0.115804   -0.113396   -0.111094   -0.105219   -0.103382   -0.101610   -0.099897   -0.098247   -0.091640   -0.090532   -0.089787
   -0.172365   -0.172365   -0.172365   -0.172365   -0.172365   -0.172365   -0.172365   -0.172365   -0.172365   -0.172365   -0.153791   -0.153791   -0.153791   -0.153791   -0.153791   -0.153791   -0.153791   -0.124310   -0.124301   -0.124292   -0.124282   -0.124236   -0.124191   -0.122883   -0.120818   -0.118329   -0.115822   -0.113415   -0.111113   -0.105239   -0.103404   -0.101632   -0.099920   -0.098271   -0.091666   -0.090558   -0.089814
   -0.172375   -0.172375   -0.172375   -0.172375   -0.172375   -0.172375   -0.172375   -0.172375   -0.172375   -0.172375   -0.153803   -0.153803   -0.153803   -0.153803   -0.153803   -0.153803   -0.153803   -0.124324   -0.124315   -0.124306   -0.124297   -0.124251   -0.124205   -0.122898   -0.120834   -0.118345   -0.115838   -0.113432   -0.111131   -0.105258   -0.103423   -0.101651   -0.099940   -0.098292   -0.091689   -0.090581   -0.089837
   -0.172384   -0.172384   -0.172384   -0.172384   -0.172384   -0.172384   -0.172384   -0.172384   -0.172384   -0.172384   -0.153813   -0.153813   -0.153813   -0.153813   -0.153813   -0.153813   -0.153813   -0.124337   -0.124328   -0.124318   -0.124309   -0.124264   -0.124218   -0.122911   -0.120847   -0.118359   -0.115853   -0.113447   -0.111146   -0.105275   -0.103440   -0.101669   -0.099958   -0.098310   -0.091709   -0.090602   -0.089859
   -0.172392   -0.172392   -0.172392   -0.172392   -0.172392   -0.172392   -0.172392   -0.172392   -0.172392   -0.172392   -0.153822   -0.153822   -0.153822   -0.153822   -0.153822   -0.153822   -0.153822   -0.124348   -0.124339   -0.124329   -0.124320   -0.124275   -0.124229   -0.122923   -0.120859   -0.118371   -0.115865   -0.113460   -0.111160   -0.105289   -0.103455   -0.101684   -0.099974   -0.098327   -0.091726   -0.090620   -0.089877
   -0.172399   -0.172399   -0.172399   -0.172399   -0.172399   -0.172399   -0.172399   -0.172399   -0.172399   -0.172399   -0.153829   -0.153829   -0.153829   -0.153829   -0.153829   -0.153829   -0.153829   -0.124357   -0.124348   -0.124339   -0.124330   -0.124284   -0.124238   -0.122932   -0.120869   -0.118382   -0.115876   -0.113471   -0.111171   -0.105301   -0.103467   -0.101697   -0.099987   -0.098340   -0.091741   -0.090635   -0.089892
   -0.172404   -0.172404   -0.172404   -0.172404   -0.172404   -0.172404   -0.172404   -0.172404   -0.172404   -0.172404   -0.153835   -0.153835   -0.153835   -0.153835   -0.153835   -0.153835   -0.153835   -0.124365   -0.124355   -0.124346   -0.124337   -0.124292   -0.124246   -0.122940   -0.120877   -0.118390   -0.115885   -0.113480   -0.111180   -0.105311   -0.103478   -0.101708   -0.099998   -0.098352   -0.091753   -0.090647   -0.089905
   -0.172408   -0.172408   -0.172408   -0.172408   -0.172408   -0.172408   -0.172408   -0.172408   -0.172408   -0.172408   -0.153840   -0.153840   -0.153840   -0.153840   -0.153840   -0.153840   -0.153840   -0.124370   -0.124361   -0.124352   -0.124343   -0.124298   -0.124252   -0.122946   -0.120883   -0.118397   -0.115891   -0.113487   -0.111188   -0.105319   -0.103486   -0.101716   -0.100006   -0.098360   -0.091763   -0.090657   -0.089915
   -0.172411   -0.172411   -0.172411   -0.172411   -0.172411   -0.172411   -0.172411   -0.172411   -0.172411   -0.172411   -0.153843   -0.153843   -0.153843   -0.153843   -0.153843   -0.153843   -0.153843   -0.124375   -0.124366   -0.124357   -0.124347   -0.124302   -0.124256   -0.122951   -0.120888   -0.118401   -0.115896   -0.113492   -0.111193   -0.105324   -0.103491   -0.101722   -0.100012   -0.098366   -0.091770   -0.090664   -0.089922
   -0.172413   -0.172413   -0.172413   -0.172413   -0.172413   -0.172413   -0.172413   -0.172413   -0.172413   -0.172413   -0.153845   -0.153845   -0.153845   -0.153845   -0.153845   -0.153845   -0.153845   -0.124377   -0.124368   -0.124359   -0.124350   -0.124304   -0.124259   -0.122953   -0.120891   -0.118404   -0.115899   -0.113495   -0.111196   -0.105328   -0.103495   -0.101725   -0.100016   -0.098370   -0.091774   -0.090668   -0.089926
   -0.172414   -0.172414   -0.172414   -0.172414   -0.172414   -0.172414   -0.172414   -0.172414   -0.172414   -0.172414   -0.153846   -0.153846   -0.153846   -0.153846   -0.153846   -0.153846   -0.153846   -0.124378   -0.124369   -0.124360   -0.124351   -0.124305   -0.124260   -0.122954   -0.120891   -0.118405   -0.115900   -0.113496   -0.111197   -0.105329   -0.103496   -0.101727   -0.100017   -0.098371   -0.091775   -0.090670   -0.089928
#
# ak135 travel-time table for PKSdf
#
