#
# ak135 travel-time table for sPg
#
# number of distance and depth samples
31 30
# delta samples
0.025 0.050 0.100 0.250 0.500 0.750 1.000 1.500 2.000 2.500 3.000 3.500 4.000 4.500 5.000 5.500 6.000 6.500 7.000 7.500 8.000 8.500 9.000 10.000 11.000 
12.000 13.000 14.000 15.000 16.000 17.000 
# depth samples
    1.000000    2.500000    5.000000    7.500000   10.000000   12.500000   15.000000   17.500000   19.900000   20.000000   22.500000   25.000000   27.500000   30.000000   32.500000   34.900000   35.000000   40.000000   45.000000   50.000000   75.000000  100.000000  150.000000  200.000000  250.000000  300.000000  350.000000  400.000000  450.000000  500.000000
#
# travel times (rows - delta, columns - depth)
#
    0.711238    1.059123 -999.000000 -999.000000 -999.000000 -999.000000 -999.000000 -999.000000 -999.000000 -999.000000 -999.000000 -999.000000 -999.000000 -999.000000 -999.000000 -999.000000 -999.000000 -999.000000 -999.000000 -999.000000 -999.000000 -999.000000 -999.000000 -999.000000 -999.000000 -999.000000 -999.000000 -999.000000 -999.000000 -999.000000
    1.190527    1.538411    2.118117 -999.000000 -999.000000 -999.000000 -999.000000 -999.000000 -999.000000 -999.000000 -999.000000 -999.000000 -999.000000 -999.000000 -999.000000 -999.000000 -999.000000 -999.000000 -999.000000 -999.000000 -999.000000 -999.000000 -999.000000 -999.000000 -999.000000 -999.000000 -999.000000 -999.000000 -999.000000 -999.000000
    2.149104    2.496988    3.076694    3.656275    4.235728    4.815056 -999.000000 -999.000000 -999.000000 -999.000000 -999.000000 -999.000000 -999.000000 -999.000000 -999.000000 -999.000000 -999.000000 -999.000000 -999.000000 -999.000000 -999.000000 -999.000000 -999.000000 -999.000000 -999.000000 -999.000000 -999.000000 -999.000000 -999.000000 -999.000000
    5.024831    5.372715    5.952423    6.532003    7.111458    7.690785    8.269986    8.849061    9.404853    9.427968    9.912377   10.396601   10.880672   11.364592   11.848357 -999.000000 -999.000000 -999.000000 -999.000000 -999.000000 -999.000000 -999.000000 -999.000000 -999.000000 -999.000000 -999.000000 -999.000000 -999.000000 -999.000000 -999.000000
    9.817690   10.165576   10.745285   11.324867   11.904324   12.483653   13.062857   13.641932   14.197725   14.220841   14.705253   15.189478   15.673551   16.157471   16.641237   17.105509   17.124775   17.827185   18.528225   19.227949 -999.000000 -999.000000 -999.000000 -999.000000 -999.000000 -999.000000 -999.000000 -999.000000 -999.000000 -999.000000
   14.610504   14.958392   15.538105   16.117691   16.697151   17.276484   17.855690   18.434769   18.990564   19.013681   19.498095   19.982325   20.466400   20.950323   21.434093   21.898369   21.917633   22.620050   23.321096   24.020824   27.499548 -999.000000 -999.000000 -999.000000 -999.000000 -999.000000 -999.000000 -999.000000 -999.000000 -999.000000
   19.403250   19.751141   20.330858   20.910450   21.489916   22.069252   22.648464   23.227547   23.783348   23.806465   24.290884   24.775118   25.259199   25.743128   26.226902   26.691181   26.710447   27.412876   28.113934   28.813671   32.292427   35.737591 -999.000000 -999.000000 -999.000000 -999.000000 -999.000000 -999.000000 -999.000000 -999.000000
   28.988445   29.336346   29.916079   30.495686   31.075165   31.654518   32.233742   32.812840   33.368652   33.391769   33.876205   34.360458   34.844555   35.328499   35.812286   36.276581   36.295845   36.998314   37.699409   38.399181   41.878082   45.323330 -999.000000 -999.000000 -999.000000 -999.000000 -999.000000 -999.000000 -999.000000 -999.000000
   38.573097   38.921009   39.500763   40.080391   40.659893   41.239265   41.818512   42.397629   42.953461   42.976578   43.461037   43.945312   44.429432   44.913399   45.397209   45.861526   45.880791   46.583321   47.284473   47.984303   51.463444   54.908882   61.697914 -999.000000 -999.000000 -999.000000 -999.000000 -999.000000 -999.000000 -999.000000
   48.157024   48.504951   49.084732   49.664387   50.243916   50.823315   51.402584   51.981728   52.537586   52.560707   53.045197   53.529499   54.013649   54.497646   54.981491   55.445835   55.465103   56.167709   56.868942   57.568844   61.048336   64.494072   71.283516   77.937973 -999.000000 -999.000000 -999.000000 -999.000000 -999.000000 -999.000000
   57.740036   58.087986   58.667801   59.247490   59.827049   60.406479   60.985786   61.564960   62.120850   62.143970   62.628498   63.112843   63.597031   64.081062   64.564941   65.029320   65.048592   65.751297   66.452629   67.152634   70.632576   74.078712   80.868790   87.523628   93.921654 -999.000000 -999.000000 -999.000000 -999.000000 -999.000000
   67.321960   67.669937   68.249786   68.829514   69.409111   69.988586   70.567924   71.147141   71.703072   71.726189   72.210762   72.695152   73.179382   73.663467   74.147385   74.611809   74.631081   75.333908   76.035362   76.735474   80.215981   83.662621   90.453545   97.108994  103.507362 -999.000000 -999.000000 -999.000000 -999.000000 -999.000000
   76.902611   77.250610   77.830505   78.410278   78.989922   79.569443   80.148827   80.728088   81.284058   81.307182   81.791809   82.276245   82.760536   83.244667   83.728638   84.193115   84.212387   84.915359   85.616943   86.317200   89.798363   93.245613  100.037605  106.693878  113.092827  119.024879 -999.000000 -999.000000 -999.000000 -999.000000
   86.481796   86.829834   87.409782   87.989601   88.569298   89.148865   89.728302   90.307617   90.863632   90.886757   91.371445   91.855949   92.340294   92.824486   93.308517   93.773048   93.792320   94.495453   95.197205   95.897614   99.379539  102.827507  109.620781  116.278114  122.677887  128.610474  134.050095 -999.000000 -999.000000 -999.000000
   96.059349   96.407417   96.987427   97.567307   98.147057   98.726685   99.306175   99.885544  100.441620  100.464745  100.949501  101.434067  101.918480  102.402740  102.886841  103.351433  103.370712  104.074028  104.775955  105.476547  108.959335  112.408127  119.202896  125.861519  132.262344  138.195724  143.635803 -999.000000 -999.000000 -999.000000
  105.635078  105.983185  106.563255  107.143196  107.723015  108.302704  108.882263  109.461693  110.017822  110.040955  110.525780  111.010422  111.494911  111.979248  112.463425  112.928085  112.947365  113.650879  114.353012  115.053802  118.537567  121.987282  128.783768  135.443893  141.846008  147.780457  153.221268  158.139130 -999.000000 -999.000000
  115.208801  115.556946  116.137093  116.717102  117.296989  117.876747  118.456375  119.035873  119.592072  119.615204  120.100121  120.584839  121.069412  121.553825  122.038078  122.502823  122.522110  123.225845  123.928192  124.629204  128.114044  131.564789  138.363205  145.025070  151.428711  157.364487  162.806335  167.724792 -999.000000 -999.000000
  124.780342  125.128532  125.708748  126.288841  126.868797  127.448631  128.028336  128.607910  129.164185  129.187317  129.672318  130.157135  130.641785  131.126297  131.610641  132.075470  132.094757  132.798737  133.501328  134.202576  137.688583  141.140472  147.941040  154.604858  161.010269  166.947632  172.390793  177.310196 -999.000000 -999.000000
  134.349503  134.697754  135.278046  135.858215  136.438263  137.018173  137.597961  138.177612  138.733963  138.757111  139.242203  139.727112  140.211868  140.696472  141.180908  141.645828  141.665115  142.369370  143.072220  143.773727  147.261017  150.714142  157.517075  164.183060  170.590485  176.529694  181.974472  186.895142  190.316101 -999.000000
  143.916122  144.264420  144.844803  145.425064  146.005203  146.585205  147.165070  147.744812  148.301254  148.324387  148.809586  149.294601  149.779465  150.264160  150.748718  151.213730  151.233032  151.937546  152.640686  153.342468  156.831146  160.285614  167.091125  173.759521  180.169189  186.110504  191.557190  196.479446  199.901703 -999.000000
  153.480011  153.828354  154.408844  154.989197  155.569427  156.149521  156.729477  157.309326  157.865845  157.888992  158.374298  158.859421  159.344391  159.829208  160.313858  160.778992  160.798294  161.503113  162.206558  162.908646  166.398788  169.854721  176.663025  183.334045  189.746201  195.689880  201.138748  206.062927  209.486984 -999.000000
  163.040985  163.389389  163.969971  164.550430  165.130753  165.710938  166.291016  166.870941  167.427567  167.450714  167.936142  168.421387  168.906479  169.391403  169.876190  170.341415  170.360718  171.065872  171.769638  172.472046  175.963776  179.421265  186.232574  192.906448  199.321320  205.267624  210.718979  215.645416  219.071732 -999.000000
  172.598846  172.947327  173.528015  174.108566  174.688995  175.269302  175.849472  176.429520  176.986237  177.009384  177.494949  177.980316  178.465530  178.950592  179.435486  179.900848  179.920151  180.625641  181.329742  182.032501  185.525925  188.985062  195.799591  202.476547  208.894363  214.843567  220.297699  225.226700  228.655792  230.883881
 -999.000000 -999.000000 -999.000000 -999.000000 -999.000000 -999.000000 -999.000000 -999.000000 -999.000000 -999.000000 -999.000000 -999.000000 -999.000000 -999.000000 -999.000000 -999.000000 -999.000000 -999.000000 -999.000000 -999.000000 -999.000000  208.103699  214.925308  221.609085  228.033539  233.989288  239.449829  244.384949  247.821060  250.054871
 -999.000000 -999.000000 -999.000000 -999.000000 -999.000000 -999.000000 -999.000000 -999.000000 -999.000000 -999.000000 -999.000000 -999.000000 -999.000000 -999.000000 -999.000000 -999.000000 -999.000000 -999.000000 -999.000000 -999.000000 -999.000000 -999.000000 -999.000000  240.730194  247.162216  253.125565  258.593658  263.536224  266.981293  269.223907
 -999.000000 -999.000000 -999.000000 -999.000000 -999.000000 -999.000000 -999.000000 -999.000000 -999.000000 -999.000000 -999.000000 -999.000000 -999.000000 -999.000000 -999.000000 -999.000000 -999.000000 -999.000000 -999.000000 -999.000000 -999.000000 -999.000000 -999.000000 -999.000000 -999.000000  272.250916  277.727722  282.679016  286.135010  288.389496
 -999.000000 -999.000000 -999.000000 -999.000000 -999.000000 -999.000000 -999.000000 -999.000000 -999.000000 -999.000000 -999.000000 -999.000000 -999.000000 -999.000000 -999.000000 -999.000000 -999.000000 -999.000000 -999.000000 -999.000000 -999.000000 -999.000000 -999.000000 -999.000000 -999.000000 -999.000000  296.850525  301.811829  305.280701  307.550079
 -999.000000 -999.000000 -999.000000 -999.000000 -999.000000 -999.000000 -999.000000 -999.000000 -999.000000 -999.000000 -999.000000 -999.000000 -999.000000 -999.000000 -999.000000 -999.000000 -999.000000 -999.000000 -999.000000 -999.000000 -999.000000 -999.000000 -999.000000 -999.000000 -999.000000 -999.000000 -999.000000  320.933167  324.416809  326.704163
 -999.000000 -999.000000 -999.000000 -999.000000 -999.000000 -999.000000 -999.000000 -999.000000 -999.000000 -999.000000 -999.000000 -999.000000 -999.000000 -999.000000 -999.000000 -999.000000 -999.000000 -999.000000 -999.000000 -999.000000 -999.000000 -999.000000 -999.000000 -999.000000 -999.000000 -999.000000 -999.000000 -999.000000  343.541870  345.850098
 -999.000000 -999.000000 -999.000000 -999.000000 -999.000000 -999.000000 -999.000000 -999.000000 -999.000000 -999.000000 -999.000000 -999.000000 -999.000000 -999.000000 -999.000000 -999.000000 -999.000000 -999.000000 -999.000000 -999.000000 -999.000000 -999.000000 -999.000000 -999.000000 -999.000000 -999.000000 -999.000000 -999.000000 -999.000000  364.986359
 -999.000000 -999.000000 -999.000000 -999.000000 -999.000000 -999.000000 -999.000000 -999.000000 -999.000000 -999.000000 -999.000000 -999.000000 -999.000000 -999.000000 -999.000000 -999.000000 -999.000000 -999.000000 -999.000000 -999.000000 -999.000000 -999.000000 -999.000000 -999.000000 -999.000000 -999.000000 -999.000000 -999.000000 -999.000000  384.111267
#
# dtdd (rows - delta, columns - depth)
#
   19.171537   19.171537 -999.000000 -999.000000 -999.000000 -999.000000 -999.000000 -999.000000 -999.000000 -999.000000 -999.000000 -999.000000 -999.000000 -999.000000 -999.000000 -999.000000 -999.000000 -999.000000 -999.000000 -999.000000 -999.000000 -999.000000 -999.000000 -999.000000 -999.000000 -999.000000 -999.000000 -999.000000 -999.000000 -999.000000
   19.171537   19.171537   19.171537 -999.000000 -999.000000 -999.000000 -999.000000 -999.000000 -999.000000 -999.000000 -999.000000 -999.000000 -999.000000 -999.000000 -999.000000 -999.000000 -999.000000 -999.000000 -999.000000 -999.000000 -999.000000 -999.000000 -999.000000 -999.000000 -999.000000 -999.000000 -999.000000 -999.000000 -999.000000 -999.000000
   19.171532   19.171534   19.171535   19.171535   19.171537   19.171537 -999.000000 -999.000000 -999.000000 -999.000000 -999.000000 -999.000000 -999.000000 -999.000000 -999.000000 -999.000000 -999.000000 -999.000000 -999.000000 -999.000000 -999.000000 -999.000000 -999.000000 -999.000000 -999.000000 -999.000000 -999.000000 -999.000000 -999.000000 -999.000000
   19.171495   19.171497   19.171503   19.171509   19.171513   19.171518   19.171522   19.171524   19.171528   19.171528   19.171532   19.171534   19.171535   19.171537   19.171537 -999.000000 -999.000000 -999.000000 -999.000000 -999.000000 -999.000000 -999.000000 -999.000000 -999.000000 -999.000000 -999.000000 -999.000000 -999.000000 -999.000000 -999.000000
   19.171360   19.171368   19.171379   19.171391   19.171400   19.171412   19.171421   19.171431   19.171440   19.171440   19.171450   19.171461   19.171469   19.171478   19.171486   19.171494   19.171494   19.171513   19.171524   19.171534 -999.000000 -999.000000 -999.000000 -999.000000 -999.000000 -999.000000 -999.000000 -999.000000 -999.000000 -999.000000
   19.171133   19.171144   19.171162   19.171179   19.171196   19.171213   19.171228   19.171246   19.171259   19.171261   19.171278   19.171295   19.171312   19.171328   19.171343   19.171358   19.171358   19.171396   19.171431   19.171459   19.171537 -999.000000 -999.000000 -999.000000 -999.000000 -999.000000 -999.000000 -999.000000 -999.000000 -999.000000
   19.170816   19.170830   19.170855   19.170877   19.170900   19.170923   19.170946   19.170967   19.170988   19.170990   19.171015   19.171040   19.171062   19.171087   19.171110   19.171131   19.171133   19.171190   19.171246   19.171295   19.171474   19.171537 -999.000000 -999.000000 -999.000000 -999.000000 -999.000000 -999.000000 -999.000000 -999.000000
   19.169909   19.169930   19.169966   19.170002   19.170036   19.170073   19.170107   19.170141   19.170174   19.170174   19.170214   19.170254   19.170292   19.170330   19.170368   19.170404   19.170404   19.170504   19.170599   19.170691   19.171078   19.171352 -999.000000 -999.000000 -999.000000 -999.000000 -999.000000 -999.000000 -999.000000 -999.000000
   19.168636   19.168665   19.168715   19.168762   19.168810   19.168856   19.168903   19.168949   19.168993   19.168995   19.169050   19.169104   19.169157   19.169210   19.169262   19.169312   19.169313   19.169455   19.169590   19.169722   19.170317   19.170801   19.171415 -999.000000 -999.000000 -999.000000 -999.000000 -999.000000 -999.000000 -999.000000
   19.167000   19.167036   19.167097   19.167156   19.167217   19.167276   19.167336   19.167395   19.167450   19.167452   19.167521   19.167589   19.167658   19.167727   19.167793   19.167856   19.167860   19.168039   19.168217   19.168388   19.169191   19.169886   19.170933   19.171474 -999.000000 -999.000000 -999.000000 -999.000000 -999.000000 -999.000000
   19.164999   19.165043   19.165115   19.165188   19.165258   19.165331   19.165401   19.165474   19.165541   19.165545   19.165628   19.165710   19.165794   19.165876   19.165958   19.166037   19.166040   19.166262   19.166479   19.166693   19.167700   19.168606   19.170086   19.171078   19.171524 -999.000000 -999.000000 -999.000000 -999.000000 -999.000000
   19.162632   19.162682   19.162767   19.162851   19.162935   19.163019   19.163103   19.163187   19.163265   19.163269   19.163368   19.163465   19.163565   19.163660   19.163757   19.163851   19.163855   19.164116   19.164373   19.164629   19.165846   19.166962   19.168875   19.170315   19.171236 -999.000000 -999.000000 -999.000000 -999.000000 -999.000000
   19.159897   19.159956   19.160053   19.160151   19.160246   19.160343   19.160439   19.160534   19.160625   19.160629   19.160742   19.160854   19.160967   19.161079   19.161190   19.161297   19.161303   19.161604   19.161903   19.162199   19.163624   19.164951   19.167299   19.169188   19.170584   19.171404 -999.000000 -999.000000 -999.000000 -999.000000
   19.156799   19.156866   19.156975   19.157084   19.157192   19.157301   19.157408   19.157516   19.157619   19.157623   19.157751   19.157879   19.158007   19.158133   19.158258   19.158379   19.158384   19.158728   19.159067   19.159405   19.161036   19.162575   19.165356   19.167696   19.169567   19.170908   19.171524 -999.000000 -999.000000 -999.000000
   19.153337   19.153410   19.153532   19.153654   19.153774   19.153894   19.154015   19.154135   19.154249   19.154255   19.154396   19.154539   19.154680   19.154821   19.154963   19.155098   19.155104   19.155487   19.155867   19.156244   19.158081   19.159832   19.163048   19.165838   19.168184   19.170048   19.171242 -999.000000 -999.000000 -999.000000
   19.149511   19.149591   19.149725   19.149858   19.149992   19.150126   19.150257   19.150389   19.150517   19.150520   19.150679   19.150835   19.150991   19.151146   19.151302   19.151451   19.151457   19.151882   19.152302   19.152721   19.154764   19.156723   19.160372   19.163612   19.166437   19.168821   19.170593   19.171494 -999.000000 -999.000000
   19.145323   19.145411   19.145555   19.145700   19.145845   19.145990   19.146135   19.146278   19.146418   19.146423   19.146595   19.146767   19.146936   19.147108   19.147278   19.147440   19.147448   19.147913   19.148375   19.148832   19.151081   19.153250   19.157330   19.161018   19.164322   19.167229   19.169580   19.171131 -999.000000 -999.000000
   19.140768   19.140862   19.141020   19.141178   19.141335   19.141491   19.141647   19.141806   19.141954   19.141960   19.142147   19.142334   19.142519   19.142704   19.142889   19.143066   19.143072   19.143578   19.144079   19.144579   19.147034   19.149412   19.153921   19.158060   19.161839   19.165270   19.168201   19.170404 -999.000000 -999.000000
   19.135847   19.135950   19.136120   19.136290   19.136457   19.136627   19.136797   19.136965   19.137127   19.137133   19.137335   19.137535   19.137735   19.137936   19.138134   19.138325   19.138332   19.138878   19.139421   19.139961   19.142620   19.145208   19.150148   19.154734   19.158987   19.162941   19.166456   19.169310   19.171417 -999.000000
   19.130562   19.130672   19.130854   19.131035   19.131218   19.131399   19.131580   19.131760   19.131933   19.131941   19.132156   19.132372   19.132586   19.132801   19.133015   19.133221   19.133228   19.133814   19.134398   19.134977   19.137842   19.140638   19.146009   19.151041   19.155769   19.160246   19.164341   19.167850   19.170935 -999.000000
   19.124914   19.125031   19.125225   19.125418   19.125612   19.125805   19.125998   19.126192   19.126377   19.126385   19.126614   19.126844   19.127073   19.127302   19.127531   19.127750   19.127758   19.128384   19.129007   19.129629   19.132696   19.135702   19.141504   19.146984   19.152184   19.157181   19.161858   19.166021   19.170088 -999.000000
   19.118900   19.119024   19.119230   19.119436   19.119642   19.119848   19.120052   19.120258   19.120455   19.120462   19.120707   19.120951   19.121195   19.121439   19.121681   19.121914   19.121923   19.122589   19.123253   19.123915   19.127188   19.130402   19.136631   19.142557   19.148232   19.153749   19.159004   19.163824   19.168873 -999.000000
   19.112524   19.112654   19.112873   19.113091   19.113308   19.113525   19.113743   19.113960   19.114168   19.114178   19.114435   19.114695   19.114952   19.115211   19.115469   19.115715   19.115726   19.116430   19.117134   19.117836   19.121311   19.124733   19.131392   19.137764   19.143911   19.149948   19.155781   19.161255   19.167288   19.171463
 -999.000000 -999.000000 -999.000000 -999.000000 -999.000000 -999.000000 -999.000000 -999.000000 -999.000000 -999.000000 -999.000000 -999.000000 -999.000000 -999.000000 -999.000000 -999.000000 -999.000000 -999.000000 -999.000000 -999.000000 -999.000000   19.112301   19.119810   19.127071   19.134165   19.141243   19.148230   19.155006   19.163004   19.170258
 -999.000000 -999.000000 -999.000000 -999.000000 -999.000000 -999.000000 -999.000000 -999.000000 -999.000000 -999.000000 -999.000000 -999.000000 -999.000000 -999.000000 -999.000000 -999.000000 -999.000000 -999.000000 -999.000000 -999.000000 -999.000000 -999.000000 -999.000000   19.114910   19.122942   19.131054   19.139196   19.147274   19.157225   19.167562
 -999.000000 -999.000000 -999.000000 -999.000000 -999.000000 -999.000000 -999.000000 -999.000000 -999.000000 -999.000000 -999.000000 -999.000000 -999.000000 -999.000000 -999.000000 -999.000000 -999.000000 -999.000000 -999.000000 -999.000000 -999.000000 -999.000000 -999.000000 -999.000000 -999.000000   19.119385   19.128674   19.138052   19.149944   19.163349
 -999.000000 -999.000000 -999.000000 -999.000000 -999.000000 -999.000000 -999.000000 -999.000000 -999.000000 -999.000000 -999.000000 -999.000000 -999.000000 -999.000000 -999.000000 -999.000000 -999.000000 -999.000000 -999.000000 -999.000000 -999.000000 -999.000000 -999.000000 -999.000000 -999.000000 -999.000000   19.116663   19.127333   19.141155   19.157591
 -999.000000 -999.000000 -999.000000 -999.000000 -999.000000 -999.000000 -999.000000 -999.000000 -999.000000 -999.000000 -999.000000 -999.000000 -999.000000 -999.000000 -999.000000 -999.000000 -999.000000 -999.000000 -999.000000 -999.000000 -999.000000 -999.000000 -999.000000 -999.000000 -999.000000 -999.000000 -999.000000   19.115114   19.130842   19.150270
 -999.000000 -999.000000 -999.000000 -999.000000 -999.000000 -999.000000 -999.000000 -999.000000 -999.000000 -999.000000 -999.000000 -999.000000 -999.000000 -999.000000 -999.000000 -999.000000 -999.000000 -999.000000 -999.000000 -999.000000 -999.000000 -999.000000 -999.000000 -999.000000 -999.000000 -999.000000 -999.000000 -999.000000   19.119003   19.141365
 -999.000000 -999.000000 -999.000000 -999.000000 -999.000000 -999.000000 -999.000000 -999.000000 -999.000000 -999.000000 -999.000000 -999.000000 -999.000000 -999.000000 -999.000000 -999.000000 -999.000000 -999.000000 -999.000000 -999.000000 -999.000000 -999.000000 -999.000000 -999.000000 -999.000000 -999.000000 -999.000000 -999.000000 -999.000000   19.130850
 -999.000000 -999.000000 -999.000000 -999.000000 -999.000000 -999.000000 -999.000000 -999.000000 -999.000000 -999.000000 -999.000000 -999.000000 -999.000000 -999.000000 -999.000000 -999.000000 -999.000000 -999.000000 -999.000000 -999.000000 -999.000000 -999.000000 -999.000000 -999.000000 -999.000000 -999.000000 -999.000000 -999.000000 -999.000000   19.118710
#
# dtdh (rows - delta, columns - depth)
#
    0.231938    0.231908 -999.000000 -999.000000 -999.000000 -999.000000 -999.000000 -999.000000 -999.000000 -999.000000 -999.000000 -999.000000 -999.000000 -999.000000 -999.000000 -999.000000 -999.000000 -999.000000 -999.000000 -999.000000 -999.000000 -999.000000 -999.000000 -999.000000 -999.000000 -999.000000 -999.000000 -999.000000 -999.000000 -999.000000
    0.231938    0.231908    0.231857 -999.000000 -999.000000 -999.000000 -999.000000 -999.000000 -999.000000 -999.000000 -999.000000 -999.000000 -999.000000 -999.000000 -999.000000 -999.000000 -999.000000 -999.000000 -999.000000 -999.000000 -999.000000 -999.000000 -999.000000 -999.000000 -999.000000 -999.000000 -999.000000 -999.000000 -999.000000 -999.000000
    0.231938    0.231908    0.231857    0.231807    0.231756    0.231706 -999.000000 -999.000000 -999.000000 -999.000000 -999.000000 -999.000000 -999.000000 -999.000000 -999.000000 -999.000000 -999.000000 -999.000000 -999.000000 -999.000000 -999.000000 -999.000000 -999.000000 -999.000000 -999.000000 -999.000000 -999.000000 -999.000000 -999.000000 -999.000000
    0.231938    0.231908    0.231858    0.231807    0.231756    0.231706    0.231655    0.231604    0.231556    0.193781    0.193720    0.193659    0.193598    0.193537    0.193476 -999.000000 -999.000000 -999.000000 -999.000000 -999.000000 -999.000000 -999.000000 -999.000000 -999.000000 -999.000000 -999.000000 -999.000000 -999.000000 -999.000000 -999.000000
    0.231939    0.231909    0.231858    0.231808    0.231757    0.231706    0.231656    0.231605    0.231556    0.193782    0.193721    0.193660    0.193599    0.193537    0.193476    0.193417    0.140602    0.140340    0.140077    0.139813 -999.000000 -999.000000 -999.000000 -999.000000 -999.000000 -999.000000 -999.000000 -999.000000 -999.000000 -999.000000
    0.231941    0.231910    0.231860    0.231809    0.231759    0.231708    0.231657    0.231606    0.231557    0.193783    0.193722    0.193661    0.193600    0.193539    0.193477    0.193418    0.140603    0.140341    0.140078    0.139813    0.138481 -999.000000 -999.000000 -999.000000 -999.000000 -999.000000 -999.000000 -999.000000 -999.000000 -999.000000
    0.231943    0.231912    0.231862    0.231811    0.231761    0.231710    0.231659    0.231608    0.231559    0.193785    0.193724    0.193663    0.193602    0.193541    0.193479    0.193420    0.140606    0.140343    0.140080    0.139815    0.138482    0.137128 -999.000000 -999.000000 -999.000000 -999.000000 -999.000000 -999.000000 -999.000000 -999.000000
    0.231949    0.231918    0.231868    0.231817    0.231766    0.231715    0.231665    0.231614    0.231565    0.193792    0.193731    0.193669    0.193608    0.193547    0.193485    0.193426    0.140614    0.140351    0.140087    0.139822    0.138486    0.137130 -999.000000 -999.000000 -999.000000 -999.000000 -999.000000 -999.000000 -999.000000 -999.000000
    0.231957    0.231927    0.231876    0.231825    0.231775    0.231724    0.231673    0.231622    0.231573    0.193801    0.193740    0.193679    0.193617    0.193556    0.193494    0.193435    0.140626    0.140363    0.140098    0.139833    0.138495    0.137137    0.134441 -999.000000 -999.000000 -999.000000 -999.000000 -999.000000 -999.000000 -999.000000
    0.231968    0.231938    0.231887    0.231836    0.231785    0.231734    0.231683    0.231632    0.231583    0.193814    0.193752    0.193691    0.193629    0.193568    0.193506    0.193447    0.140642    0.140379    0.140114    0.139848    0.138508    0.137147    0.134447    0.131716 -999.000000 -999.000000 -999.000000 -999.000000 -999.000000 -999.000000
    0.231982    0.231951    0.231900    0.231849    0.231798    0.231747    0.231696    0.231645    0.231596    0.193829    0.193768    0.193706    0.193644    0.193583    0.193521    0.193462    0.140663    0.140398    0.140133    0.139867    0.138525    0.137162    0.134457    0.131721    0.123394 -999.000000 -999.000000 -999.000000 -999.000000 -999.000000
    0.231997    0.231967    0.231916    0.231865    0.231814    0.231763    0.231712    0.231660    0.231611    0.193847    0.193786    0.193724    0.193662    0.193601    0.193539    0.193479    0.140687    0.140422    0.140157    0.139890    0.138546    0.137181    0.134472    0.131731    0.123398 -999.000000 -999.000000 -999.000000 -999.000000 -999.000000
    0.232016    0.231985    0.231934    0.231883    0.231832    0.231781    0.231730    0.231678    0.231629    0.193869    0.193807    0.193745    0.193683    0.193621    0.193559    0.193500    0.140715    0.140450    0.140184    0.139918    0.138572    0.137205    0.134491    0.131745    0.123407    0.113798 -999.000000 -999.000000 -999.000000 -999.000000
    0.232036    0.232006    0.231955    0.231904    0.231852    0.231801    0.231750    0.231699    0.231649    0.193893    0.193831    0.193769    0.193707    0.193645    0.193583    0.193524    0.140748    0.140483    0.140216    0.139949    0.138601    0.137233    0.134514    0.131764    0.123420    0.113806    0.103687 -999.000000 -999.000000 -999.000000
    0.232059    0.232029    0.231978    0.231927    0.231875    0.231824    0.231773    0.231721    0.231672    0.193920    0.193858    0.193796    0.193734    0.193672    0.193610    0.193550    0.140784    0.140519    0.140252    0.139985    0.138635    0.137265    0.134542    0.131787    0.123439    0.113819    0.103692 -999.000000 -999.000000 -999.000000
    0.232085    0.232054    0.232003    0.231952    0.231901    0.231849    0.231798    0.231746    0.231697    0.193950    0.193888    0.193826    0.193764    0.193702    0.193639    0.193580    0.140825    0.140559    0.140292    0.140024    0.138673    0.137301    0.134575    0.131815    0.123463    0.113837    0.103703    0.092883 -999.000000 -999.000000
    0.232113    0.232082    0.232031    0.231980    0.231928    0.231877    0.231826    0.231774    0.231725    0.193983    0.193921    0.193859    0.193797    0.193734    0.193672    0.193612    0.140870    0.140603    0.140336    0.140068    0.138715    0.137341    0.134611    0.131847    0.123492    0.113861    0.103720    0.092889 -999.000000 -999.000000
    0.232143    0.232113    0.232061    0.232010    0.231959    0.231907    0.231856    0.231804    0.231755    0.194019    0.193956    0.193894    0.193832    0.193770    0.193707    0.193647    0.140918    0.140652    0.140384    0.140116    0.138762    0.137386    0.134653    0.131884    0.123525    0.113890    0.103743    0.092903 -999.000000 -999.000000
    0.232176    0.232145    0.232094    0.232043    0.231991    0.231940    0.231888    0.231837    0.231787    0.194057    0.193995    0.193933    0.193871    0.193808    0.193746    0.193686    0.140971    0.140704    0.140436    0.140168    0.138812    0.137435    0.134698    0.131926    0.123564    0.113925    0.103772    0.092924    0.055443 -999.000000
    0.232211    0.232181    0.232129    0.232078    0.232026    0.231975    0.231923    0.231872    0.231822    0.194099    0.194037    0.193974    0.193912    0.193850    0.193787    0.193727    0.141027    0.140760    0.140492    0.140223    0.138867    0.137488    0.134748    0.131972    0.123608    0.113966    0.103807    0.092952    0.055458 -999.000000
    0.232249    0.232218    0.232167    0.232115    0.232064    0.232012    0.231961    0.231909    0.231859    0.194144    0.194081    0.194019    0.193956    0.193894    0.193831    0.193771    0.141088    0.140821    0.140553    0.140283    0.138925    0.137545    0.134802    0.132023    0.123657    0.114011    0.103849    0.092986    0.055486 -999.000000
    0.232289    0.232258    0.232207    0.232155    0.232104    0.232052    0.232000    0.231949    0.231899    0.194191    0.194129    0.194066    0.194004    0.193941    0.193878    0.193818    0.141153    0.140885    0.140617    0.140347    0.138988    0.137607    0.134861    0.132078    0.123710    0.114063    0.103897    0.093028    0.055525 -999.000000
    0.232332    0.232301    0.232249    0.232198    0.232146    0.232094    0.232043    0.231991    0.231941    0.194241    0.194179    0.194117    0.194054    0.193991    0.193929    0.193868    0.141221    0.140954    0.140685    0.140415    0.139055    0.137673    0.134924    0.132138    0.123769    0.114120    0.103950    0.093077    0.055576    0.031487
 -999.000000 -999.000000 -999.000000 -999.000000 -999.000000 -999.000000 -999.000000 -999.000000 -999.000000 -999.000000 -999.000000 -999.000000 -999.000000 -999.000000 -999.000000 -999.000000 -999.000000 -999.000000 -999.000000 -999.000000 -999.000000    0.137817    0.135063    0.132272    0.123901    0.114250    0.104076    0.093195    0.055715    0.031557
 -999.000000 -999.000000 -999.000000 -999.000000 -999.000000 -999.000000 -999.000000 -999.000000 -999.000000 -999.000000 -999.000000 -999.000000 -999.000000 -999.000000 -999.000000 -999.000000 -999.000000 -999.000000 -999.000000 -999.000000 -999.000000 -999.000000 -999.000000    0.132423    0.124053    0.114402    0.104227    0.093341    0.055900    0.031712
 -999.000000 -999.000000 -999.000000 -999.000000 -999.000000 -999.000000 -999.000000 -999.000000 -999.000000 -999.000000 -999.000000 -999.000000 -999.000000 -999.000000 -999.000000 -999.000000 -999.000000 -999.000000 -999.000000 -999.000000 -999.000000 -999.000000 -999.000000 -999.000000 -999.000000    0.114575    0.104401    0.093515    0.056133    0.031954
 -999.000000 -999.000000 -999.000000 -999.000000 -999.000000 -999.000000 -999.000000 -999.000000 -999.000000 -999.000000 -999.000000 -999.000000 -999.000000 -999.000000 -999.000000 -999.000000 -999.000000 -999.000000 -999.000000 -999.000000 -999.000000 -999.000000 -999.000000 -999.000000 -999.000000 -999.000000    0.104600    0.093717    0.056413    0.032281
 -999.000000 -999.000000 -999.000000 -999.000000 -999.000000 -999.000000 -999.000000 -999.000000 -999.000000 -999.000000 -999.000000 -999.000000 -999.000000 -999.000000 -999.000000 -999.000000 -999.000000 -999.000000 -999.000000 -999.000000 -999.000000 -999.000000 -999.000000 -999.000000 -999.000000 -999.000000 -999.000000    0.093946    0.056740    0.032692
 -999.000000 -999.000000 -999.000000 -999.000000 -999.000000 -999.000000 -999.000000 -999.000000 -999.000000 -999.000000 -999.000000 -999.000000 -999.000000 -999.000000 -999.000000 -999.000000 -999.000000 -999.000000 -999.000000 -999.000000 -999.000000 -999.000000 -999.000000 -999.000000 -999.000000 -999.000000 -999.000000 -999.000000    0.057113    0.033185
 -999.000000 -999.000000 -999.000000 -999.000000 -999.000000 -999.000000 -999.000000 -999.000000 -999.000000 -999.000000 -999.000000 -999.000000 -999.000000 -999.000000 -999.000000 -999.000000 -999.000000 -999.000000 -999.000000 -999.000000 -999.000000 -999.000000 -999.000000 -999.000000 -999.000000 -999.000000 -999.000000 -999.000000 -999.000000    0.033758
 -999.000000 -999.000000 -999.000000 -999.000000 -999.000000 -999.000000 -999.000000 -999.000000 -999.000000 -999.000000 -999.000000 -999.000000 -999.000000 -999.000000 -999.000000 -999.000000 -999.000000 -999.000000 -999.000000 -999.000000 -999.000000 -999.000000 -999.000000 -999.000000 -999.000000 -999.000000 -999.000000 -999.000000 -999.000000    0.034406
#
# bounce point delta (rows - delta, columns - depth)
#
    0.000000    0.016859 -999.000000 -999.000000 -999.000000 -999.000000 -999.000000 -999.000000 -999.000000 -999.000000 -999.000000 -999.000000 -999.000000 -999.000000 -999.000000 -999.000000 -999.000000 -999.000000 -999.000000 -999.000000 -999.000000 -999.000000 -999.000000 -999.000000 -999.000000 -999.000000 -999.000000 -999.000000 -999.000000 -999.000000
    0.000000    0.016859    0.000000 -999.000000 -999.000000 -999.000000 -999.000000 -999.000000 -999.000000 -999.000000 -999.000000 -999.000000 -999.000000 -999.000000 -999.000000 -999.000000 -999.000000 -999.000000 -999.000000 -999.000000 -999.000000 -999.000000 -999.000000 -999.000000 -999.000000 -999.000000 -999.000000 -999.000000 -999.000000 -999.000000
    0.000000    0.016859    0.000000    0.050718    0.000000    0.084154 -999.000000 -999.000000 -999.000000 -999.000000 -999.000000 -999.000000 -999.000000 -999.000000 -999.000000 -999.000000 -999.000000 -999.000000 -999.000000 -999.000000 -999.000000 -999.000000 -999.000000 -999.000000 -999.000000 -999.000000 -999.000000 -999.000000 -999.000000 -999.000000
    0.000000    0.016859    0.000000    0.050718    0.000000    0.084154    0.000000    0.117737    0.133506    0.000000    0.158159    0.000000    0.192426    0.000000    0.236686 -999.000000 -999.000000 -999.000000 -999.000000 -999.000000 -999.000000 -999.000000 -999.000000 -999.000000 -999.000000 -999.000000 -999.000000 -999.000000 -999.000000 -999.000000
    0.000000    0.016859    0.000000    0.050717    0.000000    0.084153    0.000000    0.117736    0.133505    0.000000    0.158158    0.000000    0.192425    0.000000    0.236685    0.257320    0.000000    0.000000    0.000000    0.000000 -999.000000 -999.000000 -999.000000 -999.000000 -999.000000 -999.000000 -999.000000 -999.000000 -999.000000 -999.000000
    0.000000    0.016859    0.000000    0.050716    0.000000    0.084151    0.000000    0.117735    0.133503    0.000000    0.158155    0.000000    0.192423    0.000000    0.236682    0.257317    0.000000    0.000000    0.000000    0.000000    0.000000 -999.000000 -999.000000 -999.000000 -999.000000 -999.000000 -999.000000 -999.000000 -999.000000 -999.000000
    0.000000    0.016858    0.000000    0.050715    0.000000    0.084148    0.000000    0.117732    0.133501    0.000000    0.158152    0.000000    0.192419    0.000000    0.236678    0.257312    0.000000    0.000000    0.000000    0.000000    0.000000    0.000000 -999.000000 -999.000000 -999.000000 -999.000000 -999.000000 -999.000000 -999.000000 -999.000000
    0.000000    0.016856    0.000000    0.050710    0.000000    0.084140    0.000000    0.117725    0.133493    0.000000    0.158141    0.000000    0.192408    0.000000    0.236663    0.257296    0.000000    0.000000    0.000000    0.000000    0.000000    0.000000 -999.000000 -999.000000 -999.000000 -999.000000 -999.000000 -999.000000 -999.000000 -999.000000
    0.000000    0.016854    0.000000    0.050703    0.000000    0.084128    0.000000    0.117715    0.133481    0.000000    0.158126    0.000000    0.192392    0.000000    0.236640    0.257272    0.000000    0.000000    0.000000    0.000000    0.000000    0.000000    0.000000 -999.000000 -999.000000 -999.000000 -999.000000 -999.000000 -999.000000 -999.000000
    0.543920    0.016851    0.000000    0.050693    0.000000    0.084113    0.000000    0.117702    0.133467    0.000000    0.158106    0.000000    0.192370    0.000000    0.236611    0.257240    0.000000    0.000000    0.000000    0.000000    0.000000    0.000000    0.000000    0.000000 -999.000000 -999.000000 -999.000000 -999.000000 -999.000000 -999.000000
    0.400728    0.016847    0.000000    0.050682    0.000000    0.084094    0.000000    0.117685    0.133448    0.000000    0.158081    0.000000    0.192343    0.000000    0.236574    0.257201    0.000000    0.000000    0.000000    0.000000    0.000000    0.000000    0.000000    0.000000    0.000000 -999.000000 -999.000000 -999.000000 -999.000000 -999.000000
    0.315769    0.016843    0.000000    0.050669    0.000000    0.084072    0.000000    0.117665    0.133426    0.000000    0.158052    0.000000    0.192310    0.000000    0.236530    0.257153    0.000000    0.000000    0.000000    0.000000    0.000000    0.000000    0.000000    0.000000    0.000000 -999.000000 -999.000000 -999.000000 -999.000000 -999.000000
    0.267938    0.016837    0.000000    0.050654    0.000000    0.084046    0.000000    0.117643    0.133401    0.000000    0.158017    0.000000    0.192273    0.000000    0.236479    0.257098    0.000000    0.000000    0.000000    0.000000    0.000000    0.000000    0.000000    0.000000    0.000000    0.000000 -999.000000 -999.000000 -999.000000 -999.000000
    0.247415    0.016832    0.000000    0.050636    0.000000    0.084016    0.000000    0.117617    0.133372    0.000000    0.157978    0.000000    0.192230    0.000000    0.236420    0.257034    0.000000    0.000000    0.000000    0.000000    0.000000    0.000000    0.000000    0.000000    0.000000    0.000000    0.000000 -999.000000 -999.000000 -999.000000
    0.232029    0.016825    1.474186    0.050617    0.000000    0.083983    0.000000    0.117587    0.133340    0.000000    0.157934    0.000000    0.192182    0.000000    0.236354    0.256963    0.000000    0.000000    0.000000    0.000000    0.000000    0.000000    0.000000    0.000000    0.000000    0.000000    0.000000 -999.000000 -999.000000 -999.000000
    0.217537    0.016818    1.215066    0.050595    0.000000    0.083947    0.000000    0.117555    0.133304    0.000000    0.157885    0.000000    0.192128    0.000000    0.236280    0.256883    0.000000    0.000000    0.000000    0.000000    0.000000    0.000000    0.000000    0.000000    0.000000    0.000000    0.000000    0.000000 -999.000000 -999.000000
    0.203830    0.016810    1.057400    0.050572    0.000000    0.083907    0.000000    0.117520    0.133264    0.000000    0.157832    0.000000    0.192069    0.000000    0.236200    0.256796    0.000000    0.000000    0.000000    0.000000    0.000000    0.000000    0.000000    0.000000    0.000000    0.000000    0.000000    0.000000 -999.000000 -999.000000
    0.190819    0.016801    0.936377    0.050546    3.028702    0.083863    0.000000    0.117481    0.133221    0.000000    0.157774    0.000000    0.192005    0.000000    0.236112    0.256701    0.000000    0.000000    0.000000    0.000000    0.000000    0.000000    0.000000    0.000000    0.000000    0.000000    0.000000    0.000000 -999.000000 -999.000000
    0.178459    0.016792    0.840188    0.050519    2.162475    0.083816    0.000000    0.117440    0.133175    0.000000    0.157711    0.000000    0.191936    0.000000    0.236017    0.256598    0.000000    0.000000    0.000000    0.000000    0.000000    0.000000    0.000000    0.000000    0.000000    0.000000    0.000000    0.000000    0.000000 -999.000000
    0.166718    0.016782    0.763105    0.050489    1.834237    0.083765    0.000000    0.117395    0.133125    0.000000    0.157643    0.000000    0.191861    0.000000    0.235914    0.256487    0.000000    0.000000    0.000000    0.000000    0.000000    0.000000    0.000000    0.000000    0.000000    0.000000    0.000000    0.000000    0.000000 -999.000000
    0.155574    0.016771    0.701976    0.050457    1.623494    0.083711    3.558336    0.117347    0.133072    0.000000    0.157570    0.000000    0.191781    0.000000    0.235805    0.256368    0.000000    0.000000    0.000000    0.000000    0.000000    0.000000    0.000000    0.000000    0.000000    0.000000    0.000000    0.000000    0.000000 -999.000000
    0.145001    0.016760    0.654768    0.050424    1.478223    0.083654    2.706147    0.117296    0.133015    0.000000    0.157493    0.000000    0.191696    0.000000    0.235688    0.256241    0.000000    0.000000    0.000000    0.000000    0.000000    0.000000    0.000000    0.000000    0.000000    0.000000    0.000000    0.000000    0.000000 -999.000000
    0.134992    0.016748    0.620190    0.050388    1.378537    0.083593    2.402865    0.117242    0.132954    0.000000    0.157411    0.000000    0.191606    0.000000    0.235564    0.256107    0.000000    0.000000    0.000000    0.000000    0.000000    0.000000    0.000000    0.000000    0.000000    0.000000    0.000000    0.000000    0.000000    0.000000
 -999.000000 -999.000000 -999.000000 -999.000000 -999.000000 -999.000000 -999.000000 -999.000000 -999.000000 -999.000000 -999.000000 -999.000000 -999.000000 -999.000000 -999.000000 -999.000000 -999.000000 -999.000000 -999.000000 -999.000000 -999.000000    0.000000    0.000000    0.000000    0.000000    0.000000    0.000000    0.000000    0.000000    0.000000
 -999.000000 -999.000000 -999.000000 -999.000000 -999.000000 -999.000000 -999.000000 -999.000000 -999.000000 -999.000000 -999.000000 -999.000000 -999.000000 -999.000000 -999.000000 -999.000000 -999.000000 -999.000000 -999.000000 -999.000000 -999.000000 -999.000000 -999.000000    0.000000    0.000000    0.000000    0.000000    0.000000    0.000000    0.000000
 -999.000000 -999.000000 -999.000000 -999.000000 -999.000000 -999.000000 -999.000000 -999.000000 -999.000000 -999.000000 -999.000000 -999.000000 -999.000000 -999.000000 -999.000000 -999.000000 -999.000000 -999.000000 -999.000000 -999.000000 -999.000000 -999.000000 -999.000000 -999.000000 -999.000000    0.000000    0.000000    0.000000    0.000000    0.000000
 -999.000000 -999.000000 -999.000000 -999.000000 -999.000000 -999.000000 -999.000000 -999.000000 -999.000000 -999.000000 -999.000000 -999.000000 -999.000000 -999.000000 -999.000000 -999.000000 -999.000000 -999.000000 -999.000000 -999.000000 -999.000000 -999.000000 -999.000000 -999.000000 -999.000000 -999.000000    0.000000    0.000000    0.000000    0.000000
 -999.000000 -999.000000 -999.000000 -999.000000 -999.000000 -999.000000 -999.000000 -999.000000 -999.000000 -999.000000 -999.000000 -999.000000 -999.000000 -999.000000 -999.000000 -999.000000 -999.000000 -999.000000 -999.000000 -999.000000 -999.000000 -999.000000 -999.000000 -999.000000 -999.000000 -999.000000 -999.000000    0.000000    0.000000    0.000000
 -999.000000 -999.000000 -999.000000 -999.000000 -999.000000 -999.000000 -999.000000 -999.000000 -999.000000 -999.000000 -999.000000 -999.000000 -999.000000 -999.000000 -999.000000 -999.000000 -999.000000 -999.000000 -999.000000 -999.000000 -999.000000 -999.000000 -999.000000 -999.000000 -999.000000 -999.000000 -999.000000 -999.000000    0.000000    0.000000
 -999.000000 -999.000000 -999.000000 -999.000000 -999.000000 -999.000000 -999.000000 -999.000000 -999.000000 -999.000000 -999.000000 -999.000000 -999.000000 -999.000000 -999.000000 -999.000000 -999.000000 -999.000000 -999.000000 -999.000000 -999.000000 -999.000000 -999.000000 -999.000000 -999.000000 -999.000000 -999.000000 -999.000000 -999.000000    0.000000
 -999.000000 -999.000000 -999.000000 -999.000000 -999.000000 -999.000000 -999.000000 -999.000000 -999.000000 -999.000000 -999.000000 -999.000000 -999.000000 -999.000000 -999.000000 -999.000000 -999.000000 -999.000000 -999.000000 -999.000000 -999.000000 -999.000000 -999.000000 -999.000000 -999.000000 -999.000000 -999.000000 -999.000000 -999.000000    0.000000
#
# ak135 travel-time table for sPg
#
