#
# ak135 travel-time table for PKPab
#
# number of distance and depth samples
36 37
# delta samples
143.000 144.000 145.000 146.000 147.000 148.000 149.000 150.000 151.000 152.000 153.000 154.000 155.000 156.000 157.000 158.000 159.000 160.000 161.000 162.000 163.000 164.000 165.000 166.000 167.000 
168.000 169.000 170.000 171.000 172.000 173.000 174.000 175.000 176.000 177.000 178.000 
# depth samples
    0.000000    1.000000    2.500000    5.000000    7.500000   10.000000   12.500000   15.000000   17.500000   19.900000   20.000000   22.500000   25.000000   27.500000   30.000000   32.500000   34.900000   35.000000   40.000000   45.000000   50.000000   75.000000  100.000000  150.000000  200.000000  250.000000  300.000000  350.000000  400.000000  450.000000  500.000000  550.000000  600.000000  650.000000  700.000000  750.000000  800.000000
#
# travel times (rows - delta, columns - depth)
#
 -999.000000 -999.000000 -999.000000 -999.000000 -999.000000 -999.000000 -999.000000 -999.000000 -999.000000 -999.000000 -999.000000 -999.000000 -999.000000 -999.000000 -999.000000 -999.000000 -999.000000 -999.000000 -999.000000 -999.000000 -999.000000 -999.000000 -999.000000 -999.000000 -999.000000 -999.000000 -999.000000 -999.000000 -999.000000 -999.000000 -999.000000 -999.000000 -999.000000 -999.000000 1095.378418 1091.214722 1087.126221
 -999.000000 -999.000000 -999.000000 -999.000000 -999.000000 -999.000000 -999.000000 -999.000000 -999.000000 -999.000000 -999.000000 -999.000000 -999.000000 -999.000000 -999.000000 -999.000000 -999.000000 -999.000000 -999.000000 -999.000000 -999.000000 -999.000000 -999.000000 -999.000000 -999.000000 -999.000000 -999.000000 -999.000000 1127.427246 1122.365112 1117.459106 1112.663330 1107.974487 1103.389771 1099.134155 1095.014648 1090.963867
 1178.473877 1178.304443 1178.050171 1177.626587 1177.202881 1176.779297 1176.355713 1175.932129 1175.508667 1175.102051 1175.085083 1174.708984 1174.332764 1173.956665 1173.580566 1173.204468 1172.843506 1172.828491 1172.228027 1171.627686 1171.027588 1168.029175 1165.034180 1159.074097 1153.222534 1147.495605 1141.910522 1136.463013 1131.148438 1126.123657 1121.250366 1116.484131 1111.822510 1107.263306 1103.033325 1098.938477 1094.911255
 1182.172241 1182.003174 1181.749756 1181.327271 1180.904785 1180.482300 1180.059814 1179.637451 1179.214966 1178.809448 1178.792603 1178.417725 1178.042725 1177.667847 1177.292969 1176.918091 1176.558228 1176.543335 1175.945801 1175.348267 1174.750977 1171.766113 1168.784058 1162.847900 1157.018555 1151.312866 1145.748169 1140.320312 1135.024780 1130.019165 1125.164795 1120.417114 1115.773682 1111.232422 1107.020996 1102.944702 1098.935547
 1186.031982 1185.863159 1185.609985 1185.187988 1184.766113 1184.344116 1183.922241 1183.500366 1183.078369 1182.673462 1182.656616 1182.282227 1181.907837 1181.533569 1181.159302 1180.785034 1180.425659 1180.410767 1179.814697 1179.218750 1178.622803 1175.645142 1172.670166 1166.747925 1160.932495 1155.240479 1149.689575 1144.275391 1138.993652 1134.002197 1129.162109 1124.428589 1119.799316 1115.272095 1111.075439 1107.013794 1103.019165
 1189.986572 1189.817871 1189.564941 1189.143433 1188.721802 1188.300293 1187.878784 1187.457153 1187.035645 1186.630981 1186.614136 1186.240234 1185.866333 1185.492432 1185.118652 1184.744751 1184.385864 1184.370972 1183.775879 1183.181030 1182.586304 1179.613892 1176.644287 1170.732544 1164.927612 1159.246216 1153.706055 1148.302734 1143.031860 1138.051758 1133.223022 1128.500977 1123.883057 1119.367432 1115.182739 1111.133301 1107.150635
 1194.012207 1193.843628 1193.590820 1193.169556 1192.748413 1192.327148 1191.905884 1191.484619 1191.063477 1190.659058 1190.642212 1190.268677 1189.895142 1189.521606 1189.148071 1188.774536 1188.415894 1188.401123 1187.806885 1187.212891 1186.618896 1183.650879 1180.685425 1174.782104 1168.985718 1163.313110 1157.781494 1152.386963 1147.125000 1142.154297 1137.334961 1132.622437 1128.014038 1123.507935 1119.333496 1115.294312 1111.321899
 1198.094238 1197.925903 1197.673218 1197.252197 1196.831177 1196.410278 1195.989258 1195.568237 1195.147339 1194.743164 1194.726318 1194.353027 1193.979736 1193.606567 1193.233276 1192.859985 1192.501709 1192.486816 1191.893433 1191.300049 1190.706909 1187.742310 1184.780396 1178.884033 1173.094727 1167.429199 1161.904907 1156.517822 1151.263306 1146.300415 1141.489136 1136.784668 1132.184448 1127.686523 1123.520874 1119.490601 1115.527222
 1202.222778 1202.054443 1201.801880 1201.381104 1200.960327 1200.539551 1200.118774 1199.697998 1199.277222 1198.873291 1198.856445 1198.483398 1198.110352 1197.737305 1197.364380 1196.991333 1196.633301 1196.618408 1196.025513 1195.432861 1194.840210 1191.878662 1188.919678 1183.029297 1177.245972 1171.586426 1166.068359 1160.687622 1155.439575 1150.483521 1145.679077 1140.981567 1136.388672 1131.897949 1127.740112 1123.717896 1119.762451
 1206.390137 1206.221924 1205.969482 1205.548828 1205.128296 1204.707642 1204.286987 1203.866455 1203.445923 1203.042114 1203.025269 1202.652466 1202.279663 1201.906860 1201.534058 1201.161255 1200.803345 1200.788452 1200.196045 1199.603882 1199.011719 1196.052734 1193.096313 1187.211060 1181.432983 1175.778809 1170.266235 1164.890991 1159.648682 1154.698608 1149.900391 1145.209229 1140.622681 1136.138550 1131.987671 1127.972412 1124.023926
 1210.591064 1210.422852 1210.170654 1209.750122 1209.329712 1208.909302 1208.488770 1208.068359 1207.647949 1207.244385 1207.227539 1206.854858 1206.482178 1206.109619 1205.736938 1205.364380 1205.006592 1204.991821 1204.399902 1203.808105 1203.216431 1200.259766 1197.305542 1191.424927 1185.651489 1180.002075 1174.494385 1169.124146 1163.886841 1158.942261 1154.149536 1149.463867 1144.882935 1140.404419 1136.259399 1132.250244 1128.307861
 1214.821777 1214.653687 1214.401489 1213.981201 1213.560913 1213.140503 1212.720215 1212.299927 1211.879639 1211.476196 1211.459473 1211.086914 1210.714478 1210.341919 1209.969482 1209.597046 1209.239502 1209.224609 1208.633179 1208.041748 1207.450562 1204.495850 1201.543701 1195.667114 1189.897827 1184.252686 1178.749146 1173.383301 1168.150513 1163.210449 1158.422485 1153.741699 1149.165527 1144.692017 1140.552368 1136.548584 1132.611694
 1219.078735 1218.910645 1218.658569 1218.238403 1217.818237 1217.397949 1216.977783 1216.557617 1216.137573 1215.734131 1215.717407 1215.344971 1214.972656 1214.600342 1214.228027 1213.855713 1213.498291 1213.483398 1212.892334 1212.301270 1211.710327 1208.757446 1205.807129 1199.934082 1194.168335 1188.526733 1183.027100 1177.665039 1172.436035 1167.500122 1162.716431 1158.039917 1153.468140 1148.999146 1144.864258 1140.865479 1136.933716
 1223.358398 1223.190308 1222.938232 1222.518188 1222.098145 1221.677979 1221.257935 1220.837891 1220.417847 1220.014648 1219.997803 1219.625610 1219.253418 1218.881104 1218.508911 1218.136719 1217.779419 1217.764648 1217.173828 1216.583130 1215.992554 1213.041138 1210.092285 1204.222412 1198.459839 1192.821655 1187.325195 1181.966553 1176.741211 1171.809082 1167.029175 1162.356567 1157.788818 1153.323853 1149.193481 1145.199097 1141.271729
 1227.657959 1227.489990 1227.238037 1226.817993 1226.398071 1225.978027 1225.558105 1225.138184 1224.718140 1224.315063 1224.298218 1223.926147 1223.553955 1223.181885 1222.809814 1222.437744 1222.080566 1222.065674 1221.475220 1220.884766 1220.294434 1217.344482 1214.397095 1208.530029 1202.770386 1197.135132 1191.641846 1186.286255 1181.064087 1176.135376 1171.359009 1166.689941 1162.125854 1157.664429 1153.537964 1149.547607 1145.624268
 1231.975830 1231.807861 1231.555908 1231.135986 1230.716064 1230.296143 1229.876343 1229.456421 1229.036621 1228.633545 1228.616821 1228.244751 1227.872681 1227.500732 1227.128784 1226.756714 1226.399658 1226.384888 1225.794556 1225.204346 1224.614380 1221.665649 1218.719482 1212.855103 1207.098022 1201.465454 1195.974976 1190.622192 1185.402954 1180.477295 1175.703979 1171.038208 1166.477295 1162.019165 1157.896118 1153.909302 1149.989502
 1236.309937 1236.142090 1235.890137 1235.470337 1235.050537 1234.630737 1234.210938 1233.791138 1233.371338 1232.968384 1232.951660 1232.579712 1232.207764 1231.835815 1231.463867 1231.092041 1230.734985 1230.720215 1230.130127 1229.540161 1228.950439 1226.002808 1223.057983 1217.195801 1211.441162 1205.811035 1200.322876 1194.972778 1189.756104 1184.833008 1180.062622 1175.399536 1170.841431 1166.386230 1162.266235 1158.282593 1154.365967
 1240.658813 1240.490967 1240.239136 1239.819336 1239.399536 1238.979858 1238.560181 1238.140381 1237.720703 1237.317871 1237.301025 1236.929199 1236.557373 1236.185547 1235.813721 1235.441895 1235.084961 1235.070190 1234.480347 1233.890625 1233.301025 1230.354492 1227.410522 1221.550415 1215.797974 1210.169922 1204.684082 1199.336060 1194.121704 1189.201050 1184.433105 1179.772461 1175.216919 1170.764282 1166.647095 1162.666260 1158.752441
 1245.020752 1244.852783 1244.600952 1244.181274 1243.761597 1243.341919 1242.922363 1242.502686 1242.083008 1241.680176 1241.663452 1241.291626 1240.919800 1240.548096 1240.176392 1239.804565 1239.447754 1239.432983 1238.843262 1238.253784 1237.664307 1234.718750 1231.775757 1225.917480 1220.166870 1214.540649 1209.056763 1203.710815 1198.498413 1193.579956 1188.814087 1184.155762 1179.602539 1175.152222 1171.037476 1167.059204 1163.147827
 1249.394043 1249.226196 1248.974365 1248.554810 1248.135132 1247.715576 1247.295898 1246.876343 1246.456787 1246.053955 1246.037231 1245.665527 1245.293823 1244.922119 1244.550415 1244.178711 1243.821899 1243.807129 1243.217651 1242.628296 1242.038940 1239.094238 1236.152100 1230.295410 1224.546387 1218.921997 1213.439819 1208.095703 1202.885132 1197.968506 1193.204712 1188.548340 1183.997192 1179.548828 1175.436401 1171.460327 1167.551270
 1253.777588 1253.609863 1253.358032 1252.938477 1252.518921 1252.099365 1251.679810 1251.260254 1250.840698 1250.437988 1250.421265 1250.049561 1249.677979 1249.306274 1248.934692 1248.563110 1248.206299 1248.191528 1247.602173 1247.012939 1246.423828 1243.479736 1240.538330 1234.683105 1228.935669 1223.312744 1217.832153 1212.489624 1207.280640 1202.365845 1197.603760 1192.949219 1188.399780 1183.953369 1179.842773 1175.868774 1171.961670
 1258.170410 1258.002563 1257.750854 1257.331299 1256.911865 1256.492310 1256.072876 1255.653320 1255.233887 1254.831177 1254.814453 1254.442749 1254.071167 1253.699585 1253.328003 1252.956421 1252.599731 1252.584961 1251.995728 1251.406616 1250.817627 1247.874268 1244.933472 1239.079590 1233.333496 1227.711914 1222.232666 1216.891602 1211.684082 1206.770874 1202.010376 1197.357422 1192.809570 1188.364746 1184.255981 1180.283691 1176.378418
 1262.571411 1262.403564 1262.151855 1261.732422 1261.312988 1260.893433 1260.473999 1260.054565 1259.635132 1259.232422 1259.215698 1258.844116 1258.472534 1258.101074 1257.729492 1257.358032 1257.001343 1256.986572 1256.397461 1255.808472 1255.219604 1252.276733 1249.336548 1243.483887 1237.739014 1232.118652 1226.640625 1221.300781 1216.094604 1211.182739 1206.423584 1201.772095 1197.225708 1192.782349 1188.675049 1184.704346 1180.800537
 1266.979736 1266.811890 1266.560181 1266.140747 1265.721313 1265.301880 1264.882446 1264.463013 1264.043701 1263.640991 1263.624268 1263.252808 1262.881226 1262.509766 1262.138306 1261.766846 1261.410156 1261.395386 1260.806396 1260.217529 1259.628784 1256.686401 1253.746826 1247.895142 1242.151245 1236.531982 1231.055176 1225.716431 1220.511353 1215.600586 1210.842773 1206.192505 1201.647339 1197.205322 1193.099365 1189.130005 1185.227539
 1271.394409 1271.226685 1270.974976 1270.555664 1270.136230 1269.716797 1269.297363 1268.878052 1268.458618 1268.056030 1268.039307 1267.667847 1267.296387 1266.924927 1266.553467 1266.182007 1265.825439 1265.810669 1265.221680 1264.632935 1264.044189 1261.102417 1258.163208 1252.312500 1246.569580 1240.951294 1235.475342 1230.137573 1224.933594 1220.023926 1215.267090 1210.617920 1206.073853 1201.632935 1197.528198 1193.559937 1189.658691
 1275.814941 1275.647217 1275.395508 1274.976074 1274.556763 1274.137329 1273.718018 1273.298706 1272.879272 1272.476807 1272.459961 1272.088501 1271.717041 1271.345703 1270.974243 1270.602905 1270.246338 1270.231567 1269.642700 1269.053955 1268.465332 1265.523926 1262.585205 1256.735229 1250.993164 1245.375732 1239.900635 1234.563721 1229.360596 1224.451782 1219.695923 1215.047729 1210.504639 1206.064575 1201.960815 1197.993652 1194.093384
 1280.240356 1280.072632 1279.821045 1279.401611 1278.982300 1278.562988 1278.143555 1277.724243 1277.304932 1276.902466 1276.885620 1276.514282 1276.142822 1275.771362 1275.400024 1275.028687 1274.672119 1274.657349 1274.068604 1273.479980 1272.891479 1269.950317 1267.011841 1261.162720 1255.421265 1249.804565 1244.330200 1238.994141 1233.791748 1228.883789 1224.128662 1219.481201 1214.938965 1210.499756 1206.396851 1202.430420 1198.531128
 1284.670166 1284.502441 1284.250854 1283.831543 1283.412109 1282.992798 1282.573486 1282.154175 1281.734863 1281.332397 1281.315674 1280.944214 1280.572876 1280.201416 1279.830078 1279.458740 1279.102295 1279.087524 1278.498779 1277.910156 1277.321777 1274.380981 1271.442871 1265.594238 1259.853394 1254.237305 1248.763672 1243.428101 1238.226440 1233.319092 1228.564697 1223.917969 1219.376343 1214.937744 1210.835571 1206.869873 1202.971191
 1289.103760 1288.936035 1288.684448 1288.265015 1287.845703 1287.426392 1287.007202 1286.587891 1286.168579 1285.766113 1285.749390 1285.377930 1285.006592 1284.635254 1284.263916 1283.892578 1283.536133 1283.521240 1282.932617 1282.344116 1281.755737 1278.815186 1275.877319 1270.029297 1264.288940 1258.673340 1253.200195 1247.865234 1242.664062 1237.757324 1233.003418 1228.357300 1223.816162 1219.378174 1215.276611 1211.311523 1207.413330
 1293.540405 1293.372681 1293.121094 1292.701782 1292.282471 1291.863159 1291.443970 1291.024658 1290.605347 1290.202881 1290.186157 1289.814819 1289.443481 1289.072144 1288.700806 1288.329468 1287.973022 1287.958252 1287.369629 1286.781128 1286.192749 1283.252441 1280.314819 1274.467163 1268.727295 1263.112183 1257.639404 1252.304932 1247.104126 1242.197876 1237.444458 1232.798706 1228.258057 1223.820557 1219.719360 1215.754639 1211.856934
 1297.979736 1297.812012 1297.560425 1297.141113 1296.721924 1296.302612 1295.883301 1295.464111 1295.044800 1294.642334 1294.625610 1294.254272 1293.882935 1293.511597 1293.140259 1292.768921 1292.412476 1292.397705 1291.809204 1291.220703 1290.632446 1287.692261 1284.754761 1278.907471 1273.167969 1267.553223 1262.080811 1256.746704 1251.546265 1246.640259 1241.887207 1237.241821 1232.701538 1228.264282 1224.163452 1220.199097 1216.301636
 1302.421265 1302.253540 1302.001953 1301.582642 1301.163330 1300.744141 1300.324829 1299.905518 1299.486328 1299.083862 1299.067139 1298.695801 1298.324463 1297.953125 1297.581909 1297.210571 1296.854126 1296.839355 1296.250732 1295.662354 1295.074097 1292.134155 1289.196777 1283.349731 1277.610474 1271.995972 1266.523926 1261.189941 1255.989868 1251.084106 1246.331421 1241.686157 1237.146118 1232.709106 1228.608398 1224.644287 1220.746948
 1306.864380 1306.696655 1306.445068 1306.025757 1305.606445 1305.187256 1304.767944 1304.348755 1303.929565 1303.527100 1303.510254 1303.138916 1302.767700 1302.396362 1302.025024 1301.653809 1301.297363 1301.282593 1300.694092 1300.105713 1299.517334 1296.577515 1293.640259 1287.793457 1282.054443 1276.440063 1270.968140 1265.634521 1260.434448 1255.528931 1250.776367 1246.131348 1241.591431 1237.154541 1233.053955 1229.089844 -999.000000
 1311.308716 1311.140991 1310.889404 1310.470093 1310.050903 1309.631592 1309.212402 1308.793091 1308.373901 1307.971436 1307.954712 1307.583374 1307.212036 1306.840820 1306.469482 1306.098267 1305.741821 1305.727051 1305.138428 1304.550171 1303.961914 1301.022095 1298.084839 1292.238281 1286.499390 1280.885132 1275.413330 1270.079712 1264.879883 1259.974365 1255.221924 1250.576904 -999.000000 -999.000000 -999.000000 -999.000000 -999.000000
 1315.753906 1315.586182 1315.334595 1314.915283 1314.496094 1314.076782 1313.657593 1313.238281 1312.819092 1312.416626 1312.399902 1312.028564 1311.657227 1311.286011 1310.914673 1310.543457 1310.187012 1310.172241 1309.583740 1308.995361 1308.407104 1305.467407 1302.530151 1296.683594 1290.944824 1285.330688 1279.858887 -999.000000 -999.000000 -999.000000 -999.000000 -999.000000 -999.000000 -999.000000 -999.000000 -999.000000 -999.000000
 1320.199463 1320.031738 1319.780151 1319.360840 1318.941650 1318.522339 1318.103149 1317.683838 1317.264648 1316.862183 1316.845459 1316.474121 1316.102783 1315.731567 1315.360229 1314.989014 1314.632568 1314.617798 1314.029297 1313.440918 1312.852661 -999.000000 -999.000000 -999.000000 -999.000000 -999.000000 -999.000000 -999.000000 -999.000000 -999.000000 -999.000000 -999.000000 -999.000000 -999.000000 -999.000000 -999.000000 -999.000000
#
# dtdd (rows - delta, columns - depth)
#
 -999.000000 -999.000000 -999.000000 -999.000000 -999.000000 -999.000000 -999.000000 -999.000000 -999.000000 -999.000000 -999.000000 -999.000000 -999.000000 -999.000000 -999.000000 -999.000000 -999.000000 -999.000000 -999.000000 -999.000000 -999.000000 -999.000000 -999.000000 -999.000000 -999.000000 -999.000000 -999.000000 -999.000000 -999.000000 -999.000000 -999.000000 -999.000000 -999.000000 -999.000000    3.627368    3.704257    3.759810
 -999.000000 -999.000000 -999.000000 -999.000000 -999.000000 -999.000000 -999.000000 -999.000000 -999.000000 -999.000000 -999.000000 -999.000000 -999.000000 -999.000000 -999.000000 -999.000000 -999.000000 -999.000000 -999.000000 -999.000000 -999.000000 -999.000000 -999.000000 -999.000000 -999.000000 -999.000000 -999.000000 -999.000000    3.565806    3.645121    3.697565    3.740477    3.777761    3.810975    3.842900    3.872712    3.900545
    3.520274    3.522651    3.525967    3.530979    3.535508    3.539670    3.543543    3.547179    3.550617    3.553757    3.553885    3.557391    3.560736    3.563941    3.567023    3.569993    3.572750    3.572863    3.579674    3.586027    3.592005    3.617924    3.639874    3.677583    3.710354    3.739981    3.767392    3.792914    3.816975    3.840600    3.863339    3.885190    3.906352    3.926972    3.948191    3.969088    3.989403
    3.798523    3.798786    3.799181    3.799838    3.800494    3.801149    3.801803    3.802456    3.803108    3.803732    3.803758    3.804490    3.805220    3.805949    3.806677    3.807403    3.808099    3.808127    3.809940    3.811743    3.813537    3.822381    3.831023    3.847816    3.864212    3.880314    3.896234    3.912035    3.927733    3.943838    3.959924    3.975875    3.991700    4.007411    4.023861    4.040262    4.056310
    3.912510    3.912684    3.912945    3.913379    3.913813    3.914247    3.914680    3.915114    3.915547    3.915962    3.915980    3.916467    3.916955    3.917442    3.917928    3.918415    3.918882    3.918901    3.920120    3.921338    3.922553    3.928595    3.934583    3.946448    3.958308    3.970203    3.982178    3.994230    4.006355    4.018944    4.031653    4.044321    4.056942    4.069519    4.082742    4.096013    4.109135
    3.992974    3.993109    3.993310    3.993647    3.993984    3.994321    3.994658    3.994994    3.995331    3.995654    3.995667    3.996047    3.996426    3.996805    3.997184    3.997563    3.997927    3.997942    3.998893    3.999844    4.000793    4.005527    4.010239    4.019628    4.029081    4.038598    4.048205    4.057898    4.067675    4.077852    4.088158    4.098506    4.108894    4.119319    4.130343    4.141459    4.152499
    4.055897    4.056006    4.056170    4.056443    4.056715    4.056988    4.057261    4.057534    4.057807    4.058069    4.058080    4.058387    4.058695    4.059002    4.059309    4.059617    4.059912    4.059924    4.060696    4.061467    4.062238    4.066082    4.069912    4.077551    4.085257    4.093052    4.100966    4.108994    4.117134    4.125643    4.134291    4.143003    4.151777    4.160610    4.169994    4.179503    4.189004
    4.106687    4.106778    4.106914    4.107141    4.107369    4.107596    4.107824    4.108051    4.108278    4.108497    4.108506    4.108762    4.109019    4.109275    4.109532    4.109788    4.110034    4.110044    4.110689    4.111334    4.111978    4.115195    4.118405    4.124820    4.131307    4.137886    4.144580    4.151386    4.158303    4.165557    4.172956    4.180437    4.188006    4.195698    4.203949    4.212390    4.220886
    4.148981    4.149058    4.149174    4.149368    4.149561    4.149755    4.149948    4.150142    4.150335    4.150521    4.150528    4.150747    4.150965    4.151184    4.151402    4.151620    4.151830    4.151838    4.152388    4.152937    4.153486    4.156229    4.158968    4.164454    4.170015    4.175669    4.181437    4.187325    4.193350    4.199718    4.206261    4.212924    4.219705    4.226600    4.234003    4.241561    4.249069
    4.184916    4.184983    4.185083    4.185251    4.185419    4.185587    4.185755    4.185923    4.186091    4.186253    4.186259    4.186449    4.186639    4.186829    4.187018    4.187208    4.187390    4.187398    4.187876    4.188354    4.188833    4.191227    4.193625    4.198448    4.203364    4.208391    4.213545    4.218828    4.224237    4.229957    4.235835    4.241804    4.247809    4.253847    4.260256    4.266742    4.273203
    4.216415    4.216475    4.216566    4.216716    4.216867    4.217018    4.217169    4.217320    4.217471    4.217616    4.217622    4.217793    4.217963    4.218133    4.218304    4.218475    4.218639    4.218646    4.219076    4.219505    4.219935    4.222088    4.224245    4.228582    4.233004    4.237526    4.242143    4.246831    4.251589    4.256574    4.261652    4.266779    4.271954    4.277174    4.282752    4.288472    4.294244
    4.244499    4.244552    4.244633    4.244767    4.244900    4.245034    4.245168    4.245302    4.245436    4.245565    4.245570    4.245721    4.245872    4.246024    4.246175    4.246325    4.246471    4.246477    4.246857    4.247238    4.247618    4.249516    4.251411    4.255202    4.259041    4.262940    4.266913    4.270958    4.275074    4.279399    4.283841    4.288374    4.292996    4.297705    4.302773    4.307970    4.313213
    4.268800    4.268846    4.268916    4.269031    4.269147    4.269263    4.269378    4.269494    4.269610    4.269721    4.269726    4.269856    4.269987    4.270118    4.270248    4.270379    4.270504    4.270510    4.270839    4.271168    4.271497    4.273142    4.274785    4.278076    4.281425    4.284852    4.288373    4.291986    4.295691    4.299615    4.303655    4.307776    4.311977    4.316255    4.320851    4.325557    4.330296
    4.289943    4.289984    4.290046    4.290150    4.290253    4.290357    4.290461    4.290564    4.290668    4.290767    4.290771    4.290888    4.291005    4.291122    4.291240    4.291357    4.291469    4.291474    4.291769    4.292065    4.292360    4.293840    4.295323    4.298308    4.301355    4.304474    4.307677    4.310964    4.314333    4.317898    4.321562    4.325295    4.329096    4.332963    4.337116    4.341368    4.345629
    4.309015    4.309052    4.309109    4.309203    4.309298    4.309391    4.309486    4.309580    4.309675    4.309765    4.309769    4.309875    4.309982    4.310089    4.310195    4.310302    4.310404    4.310408    4.310677    4.310946    4.311215    4.312562    4.313911    4.316626    4.319393    4.322223    4.325127    4.328103    4.331151    4.334374    4.337688    4.341063    4.344488    4.347947    4.351639    4.355392    4.359144
    4.326265    4.326299    4.326350    4.326436    4.326521    4.326606    4.326692    4.326777    4.326862    4.326944    4.326948    4.327044    4.327141    4.327237    4.327334    4.327430    4.327523    4.327527    4.327771    4.328014    4.328258    4.329477    4.330698    4.333155    4.335660    4.338220    4.340847    4.343533    4.346269    4.349147    4.352089    4.355070    4.358087    4.361138    4.364398    4.367719    4.371052
    4.341816    4.341847    4.341893    4.341970    4.342047    4.342124    4.342201    4.342278    4.342356    4.342430    4.342432    4.342520    4.342607    4.342694    4.342781    4.342868    4.342952    4.342955    4.343175    4.343394    4.343614    4.344711    4.345807    4.348005    4.350237    4.352509    4.354829    4.357197    4.359611    4.362153    4.364753    4.367392    4.370071    4.372789    4.375700    4.378671    4.381650
    4.355637    4.355664    4.355705    4.355773    4.355841    4.355909    4.355977    4.356045    4.356113    4.356178    4.356181    4.356258    4.356335    4.356411    4.356489    4.356565    4.356639    4.356642    4.356836    4.357029    4.357224    4.358192    4.359160    4.361102    4.363074    4.365084    4.367140    4.369243    4.371392    4.373659    4.375984    4.378345    4.380742    4.383173    4.385778    4.388437    4.391107
    4.367821    4.367845    4.367881    4.367941    4.368002    4.368062    4.368123    4.368183    4.368244    4.368302    4.368304    4.368372    4.368441    4.368509    4.368577    4.368646    4.368711    4.368714    4.368886    4.369059    4.369231    4.370093    4.370955    4.372687    4.374450    4.376248    4.378088    4.379971    4.381894    4.383923    4.386004    4.388120    4.390267    4.392446    4.394781    4.397162    4.399550
    4.378670    4.378691    4.378724    4.378778    4.378832    4.378886    4.378940    4.378994    4.379048    4.379100    4.379103    4.379164    4.379225    4.379286    4.379347    4.379408    4.379467    4.379469    4.379624    4.379778    4.379932    4.380704    4.381476    4.383027    4.384605    4.386216    4.387865    4.389553    4.391277    4.393096    4.394962    4.396857    4.398780    4.400728    4.402813    4.404936    4.407061
    4.388363    4.388382    4.388412    4.388460    4.388509    4.388557    4.388606    4.388654    4.388703    4.388749    4.388751    4.388806    4.388861    4.388916    4.388970    4.389025    4.389078    4.389080    4.389219    4.389357    4.389495    4.390188    4.390881    4.392272    4.393687    4.395132    4.396610    4.398121    4.399664    4.401291    4.402957    4.404647    4.406360    4.408093    4.409945    4.411830    4.413713
    4.397038    4.397055    4.397081    4.397125    4.397168    4.397212    4.397255    4.397298    4.397342    4.397384    4.397386    4.397435    4.397484    4.397533    4.397582    4.397631    4.397678    4.397680    4.397804    4.397928    4.398052    4.398673    4.399292    4.400537    4.401803    4.403093    4.404412    4.405758    4.407133    4.408580    4.410060    4.411561    4.413080    4.414615    4.416254    4.417918    4.419579
    4.404778    4.404794    4.404818    4.404856    4.404895    4.404933    4.404973    4.405011    4.405050    4.405087    4.405089    4.405132    4.405176    4.405220    4.405264    4.405308    4.405350    4.405352    4.405462    4.405572    4.405683    4.406235    4.406788    4.407896    4.409021    4.410168    4.411339    4.412535    4.413753    4.415035    4.416345    4.417671    4.419011    4.420363    4.421804    4.423265    4.424717
    4.411654    4.411668    4.411688    4.411723    4.411757    4.411791    4.411826    4.411860    4.411895    4.411928    4.411929    4.411968    4.412007    4.412045    4.412085    4.412123    4.412161    4.412162    4.412261    4.412358    4.412457    4.412947    4.413436    4.414419    4.415416    4.416430    4.417466    4.418521    4.419595    4.420724    4.421876    4.423040    4.424213    4.425395    4.426651    4.427919    4.429179
    4.417735    4.417747    4.417765    4.417795    4.417826    4.417856    4.417886    4.417917    4.417947    4.417976    4.417977    4.418012    4.418046    4.418080    4.418115    4.418149    4.418182    4.418183    4.418270    4.418357    4.418443    4.418876    4.419308    4.420174    4.421052    4.421944    4.422853    4.423778    4.424718    4.425704    4.426707    4.427719    4.428737    4.429759    4.430843    4.431935    4.433014
    4.423082    4.423092    4.423109    4.423135    4.423162    4.423188    4.423215    4.423242    4.423268    4.423294    4.423295    4.423325    4.423355    4.423385    4.423415    4.423446    4.423474    4.423476    4.423552    4.423627    4.423703    4.424082    4.424460    4.425217    4.425983    4.426760    4.427551    4.428354    4.429168    4.430021    4.430887    4.431758    4.432631    4.433506    4.434431    4.435358    4.436270
    4.427744    4.427754    4.427768    4.427791    4.427814    4.427837    4.427860    4.427884    4.427907    4.427929    4.427930    4.427956    4.427982    4.428008    4.428034    4.428061    4.428085    4.428086    4.428153    4.428218    4.428284    4.428613    4.428941    4.429596    4.430258    4.430928    4.431609    4.432299    4.432998    4.433727    4.434465    4.435205    4.435944    4.436681    4.437456    4.438228    4.438983
    4.431772    4.431780    4.431792    4.431812    4.431832    4.431852    4.431871    4.431891    4.431911    4.431931    4.431931    4.431954    4.431976    4.431999    4.432021    4.432044    4.432065    4.432066    4.432123    4.432179    4.432236    4.432518    4.432799    4.433360    4.433926    4.434497    4.435076    4.435660    4.436250    4.436863    4.437482    4.438099    4.438712    4.439320    4.439954    4.440582    4.441189
    4.435211    4.435218    4.435228    4.435245    4.435262    4.435278    4.435296    4.435312    4.435329    4.435346    4.435346    4.435365    4.435384    4.435403    4.435422    4.435441    4.435460    4.435460    4.435508    4.435556    4.435604    4.435843    4.436080    4.436553    4.437028    4.437507    4.437989    4.438475    4.438963    4.439468    4.439974    4.440475    4.440971    4.441457    4.441960    4.442452    4.442921
    4.438100    4.438106    4.438114    4.438128    4.438142    4.438157    4.438170    4.438184    4.438199    4.438212    4.438212    4.438229    4.438244    4.438260    4.438276    4.438292    4.438307    4.438307    4.438347    4.438387    4.438426    4.438624    4.438821    4.439211    4.439601    4.439993    4.440385    4.440779    4.441171    4.441574    4.441975    4.442368    4.442752    4.443125    4.443505    4.443869    4.444210
    4.440474    4.440479    4.440485    4.440497    4.440508    4.440520    4.440531    4.440542    4.440554    4.440565    4.440565    4.440578    4.440591    4.440603    4.440616    4.440629    4.440641    4.440642    4.440674    4.440706    4.440738    4.440898    4.441056    4.441368    4.441679    4.441988    4.442297    4.442603    4.442906    4.443213    4.443515    4.443807    4.444088    4.444354    4.444618    4.444863    4.445081
    4.442366    4.442369    4.442374    4.442383    4.442392    4.442401    4.442410    4.442419    4.442428    4.442436    4.442436    4.442446    4.442456    4.442466    4.442476    4.442486    4.442496    4.442496    4.442521    4.442546    4.442571    4.442695    4.442817    4.443056    4.443292    4.443525    4.443754    4.443979    4.444198    4.444416    4.444625    4.444822    4.445004    4.445170    4.445324    4.445455    4.445557
    4.443804    4.443807    4.443811    4.443818    4.443824    4.443830    4.443837    4.443843    4.443850    4.443856    4.443857    4.443864    4.443871    4.443879    4.443886    4.443893    4.443900    4.443900    4.443919    4.443937    4.443955    4.444045    4.444133    4.444304    4.444470    4.444631    4.444786    4.444934    4.445073    4.445207    4.445328    4.445434    4.445523    4.445593    4.445644    4.445668 -999.000000
    4.444819    4.444821    4.444824    4.444828    4.444832    4.444837    4.444841    4.444845    4.444849    4.444854    4.444854    4.444859    4.444863    4.444868    4.444873    4.444878    4.444882    4.444882    4.444894    4.444906    4.444918    4.444976    4.445033    4.445139    4.445239    4.445331    4.445415    4.445490    4.445554    4.445607    4.445645    4.445666 -999.000000 -999.000000 -999.000000 -999.000000 -999.000000
    4.445433    4.445434    4.445435    4.445437    4.445439    4.445442    4.445444    4.445446    4.445448    4.445450    4.445450    4.445453    4.445455    4.445457    4.445460    4.445462    4.445465    4.445465    4.445471    4.445477    4.445482    4.445510    4.445536    4.445581    4.445618    4.445646    4.445663 -999.000000 -999.000000 -999.000000 -999.000000 -999.000000 -999.000000 -999.000000 -999.000000 -999.000000 -999.000000
    4.445666    4.445666    4.445666    4.445666    4.445666    4.445667    4.445667    4.445667    4.445667    4.445667    4.445667    4.445668    4.445668    4.445668    4.445668    4.445668    4.445669    4.445669    4.445669    4.445669    4.445669 -999.000000 -999.000000 -999.000000 -999.000000 -999.000000 -999.000000 -999.000000 -999.000000 -999.000000 -999.000000 -999.000000 -999.000000 -999.000000 -999.000000 -999.000000 -999.000000
#
# dtdh (rows - delta, columns - depth)
#
 -999.000000 -999.000000 -999.000000 -999.000000 -999.000000 -999.000000 -999.000000 -999.000000 -999.000000 -999.000000 -999.000000 -999.000000 -999.000000 -999.000000 -999.000000 -999.000000 -999.000000 -999.000000 -999.000000 -999.000000 -999.000000 -999.000000 -999.000000 -999.000000 -999.000000 -999.000000 -999.000000 -999.000000 -999.000000 -999.000000 -999.000000 -999.000000 -999.000000 -999.000000   -0.084140   -0.082434   -0.081190
 -999.000000 -999.000000 -999.000000 -999.000000 -999.000000 -999.000000 -999.000000 -999.000000 -999.000000 -999.000000 -999.000000 -999.000000 -999.000000 -999.000000 -999.000000 -999.000000 -999.000000 -999.000000 -999.000000 -999.000000 -999.000000 -999.000000 -999.000000 -999.000000 -999.000000 -999.000000 -999.000000 -999.000000   -0.105802   -0.099247   -0.097001   -0.094830   -0.092718   -0.090666   -0.083158   -0.081625   -0.080484
   -0.169482   -0.169477   -0.169470   -0.169460   -0.169450   -0.169440   -0.169431   -0.169423   -0.169414   -0.169407   -0.150468   -0.150459   -0.150450   -0.150441   -0.150432   -0.150424   -0.150416   -0.120108   -0.120076   -0.120044   -0.120013   -0.119866   -0.119727   -0.118197   -0.115879   -0.113111   -0.110312   -0.107604   -0.104992   -0.098554   -0.096384   -0.094265   -0.092192   -0.090168   -0.082653   -0.081143   -0.080022
   -0.168996   -0.168994   -0.168992   -0.168988   -0.168984   -0.168980   -0.168976   -0.168972   -0.168968   -0.168964   -0.149970   -0.149966   -0.149961   -0.149956   -0.149952   -0.149947   -0.149943   -0.119516   -0.119494   -0.119472   -0.119450   -0.119339   -0.119228   -0.117736   -0.115445   -0.112696   -0.109912   -0.107217   -0.104615   -0.098172   -0.096010   -0.093898   -0.091831   -0.089812   -0.082279   -0.080777   -0.079666
   -0.168785   -0.168784   -0.168782   -0.168778   -0.168774   -0.168770   -0.168767   -0.168763   -0.168759   -0.168756   -0.149735   -0.149731   -0.149726   -0.149722   -0.149718   -0.149713   -0.149709   -0.119223   -0.119202   -0.119180   -0.119159   -0.119053   -0.118946   -0.117459   -0.115170   -0.112422   -0.109638   -0.106942   -0.104340   -0.097886   -0.095725   -0.093614   -0.091548   -0.089531   -0.081983   -0.080485   -0.079379
   -0.168633   -0.168631   -0.168629   -0.168625   -0.168622   -0.168618   -0.168614   -0.168611   -0.168607   -0.168604   -0.149564   -0.149559   -0.149555   -0.149551   -0.149547   -0.149542   -0.149538   -0.119008   -0.118987   -0.118966   -0.118945   -0.118841   -0.118735   -0.117248   -0.114958   -0.112208   -0.109422   -0.106725   -0.104122   -0.097658   -0.095497   -0.093386   -0.091320   -0.089303   -0.081739   -0.080243   -0.079140
   -0.168511   -0.168510   -0.168508   -0.168504   -0.168500   -0.168497   -0.168493   -0.168489   -0.168486   -0.168482   -0.149427   -0.149422   -0.149418   -0.149414   -0.149410   -0.149406   -0.149402   -0.118836   -0.118816   -0.118795   -0.118774   -0.118670   -0.118566   -0.117079   -0.114787   -0.112035   -0.109247   -0.106548   -0.103942   -0.097470   -0.095307   -0.093195   -0.091128   -0.089111   -0.081533   -0.080038   -0.078936
   -0.168412   -0.168410   -0.168408   -0.168404   -0.168401   -0.168397   -0.168394   -0.168390   -0.168386   -0.168383   -0.149315   -0.149310   -0.149306   -0.149302   -0.149298   -0.149293   -0.149289   -0.118695   -0.118675   -0.118654   -0.118633   -0.118530   -0.118426   -0.116938   -0.114645   -0.111891   -0.109100   -0.106399   -0.103791   -0.097311   -0.095147   -0.093033   -0.090965   -0.088945   -0.081355   -0.079858   -0.078756
   -0.168328   -0.168326   -0.168324   -0.168321   -0.168317   -0.168313   -0.168310   -0.168306   -0.168302   -0.168299   -0.149220   -0.149216   -0.149212   -0.149207   -0.149203   -0.149199   -0.149195   -0.118576   -0.118556   -0.118535   -0.118515   -0.118411   -0.118307   -0.116819   -0.114524   -0.111768   -0.108975   -0.106271   -0.103661   -0.097173   -0.095007   -0.092891   -0.090820   -0.088798   -0.081196   -0.079698   -0.078596
   -0.168256   -0.168254   -0.168252   -0.168249   -0.168245   -0.168241   -0.168238   -0.168234   -0.168230   -0.168227   -0.149139   -0.149134   -0.149130   -0.149126   -0.149122   -0.149118   -0.149114   -0.118474   -0.118453   -0.118433   -0.118412   -0.118309   -0.118205   -0.116716   -0.114419   -0.111660   -0.108865   -0.106158   -0.103546   -0.097050   -0.094882   -0.092764   -0.090691   -0.088668   -0.081055   -0.079558   -0.078457
   -0.168192   -0.168191   -0.168189   -0.168185   -0.168181   -0.168178   -0.168174   -0.168170   -0.168167   -0.168163   -0.149067   -0.149062   -0.149058   -0.149054   -0.149050   -0.149046   -0.149041   -0.118383   -0.118363   -0.118342   -0.118322   -0.118218   -0.118114   -0.116623   -0.114324   -0.111563   -0.108766   -0.106057   -0.103443   -0.096941   -0.094772   -0.092652   -0.090579   -0.088555   -0.080934   -0.079436   -0.078336
   -0.168135   -0.168134   -0.168132   -0.168128   -0.168124   -0.168120   -0.168117   -0.168113   -0.168109   -0.168106   -0.149002   -0.148998   -0.148994   -0.148989   -0.148985   -0.148981   -0.148977   -0.118302   -0.118281   -0.118261   -0.118240   -0.118137   -0.118033   -0.116541   -0.114241   -0.111479   -0.108679   -0.105969   -0.103354   -0.096847   -0.094676   -0.092556   -0.090481   -0.088456   -0.080826   -0.079327   -0.078225
   -0.168085   -0.168084   -0.168082   -0.168078   -0.168074   -0.168071   -0.168067   -0.168063   -0.168060   -0.168056   -0.148946   -0.148942   -0.148937   -0.148933   -0.148929   -0.148925   -0.148921   -0.118231   -0.118211   -0.118190   -0.118169   -0.118066   -0.117962   -0.116470   -0.114169   -0.111405   -0.108604   -0.105892   -0.103275   -0.096763   -0.094591   -0.092469   -0.090392   -0.088365   -0.080727   -0.079227   -0.078125
   -0.168042   -0.168040   -0.168038   -0.168034   -0.168031   -0.168027   -0.168023   -0.168020   -0.168016   -0.168012   -0.148897   -0.148892   -0.148888   -0.148884   -0.148880   -0.148875   -0.148871   -0.118169   -0.118148   -0.118128   -0.118107   -0.118004   -0.117900   -0.116407   -0.114104   -0.111339   -0.108536   -0.105823   -0.103203   -0.096687   -0.094513   -0.092389   -0.090311   -0.088283   -0.080638   -0.079137   -0.078035
   -0.168002   -0.168001   -0.167999   -0.167995   -0.167991   -0.167988   -0.167984   -0.167980   -0.167976   -0.167973   -0.148852   -0.148848   -0.148844   -0.148839   -0.148835   -0.148831   -0.148827   -0.118113   -0.118092   -0.118071   -0.118051   -0.117947   -0.117843   -0.116349   -0.114046   -0.111278   -0.108474   -0.105759   -0.103138   -0.096618   -0.094443   -0.092318   -0.090238   -0.088209   -0.080558   -0.079057   -0.077956
   -0.167967   -0.167965   -0.167963   -0.167959   -0.167955   -0.167952   -0.167948   -0.167944   -0.167940   -0.167937   -0.148811   -0.148807   -0.148803   -0.148799   -0.148794   -0.148790   -0.148786   -0.118061   -0.118041   -0.118020   -0.118000   -0.117896   -0.117792   -0.116297   -0.113992   -0.111224   -0.108418   -0.105702   -0.103080   -0.096556   -0.094379   -0.092254   -0.090174   -0.088144   -0.080488   -0.078987   -0.077885
   -0.167934   -0.167933   -0.167930   -0.167927   -0.167923   -0.167919   -0.167915   -0.167912   -0.167908   -0.167904   -0.148775   -0.148770   -0.148766   -0.148762   -0.148758   -0.148753   -0.148749   -0.118015   -0.117994   -0.117974   -0.117953   -0.117850   -0.117745   -0.116250   -0.113944   -0.111175   -0.108368   -0.105651   -0.103028   -0.096501   -0.094324   -0.092197   -0.090117   -0.088086   -0.080425   -0.078924   -0.077822
   -0.167905   -0.167904   -0.167901   -0.167898   -0.167894   -0.167890   -0.167886   -0.167883   -0.167879   -0.167875   -0.148742   -0.148738   -0.148733   -0.148729   -0.148725   -0.148721   -0.148716   -0.117974   -0.117953   -0.117933   -0.117912   -0.117808   -0.117704   -0.116209   -0.113902   -0.111132   -0.108324   -0.105606   -0.102982   -0.096452   -0.094274   -0.092147   -0.090066   -0.088034   -0.080369   -0.078867   -0.077766
   -0.167880   -0.167878   -0.167876   -0.167872   -0.167868   -0.167865   -0.167861   -0.167857   -0.167853   -0.167850   -0.148713   -0.148709   -0.148705   -0.148700   -0.148696   -0.148692   -0.148688   -0.117937   -0.117917   -0.117896   -0.117875   -0.117772   -0.117668   -0.116172   -0.113865   -0.111093   -0.108285   -0.105566   -0.102941   -0.096408   -0.094230   -0.092102   -0.090020   -0.087987   -0.080319   -0.078817   -0.077715
   -0.167857   -0.167855   -0.167853   -0.167849   -0.167845   -0.167842   -0.167838   -0.167834   -0.167830   -0.167827   -0.148687   -0.148683   -0.148679   -0.148674   -0.148670   -0.148666   -0.148662   -0.117905   -0.117884   -0.117863   -0.117843   -0.117739   -0.117635   -0.116139   -0.113831   -0.111059   -0.108249   -0.105530   -0.102904   -0.096369   -0.094190   -0.092061   -0.089979   -0.087946   -0.080274   -0.078772   -0.077670
   -0.167836   -0.167835   -0.167832   -0.167829   -0.167825   -0.167821   -0.167817   -0.167814   -0.167810   -0.167806   -0.148664   -0.148660   -0.148656   -0.148651   -0.148647   -0.148643   -0.148638   -0.117875   -0.117855   -0.117834   -0.117814   -0.117710   -0.117606   -0.116109   -0.113801   -0.111028   -0.108218   -0.105497   -0.102871   -0.096334   -0.094154   -0.092025   -0.089942   -0.087909   -0.080234   -0.078731   -0.077630
   -0.167818   -0.167816   -0.167814   -0.167810   -0.167807   -0.167803   -0.167799   -0.167795   -0.167791   -0.167788   -0.148643   -0.148639   -0.148635   -0.148630   -0.148626   -0.148622   -0.148618   -0.117849   -0.117829   -0.117808   -0.117787   -0.117684   -0.117579   -0.116082   -0.113774   -0.111000   -0.108190   -0.105468   -0.102842   -0.096303   -0.094123   -0.091993   -0.089910   -0.087876   -0.080199   -0.078696   -0.077595
   -0.167801   -0.167800   -0.167798   -0.167794   -0.167790   -0.167786   -0.167783   -0.167779   -0.167775   -0.167771   -0.148625   -0.148620   -0.148616   -0.148612   -0.148608   -0.148603   -0.148599   -0.117826   -0.117805   -0.117785   -0.117764   -0.117660   -0.117556   -0.116059   -0.113750   -0.110976   -0.108164   -0.105443   -0.102815   -0.096275   -0.094095   -0.091965   -0.089881   -0.087847   -0.080167   -0.078665   -0.077564
   -0.167787   -0.167785   -0.167783   -0.167779   -0.167776   -0.167772   -0.167768   -0.167764   -0.167760   -0.167757   -0.148608   -0.148604   -0.148600   -0.148595   -0.148591   -0.148587   -0.148583   -0.117805   -0.117784   -0.117764   -0.117743   -0.117639   -0.117535   -0.116038   -0.113728   -0.110954   -0.108142   -0.105420   -0.102792   -0.096251   -0.094070   -0.091940   -0.089856   -0.087822   -0.080140   -0.078638   -0.077537
   -0.167774   -0.167772   -0.167770   -0.167766   -0.167763   -0.167759   -0.167755   -0.167751   -0.167747   -0.167744   -0.148594   -0.148589   -0.148585   -0.148581   -0.148576   -0.148572   -0.148568   -0.117786   -0.117766   -0.117745   -0.117725   -0.117621   -0.117517   -0.116019   -0.113709   -0.110935   -0.108123   -0.105400   -0.102772   -0.096229   -0.094048   -0.091918   -0.089834   -0.087800   -0.080117   -0.078614   -0.077514
   -0.167762   -0.167761   -0.167759   -0.167755   -0.167751   -0.167747   -0.167744   -0.167740   -0.167736   -0.167732   -0.148581   -0.148576   -0.148572   -0.148568   -0.148564   -0.148559   -0.148555   -0.117770   -0.117750   -0.117729   -0.117708   -0.117605   -0.117501   -0.116003   -0.113693   -0.110918   -0.108105   -0.105383   -0.102754   -0.096211   -0.094030   -0.091899   -0.089815   -0.087781   -0.080096   -0.078594   -0.077494
   -0.167753   -0.167751   -0.167749   -0.167745   -0.167741   -0.167737   -0.167734   -0.167730   -0.167726   -0.167722   -0.148569   -0.148565   -0.148561   -0.148557   -0.148552   -0.148548   -0.148544   -0.117756   -0.117736   -0.117715   -0.117694   -0.117591   -0.117486   -0.115989   -0.113678   -0.110903   -0.108091   -0.105368   -0.102739   -0.096195   -0.094014   -0.091883   -0.089799   -0.087765   -0.080079   -0.078577   -0.077478
   -0.167744   -0.167742   -0.167740   -0.167736   -0.167733   -0.167729   -0.167725   -0.167721   -0.167717   -0.167714   -0.148560   -0.148556   -0.148551   -0.148547   -0.148543   -0.148538   -0.148534   -0.117744   -0.117723   -0.117703   -0.117682   -0.117579   -0.117474   -0.115976   -0.113666   -0.110891   -0.108078   -0.105355   -0.102726   -0.096181   -0.094000   -0.091869   -0.089785   -0.087751   -0.080065   -0.078563   -0.077464
   -0.167737   -0.167735   -0.167733   -0.167729   -0.167725   -0.167721   -0.167718   -0.167714   -0.167710   -0.167707   -0.148551   -0.148547   -0.148543   -0.148539   -0.148534   -0.148530   -0.148526   -0.117733   -0.117713   -0.117692   -0.117672   -0.117568   -0.117464   -0.115966   -0.113656   -0.110880   -0.108067   -0.105344   -0.102715   -0.096170   -0.093989   -0.091858   -0.089774   -0.087740   -0.080054   -0.078552   -0.077454
   -0.167730   -0.167729   -0.167727   -0.167723   -0.167719   -0.167715   -0.167712   -0.167708   -0.167704   -0.167700   -0.148545   -0.148540   -0.148536   -0.148532   -0.148527   -0.148523   -0.148519   -0.117725   -0.117704   -0.117683   -0.117663   -0.117559   -0.117455   -0.115957   -0.113647   -0.110871   -0.108059   -0.105335   -0.102707   -0.096161   -0.093980   -0.091849   -0.089766   -0.087732   -0.080045   -0.078544   -0.077446
   -0.167725   -0.167724   -0.167722   -0.167718   -0.167714   -0.167710   -0.167706   -0.167703   -0.167699   -0.167695   -0.148539   -0.148535   -0.148530   -0.148526   -0.148522   -0.148517   -0.148513   -0.117717   -0.117697   -0.117676   -0.117656   -0.117552   -0.117448   -0.115950   -0.113640   -0.110864   -0.108052   -0.105328   -0.102700   -0.096154   -0.093973   -0.091843   -0.089759   -0.087726   -0.080039   -0.078538   -0.077441
   -0.167721   -0.167720   -0.167718   -0.167714   -0.167710   -0.167706   -0.167702   -0.167699   -0.167695   -0.167691   -0.148534   -0.148530   -0.148526   -0.148521   -0.148517   -0.148513   -0.148509   -0.117712   -0.117691   -0.117671   -0.117650   -0.117547   -0.117443   -0.115945   -0.113634   -0.110859   -0.108046   -0.105323   -0.102695   -0.096148   -0.093968   -0.091838   -0.089755   -0.087722   -0.080035   -0.078535   -0.077438
   -0.167718   -0.167717   -0.167714   -0.167711   -0.167707   -0.167703   -0.167699   -0.167696   -0.167692   -0.167688   -0.148531   -0.148527   -0.148522   -0.148518   -0.148514   -0.148509   -0.148505   -0.117707   -0.117687   -0.117666   -0.117646   -0.117542   -0.117439   -0.115941   -0.113631   -0.110855   -0.108042   -0.105320   -0.102691   -0.096145   -0.093965   -0.091835   -0.089752   -0.087719   -0.080033   -0.078533 -999.000000
   -0.167716   -0.167714   -0.167712   -0.167708   -0.167705   -0.167701   -0.167697   -0.167693   -0.167690   -0.167686   -0.148528   -0.148524   -0.148520   -0.148516   -0.148511   -0.148507   -0.148503   -0.117704   -0.117684   -0.117663   -0.117643   -0.117540   -0.117436   -0.115938   -0.113628   -0.110853   -0.108040   -0.105317   -0.102689   -0.096143   -0.093963   -0.091834 -999.000000 -999.000000 -999.000000 -999.000000 -999.000000
   -0.167715   -0.167713   -0.167711   -0.167707   -0.167703   -0.167700   -0.167696   -0.167692   -0.167688   -0.167685   -0.148527   -0.148523   -0.148518   -0.148514   -0.148510   -0.148506   -0.148501   -0.117703   -0.117682   -0.117662   -0.117641   -0.117538   -0.117434   -0.115937   -0.113627   -0.110852   -0.108039 -999.000000 -999.000000 -999.000000 -999.000000 -999.000000 -999.000000 -999.000000 -999.000000 -999.000000 -999.000000
   -0.167714   -0.167713   -0.167710   -0.167707   -0.167703   -0.167699   -0.167695   -0.167692   -0.167688   -0.167684   -0.148526   -0.148522   -0.148518   -0.148514   -0.148509   -0.148505   -0.148501   -0.117702   -0.117681   -0.117661   -0.117640 -999.000000 -999.000000 -999.000000 -999.000000 -999.000000 -999.000000 -999.000000 -999.000000 -999.000000 -999.000000 -999.000000 -999.000000 -999.000000 -999.000000 -999.000000 -999.000000
#
# ak135 travel-time table for PKPab
#
