#
# ak135 travel-time table for PnPn
#
# number of distance and depth samples
49 29
# delta samples
1.500 2.000 2.500 3.000 3.500 4.000 4.500 5.000 5.500 6.000 6.500 7.000 7.500 8.000 8.500 9.000 10.000 11.000 12.000 13.000 14.000 15.000 16.000 17.000 18.000 
19.000 20.000 21.000 22.000 23.000 24.000 25.000 26.000 27.000 28.000 29.000 30.000 31.000 32.000 33.000 34.000 35.000 36.000 37.000 38.000 39.000 40.000 41.000 42.000 
# depth samples
    0.000000    1.000000    2.500000    5.000000    7.500000   10.000000   12.500000   15.000000   17.500000   19.900000   20.000000   22.500000   25.000000   27.500000   30.000000   32.500000   34.900000   35.000000   40.000000   45.000000   50.000000   75.000000  100.000000  150.000000  200.000000  250.000000  300.000000  350.000000  400.000000
#
# travel times (rows - delta, columns - depth)
#
   35.668724   35.548626   35.368515   35.068428   34.768471   34.468639   34.168930   33.869347   33.569893   33.282536   33.270584   33.043282   32.816158   32.589203   32.362415   32.135796   31.918398   31.909376 -999.000000 -999.000000 -999.000000 -999.000000 -999.000000 -999.000000 -999.000000 -999.000000 -999.000000 -999.000000 -999.000000
   42.545834   42.425735   42.245625   41.945538   41.645580   41.345745   41.046036   40.746452   40.446995   40.159637   40.147686   39.920380   39.693253   39.466297   39.239506   39.012882   38.795483   38.786461 -999.000000 -999.000000 -999.000000 -999.000000 -999.000000 -999.000000 -999.000000 -999.000000 -999.000000 -999.000000 -999.000000
   49.422905   49.302807   49.122692   48.822605   48.522640   48.222805   47.923092   47.623505   47.324047   47.036682   47.024731   46.797421   46.570290   46.343327   46.116531   45.889904   45.672501   45.663479 -999.000000 -999.000000 -999.000000 -999.000000 -999.000000 -999.000000 -999.000000 -999.000000 -999.000000 -999.000000 -999.000000
   56.299896   56.179794   55.999680   55.699589   55.399620   55.099777   54.800060   54.500469   54.201004   53.913635   53.901684   53.674366   53.447227   53.220261   52.993454   52.766819   52.549408   52.540386 -999.000000 -999.000000 -999.000000 -999.000000 -999.000000 -999.000000 -999.000000 -999.000000 -999.000000 -999.000000 -999.000000
   63.176773   63.056667   62.876549   62.576447   62.276474   61.976624   61.676903   61.377304   61.077831   60.790455   60.778503   60.551178   60.324032   60.097050   59.870235   59.643593   59.426170   59.417149 -999.000000 -999.000000 -999.000000 -999.000000 -999.000000 -999.000000 -999.000000 -999.000000 -999.000000 -999.000000 -999.000000
   70.053490   69.933380   69.753258   69.453148   69.153168   68.853310   68.553574   68.253967   67.954491   67.667107   67.655151   67.427811   67.200653   66.973663   66.746834   66.520180   66.302742   66.293724 -999.000000 -999.000000 -999.000000 -999.000000 -999.000000 -999.000000 -999.000000 -999.000000 -999.000000 -999.000000 -999.000000
   76.930008   76.809898   76.629768   76.329651   76.029655   75.729790   75.430046   75.130424   74.830933   74.543541   74.531593   74.304237   74.077065   73.850060   73.623215   73.396545   73.179092   73.170074 -999.000000 -999.000000 -999.000000 -999.000000 -999.000000 -999.000000 -999.000000 -999.000000 -999.000000 -999.000000 -999.000000
   83.806290   83.686180   83.506042   83.205910   82.905907   82.606026   82.306267   82.006638   81.707138   81.419731   81.407776   81.180405   80.953217   80.726196   80.499336   80.272644   80.055176   80.046158 -999.000000 -999.000000 -999.000000 -999.000000 -999.000000 -999.000000 -999.000000 -999.000000 -999.000000 -999.000000 -999.000000
   90.682304   90.562180   90.382034   90.081894   89.781876   89.481979   89.182213   88.882568   88.583046   88.295631   88.283676   88.056282   87.829079   87.602036   87.375153   87.148445   86.930962   86.921936 -999.000000 -999.000000 -999.000000 -999.000000 -999.000000 -999.000000 -999.000000 -999.000000 -999.000000 -999.000000 -999.000000
   97.557999   97.437874   97.257713   96.957558   96.657524   96.357613   96.057831   95.758171   95.458633   95.171196   95.159241   94.931831   94.704605   94.477539   94.250641   94.023903   93.806396   93.797379 -999.000000 -999.000000 -999.000000 -999.000000 -999.000000 -999.000000 -999.000000 -999.000000 -999.000000 -999.000000 -999.000000
  104.433342  104.313210  104.133041  103.832863  103.532814  103.232887  102.933083  102.633408  102.333855  102.046402  102.034447  101.807014  101.579758  101.352669  101.125740  100.898987  100.681458  100.672432 -999.000000 -999.000000 -999.000000 -999.000000 -999.000000 -999.000000 -999.000000 -999.000000 -999.000000 -999.000000 -999.000000
  111.308296  111.188148  111.007973  110.707779  110.407707  110.107758  109.807938  109.508240  109.208672  108.921196  108.909241  108.681778  108.454498  108.227379  108.000435  107.773651  107.556091  107.547066 -999.000000 -999.000000 -999.000000 -999.000000 -999.000000 -999.000000 -999.000000 -999.000000 -999.000000 -999.000000 -999.000000
  118.182816  118.062660  117.882469  117.582253  117.282166  116.982193  116.682350  116.382629  116.083038  115.795547  115.783592  115.556099  115.328789  115.101646  114.874664  114.647850  114.430267  114.421242 -999.000000 -999.000000 -999.000000 -999.000000 -999.000000 -999.000000 -999.000000 -999.000000 -999.000000 -999.000000 -999.000000
  125.056862  124.936699  124.756500  124.456261  124.156143  123.856155  123.556290  123.256546  122.956924  122.669411  122.657455  122.429932  122.202591  121.975418  121.748405  121.521561  121.303940  121.294914  121.281883 -999.000000 -999.000000 -999.000000 -999.000000 -999.000000 -999.000000 -999.000000 -999.000000 -999.000000 -999.000000
  131.930405  131.810226  131.630020  131.329758  131.029617  130.729599  130.429703  130.129929  129.830292  129.542755  129.530792  129.303238  129.075867  128.848648  128.621613  128.394730  128.177078  128.168045  128.152802 -999.000000 -999.000000 -999.000000 -999.000000 -999.000000 -999.000000 -999.000000 -999.000000 -999.000000 -999.000000
  138.803391  138.683212  138.502975  138.202682  137.902527  137.602478  137.302567  137.002762  136.703094  136.415527  136.403580  136.175980  135.948563  135.721329  135.494247  135.267319  135.049637  135.040604  135.023315 -999.000000 -999.000000 -999.000000 -999.000000 -999.000000 -999.000000 -999.000000 -999.000000 -999.000000 -999.000000
  152.547577  152.427368  152.247101  151.946747  151.646530  151.346420  151.046448  150.746597  150.446869  150.159241  150.147278  149.919617  149.692123  149.464798  149.237625  149.010635  148.792877  148.783844  148.762711 -999.000000 -999.000000 -999.000000 -999.000000 -999.000000 -999.000000 -999.000000 -999.000000 -999.000000 -999.000000
  166.289093  166.168854  165.988556  165.688141  165.387848  165.087677  164.787628  164.487717  164.187912  163.900238  163.888260  163.660507  163.432922  163.205521  162.978256  162.751175  162.533325  162.524292  162.499573  162.486069 -999.000000 -999.000000 -999.000000 -999.000000 -999.000000 -999.000000 -999.000000 -999.000000 -999.000000
  180.027634  179.907364  179.727020  179.426529  179.126175  178.825928  178.525803  178.225815  177.925949  177.638184  177.626221  177.398361  177.170685  176.943176  176.715820  176.488632  176.270691  176.261642  176.233521  176.214844 -999.000000 -999.000000 -999.000000 -999.000000 -999.000000 -999.000000 -999.000000 -999.000000 -999.000000
  193.762878  193.642593  193.462189  193.161621  192.861176  192.560867  192.260666  191.960587  191.660629  191.372803  191.360825  191.132874  190.905075  190.677460  190.449997  190.222702  190.004654  189.995605  189.964111  189.940933  189.928452 -999.000000 -999.000000 -999.000000 -999.000000 -999.000000 -999.000000 -999.000000 -999.000000
  207.494537  207.374207  207.193756  206.893112  206.592575  206.292160  205.991882  205.691711  205.391678  205.103760  205.091782  204.863693  204.635803  204.408051  204.180481  203.953064  203.734894  203.725845  203.691055  203.663773  203.645432 -999.000000 -999.000000 -999.000000 -999.000000 -999.000000 -999.000000 -999.000000 -999.000000
  221.222275  221.101913  220.921402  220.620651  220.320023  220.019531  219.719147  219.418884  219.118744  218.830734  218.818756  218.590546  218.362518  218.134659  217.906952  217.679398  217.461105  217.452057  217.414032  217.382858  217.359436 -999.000000 -999.000000 -999.000000 -999.000000 -999.000000 -999.000000 -999.000000 -999.000000
  234.945786  234.825378  234.644806  234.343964  234.043228  233.742630  233.442139  233.141785  232.841537  232.553436  232.541443  232.313110  232.084946  231.856934  231.629089  231.401413  231.182983  231.173920  231.132721  231.097763  231.069763 -999.000000 -999.000000 -999.000000 -999.000000 -999.000000 -999.000000 -999.000000 -999.000000
  248.664749  248.544312  248.363678  248.062714  247.761871  247.461166  247.160568  246.860092  246.559753  246.271530  246.259537  246.031052  245.802734  245.574585  245.346603  245.118759  244.900208  244.891129  244.846771  244.808167  244.775909 -999.000000 -999.000000 -999.000000 -999.000000 -999.000000 -999.000000 -999.000000 -999.000000
  262.378876  262.258362  262.077667  261.776581  261.475647  261.174805  260.874084  260.573517  260.273041  259.984711  259.972717  259.744080  259.515625  259.287292  259.059143  258.831177  258.612457  258.603363  258.555878  258.513733  258.477448 -999.000000 -999.000000 -999.000000 -999.000000 -999.000000 -999.000000 -999.000000 -999.000000
  276.087799  275.967255  275.786499  275.485291  275.184204  274.883270  274.582428  274.281708  273.981140  273.692688  273.680664  273.451874  273.223236  272.994751  272.766449  272.538300  272.319427  272.310333  272.259735  272.214142  272.173981 -999.000000 -999.000000 -999.000000 -999.000000 -999.000000 -999.000000 -999.000000 -999.000000
  289.791290  289.670685  289.489838  289.188507  288.887299  288.586212  288.285248  287.984406  287.683685  287.395111  287.383087  287.154114  286.925323  286.696655  286.468170  286.239838  286.020813  286.011719  285.958038  285.909058  285.865112  285.739410 -999.000000 -999.000000 -999.000000 -999.000000 -999.000000 -999.000000 -999.000000
  303.488953  303.368317  303.187378  302.885925  302.584564  302.283356  301.982239  301.681274  301.380402  301.091705  301.079681  300.850525  300.621521  300.392700  300.164032  299.935516  299.716278  299.707184  299.650452  299.598145  299.550568  299.397278 -999.000000 -999.000000 -999.000000 -999.000000 -999.000000 -999.000000 -999.000000
  317.180573  317.059845  316.878845  316.577209  316.275726  315.974365  315.673126  315.372009  315.070984  314.782135  314.770142  314.540771  314.311584  314.082581  313.853699  313.625000  313.405579  313.396484  313.336670  313.281097  313.229919  313.051575 -999.000000  313.299713 -999.000000 -999.000000 -999.000000 -999.000000 -999.000000
  330.865753  330.744995  330.563873  330.262115  329.960480  329.658966  329.357574  329.056305  328.755127  328.466125  328.454132  328.224548  327.995178  327.765961  327.536896  327.307983  327.088379  327.079254  327.016418  326.957550  326.902832  326.701080 -999.000000  326.640442 -999.000000 -999.000000 -999.000000 -999.000000 -999.000000
  344.544250  344.423401  344.242188  343.940277  343.638489  343.336792  343.035248  342.733826  342.432495  342.143341  342.131317  341.901550  341.671967  341.442505  341.213226  340.984100  340.764282  340.755188  340.689270  340.627136  340.568970  340.345093 -999.000000  339.953552  339.553894 -999.000000 -999.000000 -999.000000 -999.000000
  358.215637  358.094727  357.913422  357.611328  357.309387  357.007538  356.705811  356.404205  356.102722  355.813385  355.801361  355.571381  355.341553  355.111908  354.882385  354.653046  354.433014  354.423889  354.354919  354.289551  354.227936  353.983063  353.872284  353.220673  352.565918 -999.000000 -999.000000 -999.000000 -999.000000
  371.879578  371.758606  371.577209  371.274933  370.972809  370.670776  370.368896  370.067108  369.765442  369.475952  369.463928  369.233704  369.003632  368.773743  368.544006  368.314423  368.094177  368.085052  368.013031  367.944458  367.879517  367.614594  367.471069  366.424286  365.535858  365.012848 -999.000000 -999.000000 -999.000000
  385.535797  385.414764  385.233246  384.930817  384.628510  384.326294  384.024200  383.722260  383.420410  383.130737  383.118713  382.888245  382.657959  382.427826  382.197845  381.968018  381.747528  381.738403  381.663391  381.591705  381.523499  381.239288  380.883331  379.547577  378.434418  377.625549 -999.000000 -999.000000 -999.000000
  399.184113  399.062988  398.881348  398.578735  398.276245  397.973846  397.671600  397.369446  397.067413  396.777588  396.765533  396.534821  396.304291  396.073914  395.843689  395.613617  395.392914  395.383759  395.305786  395.231049  395.159637  394.856689  394.100800  392.574585  391.239746  390.184906  389.649658 -999.000000 -999.000000
  412.824249  412.703064  412.521332  412.218536  411.915833  411.613251  411.310791  411.008453  410.706238  410.416229  410.404175  410.173218  409.942444  409.711823  409.481354  409.251007  409.030060  409.020905  408.940033  408.862274  408.787720  408.063629  407.215363  405.489838  403.938934  402.678131  401.903442 -999.000000 -999.000000
  426.456085  426.334839  426.152985  425.849976  425.547089  425.244324  424.941681  424.639160  424.336731  424.046539  424.034454  423.803253  423.572235  423.336517  423.093292  422.850128  422.616699  422.607025  422.429626  422.251099  422.071411  421.155518  420.209381  418.278748  416.534363  415.096313  414.110565  413.652954 -999.000000
  439.722809  439.596893  439.407990  439.093262  438.778534  438.463867  438.149231  437.834656  437.520142  437.218231  437.205658  436.958618  436.711639  436.464661  436.217743  435.970856  435.733856  435.724030  435.526825  435.328430  435.128815  434.111725  433.062653  430.937317  429.029449  427.433044  426.258209  425.563354 -999.000000
  452.742004  452.614777  452.423981  452.105957  451.787964  451.470032  451.152130  450.834229  450.516388  450.211273  450.198578  449.947296  449.696045  449.444794  449.193573  448.942352  448.701172  448.691162  448.472809  448.253174  448.032227  446.908142  445.759552  443.476501  441.426422  439.684052  438.337646  437.434906  437.044006
  465.590515  465.461761  465.268646  464.946838  464.625031  464.303253  463.981476  463.659729  463.338013  463.029205  463.016357  462.760193  462.504028  462.247925  461.991791  461.735687  461.489807  461.479614  461.239624  460.998840  460.757355  459.541840  458.317261  455.904236  453.726410  451.846497  450.342529  449.252380  448.620300
  478.253235  478.123138  477.928040  477.602875  477.277740  476.952667  476.627625  476.302612  475.977661  475.665741  475.652771  475.392578  475.132446  474.872375  474.612305  474.352264  474.102692  474.092316  473.836426  473.580292  473.323914  472.039520  470.752869  468.225677  465.928345  463.918182  462.267914  461.005035 -999.000000
  490.765137  490.633972  490.437286  490.109497  489.781738  489.454041  489.126373  488.798767  488.471222  488.156799  488.143738  487.880310  487.616974  487.353699  487.090454  486.827240  486.574615  486.564117  486.295776  486.027374  485.759003  484.417206  483.076202  480.441864  478.030853  475.897217  474.109039  472.684845 -999.000000
  503.149506  503.017456  502.819366  502.489288  502.159271  501.829285  501.499359  501.169495  500.839661  500.523071  500.509918  500.243683  499.977539  499.711426  499.445404  499.179382  498.924072  498.913483  498.634399  498.355377  498.076416  496.682312  495.289703  492.552155  490.032654  487.781647  485.861481  484.285400 -999.000000
  515.416626  515.283752  515.084351  514.752075  514.419861  514.087708  513.755615  513.423523  513.091553  512.772827  512.759583  512.490662  512.221802  511.953033  511.684265  511.415558  511.157654  511.146942  510.857697  510.568542  510.279449  508.835114  507.392853  504.556030  501.932465  499.568390  497.521332 -999.000000 -999.000000
  527.567383  527.433594  527.232971  526.898560  526.564209  526.229858  525.895630  525.561401  525.227234  524.906494  524.893127  524.621582  524.350098  524.078613  523.807190  523.535828  523.275391  523.264587  522.965515  522.666626  522.367859  520.875244  519.385132  516.452759  513.728088  511.254395 -999.000000 -999.000000 -999.000000
  539.601562  539.466980  539.265015  538.928467  538.592041  538.255615  537.919189  537.582886  537.246582  536.923828  536.910400  536.636169  536.362061  536.088013  535.813965  535.539978  535.277039  535.266113  534.957703  534.649475  534.341309  532.802185  531.265869  528.240417  525.416992  522.836792 -999.000000 -999.000000 -999.000000
  551.518921  551.383423  551.180237  550.841614  550.503052  550.164551  549.826050  549.487610  549.149231  548.824402  548.810913  548.534180  548.257446  547.980835  547.704224  547.427673  547.162170  547.151184  546.833679  546.516357  546.199097  544.614685  543.033203  539.916687  536.996826 -999.000000 -999.000000 -999.000000 -999.000000
  563.318115  563.181824  562.977356  562.636658  562.296021  561.955383  561.614807  561.274292  560.933777  560.606995  560.593384  560.314026  560.034790  559.755554  559.476379  559.197266  558.929321  558.918213  558.591858  558.265625  557.939514  556.310791  554.685181 -999.000000 -999.000000 -999.000000 -999.000000 -999.000000 -999.000000
  574.997437  574.860291  574.654602  574.311829  573.969055  573.626343  573.283691  572.941101  572.598511  572.269653  572.255981  571.974121  571.692261  571.410522  571.128784  570.847107  570.576721  570.565491  570.230408  569.895508  569.560730 -999.000000 -999.000000 -999.000000 -999.000000 -999.000000 -999.000000 -999.000000 -999.000000
#
# dtdd (rows - delta, columns - depth)
#
   13.754236   13.754236   13.754236   13.754235   13.754235   13.754234   13.754233   13.754232   13.754231   13.754230   13.754230   13.754228   13.754226   13.754223   13.754220   13.754216   13.754213   13.754212 -999.000000 -999.000000 -999.000000 -999.000000 -999.000000 -999.000000 -999.000000 -999.000000 -999.000000 -999.000000 -999.000000
   13.754195   13.754193   13.754191   13.754188   13.754183   13.754179   13.754174   13.754169   13.754165   13.754160   13.754160   13.754153   13.754146   13.754138   13.754130   13.754123   13.754114   13.754113 -999.000000 -999.000000 -999.000000 -999.000000 -999.000000 -999.000000 -999.000000 -999.000000 -999.000000 -999.000000 -999.000000
   13.754076   13.754073   13.754068   13.754061   13.754053   13.754045   13.754037   13.754028   13.754020   13.754012   13.754011   13.754000   13.753988   13.753976   13.753963   13.753950   13.753937   13.753937 -999.000000 -999.000000 -999.000000 -999.000000 -999.000000 -999.000000 -999.000000 -999.000000 -999.000000 -999.000000 -999.000000
   13.753879   13.753874   13.753867   13.753857   13.753845   13.753834   13.753821   13.753810   13.753798   13.753786   13.753785   13.753769   13.753752   13.753735   13.753717   13.753699   13.753682   13.753682 -999.000000 -999.000000 -999.000000 -999.000000 -999.000000 -999.000000 -999.000000 -999.000000 -999.000000 -999.000000 -999.000000
   13.753603   13.753597   13.753589   13.753573   13.753558   13.753544   13.753528   13.753512   13.753496   13.753481   13.753481   13.753459   13.753438   13.753416   13.753393   13.753371   13.753348   13.753349 -999.000000 -999.000000 -999.000000 -999.000000 -999.000000 -999.000000 -999.000000 -999.000000 -999.000000 -999.000000 -999.000000
   13.753249   13.753242   13.753231   13.753213   13.753194   13.753175   13.753156   13.753137   13.753118   13.753098   13.753098   13.753072   13.753045   13.753018   13.752992   13.752964   13.752937   13.752937 -999.000000 -999.000000 -999.000000 -999.000000 -999.000000 -999.000000 -999.000000 -999.000000 -999.000000 -999.000000 -999.000000
   13.752817   13.752809   13.752795   13.752773   13.752751   13.752728   13.752707   13.752684   13.752660   13.752638   13.752637   13.752605   13.752575   13.752542   13.752511   13.752479   13.752447   13.752446 -999.000000 -999.000000 -999.000000 -999.000000 -999.000000 -999.000000 -999.000000 -999.000000 -999.000000 -999.000000 -999.000000
   13.752307   13.752297   13.752282   13.752256   13.752230   13.752204   13.752177   13.752151   13.752125   13.752098   13.752097   13.752062   13.752026   13.751989   13.751952   13.751915   13.751879   13.751878 -999.000000 -999.000000 -999.000000 -999.000000 -999.000000 -999.000000 -999.000000 -999.000000 -999.000000 -999.000000 -999.000000
   13.751719   13.751707   13.751690   13.751660   13.751631   13.751601   13.751571   13.751541   13.751511   13.751481   13.751480   13.751439   13.751398   13.751357   13.751315   13.751273   13.751232   13.751231 -999.000000 -999.000000 -999.000000 -999.000000 -999.000000 -999.000000 -999.000000 -999.000000 -999.000000 -999.000000 -999.000000
   13.751052   13.751039   13.751019   13.750986   13.750953   13.750919   13.750886   13.750852   13.750818   13.750785   13.750784   13.750738   13.750692   13.750647   13.750600   13.750553   13.750507   13.750505 -999.000000 -999.000000 -999.000000 -999.000000 -999.000000 -999.000000 -999.000000 -999.000000 -999.000000 -999.000000 -999.000000
   13.750307   13.750292   13.750270   13.750234   13.750196   13.750160   13.750122   13.750085   13.750048   13.750011   13.750010   13.749959   13.749908   13.749858   13.749806   13.749755   13.749704   13.749702 -999.000000 -999.000000 -999.000000 -999.000000 -999.000000 -999.000000 -999.000000 -999.000000 -999.000000 -999.000000 -999.000000
   13.749483   13.749467   13.749443   13.749403   13.749363   13.749322   13.749281   13.749240   13.749199   13.749159   13.749157   13.749102   13.749046   13.748991   13.748935   13.748878   13.748823   13.748821 -999.000000 -999.000000 -999.000000 -999.000000 -999.000000 -999.000000 -999.000000 -999.000000 -999.000000 -999.000000 -999.000000
   13.748582   13.748564   13.748538   13.748494   13.748450   13.748405   13.748361   13.748316   13.748271   13.748228   13.748226   13.748166   13.748106   13.748046   13.747985   13.747923   13.747864   13.747861 -999.000000 -999.000000 -999.000000 -999.000000 -999.000000 -999.000000 -999.000000 -999.000000 -999.000000 -999.000000 -999.000000
   13.747602   13.747582   13.747554   13.747506   13.747458   13.747411   13.747363   13.747314   13.747266   13.747219   13.747217   13.747152   13.747087   13.747022   13.746956   13.746890   13.746826   13.746823   13.742171 -999.000000 -999.000000 -999.000000 -999.000000 -999.000000 -999.000000 -999.000000 -999.000000 -999.000000 -999.000000
   13.746543   13.746523   13.746492   13.746441   13.746389   13.746338   13.746286   13.746234   13.746182   13.746132   13.746129   13.746060   13.745991   13.745920   13.745850   13.745778   13.745710   13.745708   13.741470 -999.000000 -999.000000 -999.000000 -999.000000 -999.000000 -999.000000 -999.000000 -999.000000 -999.000000 -999.000000
   13.745406   13.745384   13.745352   13.745297   13.745242   13.745187   13.745131   13.745076   13.745020   13.744967   13.744964   13.744890   13.744815   13.744740   13.744665   13.744589   13.744515   13.744513   13.740518 -999.000000 -999.000000 -999.000000 -999.000000 -999.000000 -999.000000 -999.000000 -999.000000 -999.000000 -999.000000
   13.742899   13.742874   13.742837   13.742776   13.742713   13.742651   13.742588   13.742525   13.742462   13.742401   13.742399   13.742315   13.742231   13.742146   13.742062   13.741976   13.741894   13.741890   13.738195 -999.000000 -999.000000 -999.000000 -999.000000 -999.000000 -999.000000 -999.000000 -999.000000 -999.000000 -999.000000
   13.740080   13.740052   13.740011   13.739942   13.739873   13.739803   13.739733   13.739663   13.739593   13.739525   13.739522   13.739429   13.739335   13.739241   13.739146   13.739051   13.738959   13.738955   13.735476   13.729856 -999.000000 -999.000000 -999.000000 -999.000000 -999.000000 -999.000000 -999.000000 -999.000000 -999.000000
   13.736949   13.736918   13.736873   13.736796   13.736720   13.736643   13.736566   13.736488   13.736411   13.736337   13.736333   13.736230   13.736127   13.736024   13.735919   13.735815   13.735714   13.735710   13.732327   13.727550 -999.000000 -999.000000 -999.000000 -999.000000 -999.000000 -999.000000 -999.000000 -999.000000 -999.000000
   13.733504   13.733472   13.733421   13.733338   13.733254   13.733171   13.733086   13.733002   13.732917   13.732835   13.732831   13.732719   13.732606   13.732493   13.732379   13.732265   13.732155   13.732150   13.728820   13.724545   13.718107 -999.000000 -999.000000 -999.000000 -999.000000 -999.000000 -999.000000 -999.000000 -999.000000
   13.729747   13.729711   13.729656   13.729566   13.729475   13.729383   13.729292   13.729200   13.729108   13.729019   13.729016   13.728894   13.728772   13.728649   13.728526   13.728402   13.728283   13.728278   13.725008   13.721035   13.715647 -999.000000 -999.000000 -999.000000 -999.000000 -999.000000 -999.000000 -999.000000 -999.000000
   13.725676   13.725636   13.725578   13.725480   13.725382   13.725284   13.725184   13.725085   13.724986   13.724891   13.724887   13.724755   13.724624   13.724491   13.724359   13.724225   13.724096   13.724092   13.720888   13.717059   13.712248 -999.000000 -999.000000 -999.000000 -999.000000 -999.000000 -999.000000 -999.000000 -999.000000
   13.721291   13.721249   13.721186   13.721080   13.720975   13.720869   13.720763   13.720657   13.720551   13.720448   13.720444   13.720303   13.720161   13.720019   13.719877   13.719735   13.719597   13.719591   13.716425   13.712708   13.708311 -999.000000 -999.000000 -999.000000 -999.000000 -999.000000 -999.000000 -999.000000 -999.000000
   13.716592   13.716547   13.716480   13.716368   13.716255   13.716143   13.716029   13.715916   13.715802   13.715693   13.715688   13.715538   13.715387   13.715236   13.715084   13.714931   13.714786   13.714779   13.711637   13.708043   13.703928 -999.000000 -999.000000 -999.000000 -999.000000 -999.000000 -999.000000 -999.000000 -999.000000
   13.711580   13.711533   13.711462   13.711342   13.711223   13.711102   13.710982   13.710862   13.710741   13.710625   13.710620   13.710460   13.710300   13.710139   13.709978   13.709817   13.709661   13.709655   13.706539   13.703053   13.699095 -999.000000 -999.000000 -999.000000 -999.000000 -999.000000 -999.000000 -999.000000 -999.000000
   13.706257   13.706206   13.706131   13.706004   13.705878   13.705750   13.705624   13.705496   13.705368   13.705245   13.705239   13.705070   13.704902   13.704732   13.704561   13.704391   13.704226   13.704219   13.701126   13.697713   13.693883 -999.000000 -999.000000 -999.000000 -999.000000 -999.000000 -999.000000 -999.000000 -999.000000
   13.700626   13.700573   13.700494   13.700360   13.700227   13.700092   13.699958   13.699823   13.699689   13.699559   13.699553   13.699376   13.699198   13.699018   13.698839   13.698659   13.698485   13.698478   13.695401   13.692048   13.688345   13.659059 -999.000000 -999.000000 -999.000000 -999.000000 -999.000000 -999.000000 -999.000000
   13.694692   13.694635   13.694551   13.694411   13.694271   13.694130   13.693989   13.693848   13.693706   13.693569   13.693563   13.693377   13.693190   13.693002   13.692813   13.692624   13.692442   13.692434   13.689374   13.686076   13.682468   13.656319 -999.000000 -999.000000 -999.000000 -999.000000 -999.000000 -999.000000 -999.000000
   13.688454   13.688395   13.688307   13.688160   13.688012   13.687865   13.687716   13.687569   13.687420   13.687277   13.687271   13.687075   13.686878   13.686681   13.686483   13.686285   13.686094   13.686086   13.683037   13.679757   13.676203   13.652051 -999.000000   13.348200 -999.000000 -999.000000 -999.000000 -999.000000 -999.000000
   13.681895   13.681834   13.681742   13.681586   13.681432   13.681276   13.681120   13.680964   13.680807   13.680657   13.680651   13.680445   13.680238   13.680030   13.679822   13.679613   13.679413   13.679404   13.676349   13.673079   13.669570   13.646871 -999.000000   13.330050 -999.000000 -999.000000 -999.000000 -999.000000 -999.000000
   13.674990   13.674925   13.674828   13.674664   13.674501   13.674338   13.674174   13.674010   13.673846   13.673688   13.673681   13.673465   13.673247   13.673030   13.672811   13.672592   13.672380   13.672372   13.669308   13.666050   13.662589   13.641066 -999.000000   13.293100   13.020492 -999.000000 -999.000000 -999.000000 -999.000000
   13.667729   13.667661   13.667559   13.667388   13.667217   13.667046   13.666874   13.666702   13.666530   13.666364   13.666357   13.666129   13.665902   13.665673   13.665444   13.665215   13.664993   13.664985   13.661919   13.658703   13.655324   13.634799   13.599956   13.238214   12.996681 -999.000000 -999.000000 -999.000000 -999.000000
   13.660127   13.660056   13.659949   13.659773   13.659595   13.659418   13.659240   13.659061   13.658883   13.658711   13.658705   13.658470   13.658235   13.657999   13.657763   13.657526   13.657299   13.657290   13.654272   13.651119   13.647817   13.628172   13.597187   13.166189   12.938386   12.633359 -999.000000 -999.000000 -999.000000
   13.652293   13.652221   13.652112   13.651930   13.651749   13.651567   13.651384   13.651201   13.651018   13.650843   13.650835   13.650595   13.650353   13.650112   13.649870   13.649628   13.649395   13.649384   13.646413   13.643318   13.640084   13.621171   13.263585   13.077766   12.855126   12.588655 -999.000000 -999.000000 -999.000000
   13.644257   13.644183   13.644072   13.643886   13.643700   13.643514   13.643327   13.643140   13.642952   13.642772   13.642765   13.642519   13.642272   13.642025   13.641778   13.641530   13.641292   13.641281   13.638352   13.635310   13.632143   13.613486   13.168772   12.973636   12.752746   12.528007   12.270951 -999.000000 -999.000000
   13.636026   13.635951   13.635837   13.635647   13.635457   13.635266   13.635076   13.634885   13.634693   13.634509   13.634501   13.634250   13.633999   13.633746   13.633493   13.633241   13.632997   13.632987   13.630098   13.627108   13.623998   13.152561   13.057429   12.854438   12.646602   12.456941   12.233115 -999.000000 -999.000000
   13.627609   13.627532   13.627416   13.627222   13.627028   13.626833   13.626638   13.626443   13.626248   13.626060   13.626052   13.625796   13.625540   13.193885   13.190449   13.186996   13.183664   13.183526   13.164408   13.145189   13.125869   13.027758   12.927259   12.722015   12.544806   12.378382   12.179089   11.922932 -999.000000
   13.094623   13.093428   13.091632   13.088628   13.085612   13.082585   13.079545   13.076493   13.073429   13.070477   13.070354   13.066420   13.062469   13.058498   13.054510   13.050503   13.046639   13.046478   13.026032   13.005497   12.984873   12.880614   12.775373   12.597243   12.445706   12.294389   12.114747   11.894037 -999.000000
   12.939109   12.937709   12.935604   12.932086   12.928554   12.925007   12.921447   12.917872   12.914285   12.910827   12.910683   12.906106   12.901509   12.896893   12.892255   12.887596   12.883103   12.882916   12.861004   12.839031   12.817008   12.710141   12.623538   12.482394   12.348489   12.207141   12.043089   11.846572   11.586660
   12.751989   12.750380   12.747974   12.743997   12.740055   12.736147   12.732273   12.728432   12.724621   12.720992   12.720841   12.716137   12.711479   12.706866   12.702297   12.697770   12.693461   12.693284   12.674549   12.656669   12.639526   12.562199   12.494568   12.373999   12.251224   12.117407   11.965893   11.786584   11.561511
   12.581957   12.580795   12.579056   12.576165   12.573286   12.570415   12.567556   12.564707   12.561867   12.559149   12.559036   12.555515   12.552011   12.548521   12.545047   12.541587   12.538280   12.538142   12.524361   12.510903   12.497745   12.435666   12.378338   12.268911   12.152442   12.025643   11.884044   11.717414 -999.000000
   12.445422   12.444449   12.442992   12.440567   12.438147   12.435731   12.433320   12.430914   12.428512   12.426210   12.426115   12.423141   12.420175   12.417216   12.414266   12.411322   12.408504   12.408386   12.397016   12.385807   12.374747   12.321116   12.268497   12.163327   12.052341   11.932179   11.797475   11.641138 -999.000000
   12.325266   12.324389   12.323073   12.320879   12.318685   12.316488   12.314291   12.312093   12.309894   12.307781   12.307693   12.304967   12.302239   12.299511   12.296782   12.294052   12.291430   12.291321   12.280942   12.270591   12.260266   12.209036   12.158406   12.057165   11.951077   11.836122   11.706755   11.559152 -999.000000
   12.208984   12.208119   12.206822   12.204659   12.202496   12.200330   12.198164   12.195997   12.193829   12.191746   12.191659   12.188980   12.186301   12.183620   12.180939   12.178256   12.175680   12.175573   12.165612   12.155675   12.145761   12.096521   12.047806   11.950486   11.848133   11.736864   11.612389 -999.000000 -999.000000
   12.092497   12.091644   12.090365   12.088233   12.086100   12.083965   12.081830   12.079694   12.077557   12.075504   12.075418   12.072786   12.070154   12.067520   12.064886   12.062250   12.059719   12.059614   12.050045   12.040496   12.030968   11.983617   11.936742   11.842569   11.742649   11.634653 -999.000000 -999.000000 -999.000000
   11.975823   11.974983   11.973723   11.971622   11.969519   11.967416   11.965311   11.963205   11.961099   11.959075   11.958991   11.956406   11.953819   11.951232   11.948644   11.946054   11.943568   11.943464   11.934261   11.925068   11.915880   11.870047   11.824374   11.732347   11.634760   11.529706 -999.000000 -999.000000 -999.000000
   11.858576   11.857739   11.856485   11.854393   11.852299   11.850203   11.848105   11.846007   11.843907   11.841889   11.841805   11.839234   11.836661   11.834087   11.831511   11.828934   11.826457   11.826355   11.817369   11.808389   11.799415   11.754626   11.709967   11.619909   11.524598 -999.000000 -999.000000 -999.000000 -999.000000
   11.739569   11.738733   11.737479   11.735390   11.733297   11.731205   11.729110   11.727014   11.724916   11.722901   11.722817   11.720257   11.717696   11.715133   11.712568   11.710002   11.707537   11.707435   11.698654   11.689878   11.681108   11.637311   11.593601 -999.000000 -999.000000 -999.000000 -999.000000 -999.000000 -999.000000
   11.618796   11.617963   11.616713   11.614627   11.612539   11.610452   11.608361   11.606270   11.604177   11.602167   11.602083   11.599537   11.596989   11.594440   11.591888   11.589336   11.586884   11.586783   11.578197   11.569615   11.561037 -999.000000 -999.000000 -999.000000 -999.000000 -999.000000 -999.000000 -999.000000 -999.000000
#
# dtdh (rows - delta, columns - depth)
#
   -0.120109   -0.120089   -0.120059   -0.120009   -0.119958   -0.119908   -0.119858   -0.119807   -0.119757   -0.119708   -0.090949   -0.090882   -0.090816   -0.090749   -0.090682   -0.090614   -0.090550   -0.000228 -999.000000 -999.000000 -999.000000 -999.000000 -999.000000 -999.000000 -999.000000 -999.000000 -999.000000 -999.000000 -999.000000
   -0.120109   -0.120089   -0.120059   -0.120009   -0.119959   -0.119909   -0.119858   -0.119808   -0.119758   -0.119709   -0.090950   -0.090883   -0.090817   -0.090750   -0.090683   -0.090616   -0.090551   -0.000523 -999.000000 -999.000000 -999.000000 -999.000000 -999.000000 -999.000000 -999.000000 -999.000000 -999.000000 -999.000000 -999.000000
   -0.120110   -0.120090   -0.120060   -0.120010   -0.119960   -0.119910   -0.119860   -0.119809   -0.119759   -0.119710   -0.090952   -0.090885   -0.090819   -0.090752   -0.090685   -0.090618   -0.090553   -0.000819 -999.000000 -999.000000 -999.000000 -999.000000 -999.000000 -999.000000 -999.000000 -999.000000 -999.000000 -999.000000 -999.000000
   -0.120112   -0.120092   -0.120062   -0.120012   -0.119962   -0.119912   -0.119862   -0.119811   -0.119761   -0.119712   -0.090955   -0.090888   -0.090821   -0.090755   -0.090688   -0.090621   -0.090556   -0.001115 -999.000000 -999.000000 -999.000000 -999.000000 -999.000000 -999.000000 -999.000000 -999.000000 -999.000000 -999.000000 -999.000000
   -0.120115   -0.120095   -0.120065   -0.120015   -0.119965   -0.119915   -0.119864   -0.119814   -0.119764   -0.119715   -0.090958   -0.090892   -0.090825   -0.090759   -0.090692   -0.090625   -0.090561   -0.001412 -999.000000 -999.000000 -999.000000 -999.000000 -999.000000 -999.000000 -999.000000 -999.000000 -999.000000 -999.000000 -999.000000
   -0.120118   -0.120098   -0.120068   -0.120018   -0.119968   -0.119918   -0.119868   -0.119818   -0.119767   -0.119719   -0.090963   -0.090897   -0.090830   -0.090764   -0.090697   -0.090630   -0.090566   -0.001709 -999.000000 -999.000000 -999.000000 -999.000000 -999.000000 -999.000000 -999.000000 -999.000000 -999.000000 -999.000000 -999.000000
   -0.120122   -0.120102   -0.120072   -0.120022   -0.119972   -0.119922   -0.119872   -0.119822   -0.119772   -0.119723   -0.090969   -0.090902   -0.090836   -0.090769   -0.090703   -0.090636   -0.090572   -0.002006 -999.000000 -999.000000 -999.000000 -999.000000 -999.000000 -999.000000 -999.000000 -999.000000 -999.000000 -999.000000 -999.000000
   -0.120127   -0.120107   -0.120077   -0.120027   -0.119977   -0.119927   -0.119877   -0.119827   -0.119777   -0.119728   -0.090975   -0.090909   -0.090843   -0.090776   -0.090710   -0.090643   -0.090579   -0.002303 -999.000000 -999.000000 -999.000000 -999.000000 -999.000000 -999.000000 -999.000000 -999.000000 -999.000000 -999.000000 -999.000000
   -0.120132   -0.120112   -0.120082   -0.120032   -0.119983   -0.119933   -0.119883   -0.119832   -0.119782   -0.119734   -0.090983   -0.090917   -0.090850   -0.090784   -0.090718   -0.090651   -0.090587   -0.002600 -999.000000 -999.000000 -999.000000 -999.000000 -999.000000 -999.000000 -999.000000 -999.000000 -999.000000 -999.000000 -999.000000
   -0.120138   -0.120118   -0.120089   -0.120039   -0.119989   -0.119939   -0.119889   -0.119839   -0.119789   -0.119741   -0.090991   -0.090925   -0.090859   -0.090793   -0.090726   -0.090660   -0.090596   -0.002896 -999.000000 -999.000000 -999.000000 -999.000000 -999.000000 -999.000000 -999.000000 -999.000000 -999.000000 -999.000000 -999.000000
   -0.120145   -0.120125   -0.120095   -0.120046   -0.119996   -0.119946   -0.119896   -0.119846   -0.119796   -0.119748   -0.091001   -0.090935   -0.090869   -0.090803   -0.090736   -0.090670   -0.090606   -0.003193 -999.000000 -999.000000 -999.000000 -999.000000 -999.000000 -999.000000 -999.000000 -999.000000 -999.000000 -999.000000 -999.000000
   -0.120153   -0.120133   -0.120103   -0.120053   -0.120004   -0.119954   -0.119904   -0.119854   -0.119804   -0.119756   -0.091011   -0.090946   -0.090879   -0.090813   -0.090747   -0.090681   -0.090617   -0.003489 -999.000000 -999.000000 -999.000000 -999.000000 -999.000000 -999.000000 -999.000000 -999.000000 -999.000000 -999.000000 -999.000000
   -0.120161   -0.120141   -0.120112   -0.120062   -0.120012   -0.119962   -0.119912   -0.119863   -0.119813   -0.119764   -0.091023   -0.090957   -0.090891   -0.090825   -0.090759   -0.090692   -0.090629   -0.003786 -999.000000 -999.000000 -999.000000 -999.000000 -999.000000 -999.000000 -999.000000 -999.000000 -999.000000 -999.000000 -999.000000
   -0.120170   -0.120150   -0.120121   -0.120071   -0.120021   -0.119972   -0.119922   -0.119872   -0.119822   -0.119774   -0.091035   -0.090970   -0.090904   -0.090838   -0.090771   -0.090705   -0.090641   -0.004083   -0.000680 -999.000000 -999.000000 -999.000000 -999.000000 -999.000000 -999.000000 -999.000000 -999.000000 -999.000000 -999.000000
   -0.120180   -0.120160   -0.120130   -0.120081   -0.120031   -0.119982   -0.119932   -0.119882   -0.119832   -0.119784   -0.091049   -0.090983   -0.090917   -0.090851   -0.090785   -0.090719   -0.090655   -0.004379   -0.001428 -999.000000 -999.000000 -999.000000 -999.000000 -999.000000 -999.000000 -999.000000 -999.000000 -999.000000 -999.000000
   -0.120190   -0.120171   -0.120141   -0.120092   -0.120042   -0.119992   -0.119943   -0.119893   -0.119843   -0.119795   -0.091063   -0.090997   -0.090932   -0.090866   -0.090800   -0.090734   -0.090670   -0.004676   -0.002046 -999.000000 -999.000000 -999.000000 -999.000000 -999.000000 -999.000000 -999.000000 -999.000000 -999.000000 -999.000000
   -0.120214   -0.120194   -0.120164   -0.120115   -0.120065   -0.120016   -0.119966   -0.119917   -0.119867   -0.119819   -0.091094   -0.091029   -0.090963   -0.090898   -0.090832   -0.090766   -0.090703   -0.005269   -0.003068 -999.000000 -999.000000 -999.000000 -999.000000 -999.000000 -999.000000 -999.000000 -999.000000 -999.000000 -999.000000
   -0.120240   -0.120220   -0.120190   -0.120141   -0.120092   -0.120042   -0.119993   -0.119943   -0.119893   -0.119846   -0.091130   -0.091065   -0.090999   -0.090934   -0.090868   -0.090802   -0.090739   -0.005861   -0.003941   -0.001223 -999.000000 -999.000000 -999.000000 -999.000000 -999.000000 -999.000000 -999.000000 -999.000000 -999.000000
   -0.120269   -0.120249   -0.120220   -0.120170   -0.120121   -0.120072   -0.120022   -0.119973   -0.119923   -0.119875   -0.091169   -0.091104   -0.091039   -0.090973   -0.090908   -0.090842   -0.090779   -0.006453   -0.004755   -0.002586 -999.000000 -999.000000 -999.000000 -999.000000 -999.000000 -999.000000 -999.000000 -999.000000 -999.000000
   -0.120300   -0.120281   -0.120251   -0.120202   -0.120153   -0.120104   -0.120055   -0.120005   -0.119956   -0.119908   -0.091212   -0.091147   -0.091082   -0.091017   -0.090951   -0.090886   -0.090823   -0.007045   -0.005523   -0.003668   -0.001121 -999.000000 -999.000000 -999.000000 -999.000000 -999.000000 -999.000000 -999.000000 -999.000000
   -0.120335   -0.120316   -0.120286   -0.120237   -0.120188   -0.120139   -0.120090   -0.120040   -0.119991   -0.119944   -0.091259   -0.091194   -0.091129   -0.091064   -0.090999   -0.090934   -0.090871   -0.007638   -0.006251   -0.004622   -0.002608 -999.000000 -999.000000 -999.000000 -999.000000 -999.000000 -999.000000 -999.000000 -999.000000
   -0.120373   -0.120353   -0.120324   -0.120275   -0.120226   -0.120177   -0.120128   -0.120079   -0.120029   -0.119982   -0.091309   -0.091245   -0.091180   -0.091115   -0.091050   -0.090985   -0.090923   -0.008230   -0.006952   -0.005505   -0.003803 -999.000000 -999.000000 -999.000000 -999.000000 -999.000000 -999.000000 -999.000000 -999.000000
   -0.120413   -0.120394   -0.120364   -0.120316   -0.120267   -0.120218   -0.120169   -0.120120   -0.120071   -0.120023   -0.091363   -0.091299   -0.091235   -0.091170   -0.091105   -0.091041   -0.090978   -0.008822   -0.007640   -0.006332   -0.004830 -999.000000 -999.000000 -999.000000 -999.000000 -999.000000 -999.000000 -999.000000 -999.000000
   -0.120456   -0.120437   -0.120408   -0.120359   -0.120310   -0.120262   -0.120213   -0.120164   -0.120115   -0.120068   -0.091422   -0.091357   -0.091293   -0.091229   -0.091164   -0.091100   -0.091037   -0.009414   -0.008314   -0.007113   -0.005762 -999.000000 -999.000000 -999.000000 -999.000000 -999.000000 -999.000000 -999.000000 -999.000000
   -0.120503   -0.120483   -0.120454   -0.120406   -0.120357   -0.120308   -0.120260   -0.120211   -0.120162   -0.120115   -0.091483   -0.091419   -0.091355   -0.091291   -0.091227   -0.091163   -0.091101   -0.010006   -0.008976   -0.007862   -0.006640 -999.000000 -999.000000 -999.000000 -999.000000 -999.000000 -999.000000 -999.000000 -999.000000
   -0.120552   -0.120532   -0.120503   -0.120455   -0.120406   -0.120358   -0.120309   -0.120260   -0.120212   -0.120165   -0.091549   -0.091485   -0.091421   -0.091357   -0.091293   -0.091229   -0.091167   -0.010597   -0.009629   -0.008592   -0.007471 -999.000000 -999.000000 -999.000000 -999.000000 -999.000000 -999.000000 -999.000000 -999.000000
   -0.120603   -0.120584   -0.120555   -0.120507   -0.120458   -0.120410   -0.120361   -0.120313   -0.120264   -0.120217   -0.091618   -0.091555   -0.091491   -0.091427   -0.091363   -0.091299   -0.091238   -0.011188   -0.010274   -0.009303   -0.008263   -0.000890 -999.000000 -999.000000 -999.000000 -999.000000 -999.000000 -999.000000 -999.000000
   -0.120658   -0.120639   -0.120610   -0.120562   -0.120513   -0.120465   -0.120417   -0.120368   -0.120320   -0.120273   -0.091691   -0.091628   -0.091564   -0.091501   -0.091437   -0.091373   -0.091312   -0.011777   -0.010913   -0.009998   -0.009027   -0.002644 -999.000000 -999.000000 -999.000000 -999.000000 -999.000000 -999.000000 -999.000000
   -0.120715   -0.120696   -0.120667   -0.120619   -0.120571   -0.120523   -0.120475   -0.120426   -0.120378   -0.120331   -0.091767   -0.091704   -0.091641   -0.091578   -0.091515   -0.091451   -0.091390   -0.012366   -0.011545   -0.010684   -0.009776   -0.004079 -999.000000   -0.002016 -999.000000 -999.000000 -999.000000 -999.000000 -999.000000
   -0.120775   -0.120756   -0.120727   -0.120679   -0.120631   -0.120583   -0.120535   -0.120487   -0.120439   -0.120393   -0.091848   -0.091785   -0.091722   -0.091659   -0.091596   -0.091533   -0.091472   -0.012957   -0.012177   -0.011363   -0.010511   -0.005325 -999.000000   -0.006719 -999.000000 -999.000000 -999.000000 -999.000000 -999.000000
   -0.120838   -0.120819   -0.120791   -0.120743   -0.120695   -0.120647   -0.120599   -0.120551   -0.120503   -0.120457   -0.091932   -0.091870   -0.091807   -0.091744   -0.091681   -0.091618   -0.091558   -0.013550   -0.012808   -0.012037   -0.011232   -0.006440 -999.000000   -0.011339   -0.000261 -999.000000 -999.000000 -999.000000 -999.000000
   -0.120905   -0.120886   -0.120857   -0.120810   -0.120762   -0.120714   -0.120666   -0.120619   -0.120571   -0.120525   -0.092021   -0.091959   -0.091896   -0.091834   -0.091771   -0.091708   -0.091648   -0.014146   -0.013438   -0.012703   -0.011936   -0.007459   -0.000745   -0.015878   -0.007312 -999.000000 -999.000000 -999.000000 -999.000000
   -0.120974   -0.120955   -0.120927   -0.120879   -0.120832   -0.120784   -0.120737   -0.120689   -0.120641   -0.120595   -0.092113   -0.092051   -0.091989   -0.091927   -0.091864   -0.091802   -0.091741   -0.014741   -0.014060   -0.013355   -0.012621   -0.008402   -0.002615   -0.020333   -0.013557   -0.005961 -999.000000 -999.000000 -999.000000
   -0.121046   -0.121027   -0.120998   -0.120951   -0.120904   -0.120856   -0.120809   -0.120761   -0.120713   -0.120668   -0.092208   -0.092146   -0.092084   -0.092022   -0.091960   -0.091898   -0.091838   -0.015328   -0.014672   -0.013993   -0.013290   -0.009295   -0.027475   -0.024704   -0.019208   -0.011590 -999.000000 -999.000000 -999.000000
   -0.121119   -0.121100   -0.121072   -0.121025   -0.120977   -0.120930   -0.120883   -0.120835   -0.120788   -0.120742   -0.092305   -0.092244   -0.092182   -0.092120   -0.092058   -0.091996   -0.091936   -0.015907   -0.015274   -0.014620   -0.013944   -0.010184   -0.031050   -0.028989   -0.024391   -0.016364   -0.004604 -999.000000 -999.000000
   -0.121194   -0.121175   -0.121147   -0.121100   -0.121053   -0.121005   -0.120958   -0.120911   -0.120863   -0.120818   -0.092405   -0.092343   -0.092282   -0.092220   -0.092158   -0.092096   -0.092037   -0.016479   -0.015866   -0.015234   -0.014583   -0.033548   -0.034754   -0.033189   -0.028764   -0.020576   -0.010187 -999.000000 -999.000000
   -0.121271   -0.121252   -0.121224   -0.121177   -0.121130   -0.121083   -0.121035   -0.120988   -0.120941   -0.120895   -0.092506   -0.092445   -0.092383   -0.097299   -0.097280   -0.097261   -0.097242   -0.035456   -0.035689   -0.035923   -0.036159   -0.037364   -0.038603   -0.037267   -0.032379   -0.024379   -0.014875   -0.002913 -999.000000
   -0.125930   -0.125923   -0.125912   -0.125894   -0.125876   -0.125859   -0.125841   -0.125823   -0.125806   -0.125789   -0.098817   -0.098804   -0.098791   -0.098778   -0.098766   -0.098753   -0.098742   -0.039384   -0.039630   -0.039877   -0.040124   -0.041373   -0.042616   -0.040704   -0.035523   -0.027855   -0.018986   -0.008414 -999.000000
   -0.127224   -0.127219   -0.127211   -0.127198   -0.127185   -0.127173   -0.127160   -0.127148   -0.127135   -0.127124   -0.100511   -0.100505   -0.100500   -0.100495   -0.100491   -0.100486   -0.100482   -0.043565   -0.043823   -0.044080   -0.044338   -0.045531   -0.046239   -0.043602   -0.038337   -0.031035   -0.022686   -0.013147   -0.001842
   -0.128743   -0.128740   -0.128735   -0.128727   -0.128718   -0.128709   -0.128700   -0.128691   -0.128681   -0.128672   -0.102462   -0.102459   -0.102455   -0.102451   -0.102447   -0.102442   -0.102437   -0.047901   -0.048066   -0.048213   -0.048343   -0.048813   -0.049076   -0.046148   -0.040939   -0.033977   -0.026072   -0.017356   -0.007550
   -0.130089   -0.130082   -0.130073   -0.130057   -0.130041   -0.130024   -0.130008   -0.129992   -0.129975   -0.129959   -0.104074   -0.104060   -0.104046   -0.104031   -0.104017   -0.104002   -0.103988   -0.051134   -0.051189   -0.051239   -0.051282   -0.051426   -0.051476   -0.048470   -0.043402   -0.036723   -0.029217   -0.021176 -999.000000
   -0.131147   -0.131139   -0.131128   -0.131109   -0.131090   -0.131071   -0.131052   -0.131033   -0.131014   -0.130995   -0.105364   -0.105346   -0.105327   -0.105309   -0.105290   -0.105271   -0.105253   -0.053659   -0.053668   -0.053674   -0.053677   -0.053661   -0.053626   -0.050677   -0.045745   -0.039303   -0.032190   -0.024694 -999.000000
   -0.132061   -0.132053   -0.132041   -0.132021   -0.132001   -0.131981   -0.131961   -0.131941   -0.131921   -0.131902   -0.106490   -0.106470   -0.106450   -0.106430   -0.106410   -0.106390   -0.106370   -0.055819   -0.055811   -0.055803   -0.055794   -0.055742   -0.055680   -0.052785   -0.047981   -0.041771   -0.035016   -0.027965 -999.000000
   -0.132932   -0.132924   -0.132912   -0.132893   -0.132873   -0.132854   -0.132834   -0.132814   -0.132795   -0.132776   -0.107570   -0.107551   -0.107531   -0.107512   -0.107492   -0.107472   -0.107454   -0.057856   -0.057843   -0.057829   -0.057815   -0.057738   -0.057652   -0.054804   -0.050134   -0.044157   -0.037711 -999.000000 -999.000000
   -0.133790   -0.133783   -0.133771   -0.133752   -0.133733   -0.133714   -0.133695   -0.133675   -0.133656   -0.133638   -0.108632   -0.108613   -0.108594   -0.108575   -0.108555   -0.108536   -0.108518   -0.059809   -0.059791   -0.059773   -0.059754   -0.059656   -0.059549   -0.056757   -0.052229   -0.046466 -999.000000 -999.000000 -999.000000
   -0.134636   -0.134629   -0.134618   -0.134599   -0.134580   -0.134562   -0.134543   -0.134524   -0.134505   -0.134487   -0.109675   -0.109657   -0.109638   -0.109619   -0.109600   -0.109581   -0.109563   -0.061686   -0.061664   -0.061642   -0.061620   -0.061507   -0.061392   -0.058666   -0.054271   -0.048705 -999.000000 -999.000000 -999.000000
   -0.135473   -0.135466   -0.135455   -0.135437   -0.135419   -0.135401   -0.135382   -0.135364   -0.135346   -0.135328   -0.110706   -0.110687   -0.110669   -0.110651   -0.110633   -0.110614   -0.110597   -0.063504   -0.063481   -0.063458   -0.063435   -0.063317   -0.063196   -0.060535   -0.056261 -999.000000 -999.000000 -999.000000 -999.000000
   -0.136309   -0.136302   -0.136291   -0.136274   -0.136256   -0.136239   -0.136221   -0.136203   -0.136186   -0.136169   -0.111731   -0.111714   -0.111696   -0.111679   -0.111661   -0.111644   -0.111627   -0.065281   -0.065257   -0.065233   -0.065209   -0.065087   -0.064963 -999.000000 -999.000000 -999.000000 -999.000000 -999.000000 -999.000000
   -0.137143   -0.137137   -0.137126   -0.137109   -0.137092   -0.137075   -0.137058   -0.137041   -0.137024   -0.137008   -0.112752   -0.112736   -0.112719   -0.112702   -0.112685   -0.112668   -0.112651   -0.067018   -0.066994   -0.066969   -0.066944 -999.000000 -999.000000 -999.000000 -999.000000 -999.000000 -999.000000 -999.000000 -999.000000
#
# ak135 travel-time table for PnPn
#
