#
# ak135 travel-time table for PKKSab
#
# number of distance and depth samples
10 37
# delta samples
140.000 141.000 142.000 143.000 144.000 145.000 146.000 147.000 148.000 149.000 
# depth samples
    0.000000    1.000000    2.500000    5.000000    7.500000   10.000000   12.500000   15.000000   17.500000   19.900000   20.000000   22.500000   25.000000   27.500000   30.000000   32.500000   34.900000   35.000000   40.000000   45.000000   50.000000   75.000000  100.000000  150.000000  200.000000  250.000000  300.000000  350.000000  400.000000  450.000000  500.000000  550.000000  600.000000  650.000000  700.000000  750.000000  800.000000
#
# travel times (rows - delta, columns - depth)
#
 1900.818115 1900.650391 1900.398804 1899.979492 1899.560303 1899.140991 1898.721802 1898.302490 1897.883301 1897.480835 1897.464111 1897.092773 1896.721436 1896.350220 1895.978882 1895.607666 1895.251221 1895.236450 1894.647949 1894.059570 1893.471313 1890.531616 1887.594482 1881.747925 -999.000000 -999.000000 -999.000000 -999.000000 -999.000000 -999.000000 -999.000000 -999.000000 -999.000000 -999.000000 -999.000000 -999.000000 -999.000000
 1896.373413 1896.205688 1895.954102 1895.534790 1895.115601 1894.696289 1894.277100 1893.857788 1893.438599 1893.036133 1893.019409 1892.648071 1892.276733 1891.905396 1891.534180 1891.162842 1890.806396 1890.791626 1890.203125 1889.614746 1889.026489 1886.086548 1883.149292 1877.302612 1871.563599 1865.949341 1860.477539 1855.143921 1849.944092 1845.038696 -999.000000 -999.000000 -999.000000 -999.000000 -999.000000 -999.000000 -999.000000
 1891.931641 1891.763916 1891.512329 1891.093018 1890.673706 1890.254395 1889.835205 1889.415894 1888.996704 1888.594116 1888.577393 1888.206055 1887.834717 1887.463379 1887.092041 1886.720825 1886.364380 1886.349487 1885.760986 1885.172485 1884.584229 1881.644043 1878.706543 1872.859253 1867.119873 1861.505127 1856.032959 1850.698975 1845.498901 1840.593262 1835.840576 1831.195557 1826.655640 1822.218750 -999.000000 -999.000000 -999.000000
 1887.495483 1887.327637 1887.076050 1886.656738 1886.237427 1885.818115 1885.398804 1884.979492 1884.560181 1884.157593 1884.140869 1883.769531 1883.398071 1883.026733 1882.655396 1882.284058 1881.927612 1881.912720 1881.324097 1880.735474 1880.147095 1877.206421 1874.268433 1868.420166 1862.679810 1857.064331 1851.591309 1846.256714 1841.055908 1836.149658 1831.396484 1826.750854 1822.210693 1817.773438 1813.672729 1809.708496 1805.811157
 1883.068726 1882.900879 1882.649292 1882.229858 1881.810425 1881.391113 1880.971680 1880.552368 1880.132935 1879.730347 1879.713623 1879.342163 1878.970703 1878.599243 1878.227905 1877.856445 1877.499878 1877.485107 1876.896240 1876.307495 1875.718872 1872.777344 1869.838501 1863.988647 1858.246826 1852.629883 1847.155396 1841.819458 1836.617432 1831.709961 1826.955688 1822.309082 1817.767944 1813.329956 1809.228516 1805.263672 1801.365967
 1878.657959 1878.490112 1878.238403 1877.818848 1877.399292 1876.979858 1876.560303 1876.140869 1875.721436 1875.318726 1875.302002 1874.930420 1874.558838 1874.187256 1873.815674 1873.444214 1873.087524 1873.072632 1872.483521 1871.894531 1871.305542 1868.362549 1865.422241 1859.569824 1853.825317 1848.205933 1842.729248 1837.391113 1832.186890 1827.277466 1822.521240 1817.872925 1813.330078 1808.890625 1804.787720 1800.821777 1796.922974
 1874.277954 1874.109985 1873.858032 1873.438110 1873.019043 1872.599243 1872.179565 1871.759766 1871.340088 1870.937134 1870.920410 1870.548462 1870.176636 1869.804810 1869.432983 1869.061157 1868.704224 1868.689453 1868.099609 1867.509888 1866.920288 1863.974243 1861.031006 1855.173340 1849.424072 1843.800293 1838.319458 1832.977539 1827.769897 1822.856934 1818.097534 1813.446289 1808.900757 1804.458740 1800.353394 1796.385254 1792.484497
 -999.000000 -999.000000 -999.000000 -999.000000 -999.000000 -999.000000 -999.000000 -999.000000 -999.000000 -999.000000 -999.000000 -999.000000 -999.000000 -999.000000 -999.000000 -999.000000 -999.000000 -999.000000 -999.000000 -999.000000 -999.000000 -999.000000 -999.000000 -999.000000 -999.000000 -999.000000 -999.000000 1828.592041 1823.377075 1818.457642 1813.692261 1809.035767 1804.485596 1800.039307 1795.929932 1791.958008 1788.053955
 -999.000000 -999.000000 -999.000000 -999.000000 -999.000000 -999.000000 -999.000000 -999.000000 -999.000000 -999.000000 -999.000000 -999.000000 -999.000000 -999.000000 -999.000000 -999.000000 -999.000000 -999.000000 -999.000000 -999.000000 -999.000000 -999.000000 -999.000000 -999.000000 -999.000000 -999.000000 -999.000000 -999.000000 -999.000000 -999.000000 -999.000000 -999.000000 1800.096924 1795.642090 1791.525146 1787.546631 1783.636963
 -999.000000 -999.000000 -999.000000 -999.000000 -999.000000 -999.000000 -999.000000 -999.000000 -999.000000 -999.000000 -999.000000 -999.000000 -999.000000 -999.000000 -999.000000 -999.000000 -999.000000 -999.000000 -999.000000 -999.000000 -999.000000 -999.000000 -999.000000 -999.000000 -999.000000 -999.000000 -999.000000 -999.000000 -999.000000 -999.000000 -999.000000 -999.000000 -999.000000 -999.000000 -999.000000 1783.167603 1779.244873
#
# dtdd (rows - delta, columns - depth)
#
   -4.445422   -4.445424   -4.445426   -4.445431   -4.445436   -4.445441   -4.445445   -4.445450   -4.445454   -4.445458   -4.445459   -4.445464   -4.445469   -4.445474   -4.445478   -4.445483   -4.445487   -4.445488   -4.445499   -4.445510   -4.445521   -4.445570   -4.445609   -4.445658 -999.000000 -999.000000 -999.000000 -999.000000 -999.000000 -999.000000 -999.000000 -999.000000 -999.000000 -999.000000 -999.000000 -999.000000 -999.000000
   -4.443599   -4.443604   -4.443614   -4.443629   -4.443644   -4.443659   -4.443674   -4.443689   -4.443704   -4.443718   -4.443718   -4.443735   -4.443752   -4.443769   -4.443785   -4.443801   -4.443817   -4.443818   -4.443859   -4.443899   -4.443939   -4.444132   -4.444314   -4.444646   -4.444936   -4.445183   -4.445385   -4.445535   -4.445632   -4.445669 -999.000000 -999.000000 -999.000000 -999.000000 -999.000000 -999.000000 -999.000000
   -4.439518   -4.439530   -4.439548   -4.439577   -4.439606   -4.439635   -4.439664   -4.439692   -4.439722   -4.439749   -4.439750   -4.439783   -4.439815   -4.439847   -4.439879   -4.439911   -4.439942   -4.439943   -4.440024   -4.440104   -4.440183   -4.440570   -4.440942   -4.441648   -4.442307   -4.442918   -4.443481   -4.443991   -4.444443   -4.444844   -4.445174   -4.445425   -4.445590   -4.445665 -999.000000 -999.000000 -999.000000
   -4.432270   -4.432290   -4.432319   -4.432369   -4.432418   -4.432467   -4.432517   -4.432566   -4.432615   -4.432662   -4.432663   -4.432719   -4.432774   -4.432828   -4.432883   -4.432938   -4.432990   -4.432992   -4.433129   -4.433265   -4.433401   -4.434065   -4.434710   -4.435943   -4.437117   -4.438231   -4.439288   -4.440281   -4.441208   -4.442090   -4.442893   -4.443605   -4.444221   -4.444736   -4.445165   -4.445468   -4.445636
   -4.420191   -4.420224   -4.420274   -4.420356   -4.420438   -4.420519   -4.420601   -4.420682   -4.420763   -4.420842   -4.420845   -4.420936   -4.421027   -4.421118   -4.421209   -4.421299   -4.421386   -4.421390   -4.421617   -4.421842   -4.422066   -4.423165   -4.424232   -4.426273   -4.428221   -4.430082   -4.431861   -4.433555   -4.435158   -4.436718   -4.438177   -4.439519   -4.440742   -4.441842   -4.442866   -4.443748   -4.444467
   -4.399288   -4.399348   -4.399438   -4.399587   -4.399736   -4.399885   -4.400033   -4.400180   -4.400327   -4.400468   -4.400474   -4.400639   -4.400804   -4.400968   -4.401131   -4.401294   -4.401450   -4.401456   -4.401864   -4.402267   -4.402668   -4.404618   -4.406489   -4.410025   -4.413350   -4.416489   -4.419464   -4.422279   -4.424940   -4.427530   -4.429968   -4.432236   -4.434335   -4.436265   -4.438118   -4.439789   -4.441249
   -4.321352   -4.320902   -4.320251   -4.319224   -4.348954   -4.349755   -4.350514   -4.351236   -4.351925   -4.352560   -4.352586   -4.353302   -4.353989   -4.354650   -4.355287   -4.355904   -4.356478   -4.356501   -4.357932   -4.359268   -4.360527   -4.365986   -4.370715   -4.378896   -4.385938   -4.392171   -4.397795   -4.402920   -4.407622   -4.412094   -4.416233   -4.420037   -4.423534   -4.426745   -4.429846   -4.432677   -4.435205
 -999.000000 -999.000000 -999.000000 -999.000000 -999.000000 -999.000000 -999.000000 -999.000000 -999.000000 -999.000000 -999.000000 -999.000000 -999.000000 -999.000000 -999.000000 -999.000000 -999.000000 -999.000000 -999.000000 -999.000000 -999.000000 -999.000000 -999.000000 -999.000000 -999.000000 -999.000000 -999.000000   -4.360426   -4.372944   -4.383015   -4.391448   -4.398687   -4.405029   -4.410655   -4.415956   -4.420720   -4.424941
 -999.000000 -999.000000 -999.000000 -999.000000 -999.000000 -999.000000 -999.000000 -999.000000 -999.000000 -999.000000 -999.000000 -999.000000 -999.000000 -999.000000 -999.000000 -999.000000 -999.000000 -999.000000 -999.000000 -999.000000 -999.000000 -999.000000 -999.000000 -999.000000 -999.000000 -999.000000 -999.000000 -999.000000 -999.000000 -999.000000 -999.000000 -999.000000   -4.365710   -4.379502   -4.390652   -4.399776   -4.407394
 -999.000000 -999.000000 -999.000000 -999.000000 -999.000000 -999.000000 -999.000000 -999.000000 -999.000000 -999.000000 -999.000000 -999.000000 -999.000000 -999.000000 -999.000000 -999.000000 -999.000000 -999.000000 -999.000000 -999.000000 -999.000000 -999.000000 -999.000000 -999.000000 -999.000000 -999.000000 -999.000000 -999.000000 -999.000000 -999.000000 -999.000000 -999.000000 -999.000000 -999.000000 -999.000000   -4.334280   -4.371221
#
# dtdh (rows - delta, columns - depth)
#
   -0.167715   -0.167713   -0.167711   -0.167707   -0.167703   -0.167700   -0.167696   -0.167692   -0.167688   -0.167685   -0.148527   -0.148523   -0.148518   -0.148514   -0.148510   -0.148505   -0.148501   -0.117702   -0.117682   -0.117661   -0.117641   -0.117538   -0.117434   -0.115937 -999.000000 -999.000000 -999.000000 -999.000000 -999.000000 -999.000000 -999.000000 -999.000000 -999.000000 -999.000000 -999.000000 -999.000000 -999.000000
   -0.167719   -0.167717   -0.167715   -0.167711   -0.167707   -0.167703   -0.167700   -0.167696   -0.167692   -0.167688   -0.148531   -0.148527   -0.148523   -0.148518   -0.148514   -0.148510   -0.148505   -0.117708   -0.117687   -0.117666   -0.117646   -0.117542   -0.117438   -0.115940   -0.113629   -0.110853   -0.108040   -0.105317   -0.102689   -0.096143 -999.000000 -999.000000 -999.000000 -999.000000 -999.000000 -999.000000 -999.000000
   -0.167727   -0.167726   -0.167724   -0.167720   -0.167716   -0.167712   -0.167708   -0.167705   -0.167701   -0.167697   -0.148541   -0.148536   -0.148532   -0.148528   -0.148523   -0.148519   -0.148515   -0.117720   -0.117699   -0.117678   -0.117657   -0.117553   -0.117449   -0.115950   -0.113638   -0.110861   -0.108047   -0.105323   -0.102694   -0.096147   -0.093965   -0.091835   -0.089752   -0.087719 -999.000000 -999.000000 -999.000000
   -0.167743   -0.167741   -0.167739   -0.167735   -0.167731   -0.167728   -0.167724   -0.167720   -0.167716   -0.167712   -0.148558   -0.148554   -0.148549   -0.148545   -0.148540   -0.148536   -0.148532   -0.117741   -0.117720   -0.117699   -0.117678   -0.117574   -0.117468   -0.115968   -0.113655   -0.110878   -0.108063   -0.105337   -0.102707   -0.096159   -0.093976   -0.091844   -0.089758   -0.087724   -0.080035   -0.078535   -0.077437
   -0.167769   -0.167767   -0.167765   -0.167761   -0.167757   -0.167753   -0.167749   -0.167745   -0.167741   -0.167738   -0.148587   -0.148582   -0.148578   -0.148573   -0.148569   -0.148564   -0.148560   -0.117777   -0.117756   -0.117735   -0.117714   -0.117608   -0.117501   -0.115999   -0.113685   -0.110906   -0.108090   -0.105363   -0.102731   -0.096182   -0.093997   -0.091863   -0.089775   -0.087738   -0.080049   -0.078545   -0.077444
   -0.167813   -0.167811   -0.167809   -0.167805   -0.167801   -0.167797   -0.167793   -0.167789   -0.167785   -0.167781   -0.148636   -0.148631   -0.148627   -0.148622   -0.148618   -0.148613   -0.148609   -0.117838   -0.117816   -0.117795   -0.117773   -0.117665   -0.117557   -0.116052   -0.113735   -0.110954   -0.108135   -0.105406   -0.102771   -0.096221   -0.094034   -0.091897   -0.089807   -0.087767   -0.080075   -0.078568   -0.077464
   -0.167977   -0.167976   -0.167976   -0.167974   -0.167908   -0.167903   -0.167898   -0.167893   -0.167888   -0.167883   -0.148751   -0.148745   -0.148739   -0.148733   -0.148728   -0.148722   -0.148717   -0.117974   -0.117950   -0.117926   -0.117902   -0.117785   -0.117668   -0.116152   -0.113826   -0.111038   -0.108214   -0.105479   -0.102840   -0.096288   -0.094095   -0.091954   -0.089859   -0.087815   -0.080122   -0.078610   -0.077500
 -999.000000 -999.000000 -999.000000 -999.000000 -999.000000 -999.000000 -999.000000 -999.000000 -999.000000 -999.000000 -999.000000 -999.000000 -999.000000 -999.000000 -999.000000 -999.000000 -999.000000 -999.000000 -999.000000 -999.000000 -999.000000 -999.000000 -999.000000 -999.000000 -999.000000 -999.000000 -999.000000   -0.105639   -0.102976   -0.096412   -0.094206   -0.092053   -0.089949   -0.087896   -0.080200   -0.078680   -0.077562
 -999.000000 -999.000000 -999.000000 -999.000000 -999.000000 -999.000000 -999.000000 -999.000000 -999.000000 -999.000000 -999.000000 -999.000000 -999.000000 -999.000000 -999.000000 -999.000000 -999.000000 -999.000000 -999.000000 -999.000000 -999.000000 -999.000000 -999.000000 -999.000000 -999.000000 -999.000000 -999.000000 -999.000000 -999.000000 -999.000000 -999.000000 -999.000000   -0.090137   -0.088052   -0.080342   -0.078801   -0.077668
 -999.000000 -999.000000 -999.000000 -999.000000 -999.000000 -999.000000 -999.000000 -999.000000 -999.000000 -999.000000 -999.000000 -999.000000 -999.000000 -999.000000 -999.000000 -999.000000 -999.000000 -999.000000 -999.000000 -999.000000 -999.000000 -999.000000 -999.000000 -999.000000 -999.000000 -999.000000 -999.000000 -999.000000 -999.000000 -999.000000 -999.000000 -999.000000 -999.000000 -999.000000 -999.000000   -0.079178   -0.077884
#
# ak135 travel-time table for PKKSab
#
