#
# ak135 travel-time table for SKPdf
#
# number of distance and depth samples
71 37
# delta samples
110.000 111.000 112.000 113.000 114.000 115.000 116.000 117.000 118.000 119.000 120.000 121.000 122.000 123.000 124.000 125.000 126.000 127.000 128.000 129.000 130.000 131.000 132.000 133.000 134.000 
135.000 136.000 137.000 138.000 139.000 140.000 141.000 142.000 143.000 144.000 145.000 146.000 147.000 148.000 149.000 150.000 151.000 152.000 153.000 154.000 155.000 156.000 157.000 158.000 159.000 
160.000 161.000 162.000 163.000 164.000 165.000 166.000 167.000 168.000 169.000 170.000 171.000 172.000 173.000 174.000 175.000 176.000 177.000 178.000 179.000 180.000 
# depth samples
    0.000000    1.000000    2.500000    5.000000    7.500000   10.000000   12.500000   15.000000   17.500000   19.900000   20.000000   22.500000   25.000000   27.500000   30.000000   32.500000   34.900000   35.000000   40.000000   45.000000   50.000000   75.000000  100.000000  150.000000  200.000000  250.000000  300.000000  350.000000  400.000000  450.000000  500.000000  550.000000  600.000000  650.000000  700.000000  750.000000  800.000000
#
# travel times (rows - delta, columns - depth)
#
 -999.000000 -999.000000 -999.000000 -999.000000 -999.000000 -999.000000 -999.000000 -999.000000 -999.000000 -999.000000 -999.000000 -999.000000 -999.000000 -999.000000 -999.000000 -999.000000 -999.000000 -999.000000 -999.000000 -999.000000 -999.000000 -999.000000 -999.000000 -999.000000 -999.000000 -999.000000 1262.057251 1251.507568 1241.150879 1231.328369 1221.790894 1212.446045 1203.286255 1194.304688 1185.920654 1177.815796 1169.834717
 1331.904785 1331.616333 1331.183594 1330.462280 1329.741089 1329.019897 1328.298584 1327.577393 1326.856079 1326.163696 1326.134888 1325.486938 1324.839111 1324.191162 1323.543335 1322.895386 1322.273438 1322.247559 1321.135010 1320.022827 1318.910889 1313.355713 1307.807983 1296.734009 1285.685791 1274.731323 1263.981567 1253.431885 1243.075073 1233.252563 1223.715088 1214.370361 1205.210571 1196.229004 1187.844849 1179.739990 1171.758911
 1333.828979 1333.540527 1333.107788 1332.386475 1331.665283 1330.943970 1330.222778 1329.501465 1328.780273 1328.087891 1328.059082 1327.411133 1326.763184 1326.115356 1325.467407 1324.819580 1324.197632 1324.171753 1323.059204 1321.946899 1320.834961 1315.279785 1309.732178 1298.658203 1287.609863 1276.655396 1265.905640 1255.355957 1244.999268 1235.176636 1225.639160 1216.294312 1207.134521 1198.152954 1189.768921 1181.663940 1173.682861
 1335.752808 1335.464355 1335.031616 1334.310303 1333.589111 1332.867798 1332.146606 1331.425415 1330.704102 1330.011719 1329.982910 1329.334961 1328.687134 1328.039185 1327.391235 1326.743408 1326.121460 1326.095581 1324.983032 1323.870728 1322.758789 1317.203613 1311.656006 1300.582031 1289.533691 1278.579224 1267.829468 1257.279663 1246.922974 1237.100342 1227.562866 1218.218018 1209.058228 1200.076538 1191.692505 1183.587524 1175.606445
 1337.676147 1337.387695 1336.954956 1336.233765 1335.512451 1334.791260 1334.069946 1333.348755 1332.627441 1331.935059 1331.906250 1331.258301 1330.610474 1329.962524 1329.314697 1328.666748 1328.044800 1328.018921 1326.906372 1325.794067 1324.682251 1319.127075 1313.579346 1302.505249 1291.457031 1280.502441 1269.752686 1259.202881 1248.846069 1239.023560 1229.485962 1220.141113 1210.981323 1201.999634 1193.615479 1185.510498 1177.529297
 1339.598877 1339.310425 1338.877686 1338.156372 1337.435181 1336.713867 1335.992676 1335.271362 1334.550171 1333.857788 1333.828979 1333.181030 1332.533081 1331.885254 1331.237305 1330.589478 1329.967407 1329.941650 1328.828979 1327.716797 1326.604858 1321.049683 1315.501953 1304.427979 1293.379639 1282.425049 1271.675171 1261.125366 1250.768555 1240.945923 1231.408325 1222.063477 1212.903564 1203.921875 1195.537598 1187.432617 1179.451416
 1341.520752 1341.232178 1340.799438 1340.078247 1339.356934 1338.635742 1337.914429 1337.193237 1336.471924 1335.779541 1335.750732 1335.102783 1334.454956 1333.807007 1333.159180 1332.511230 1331.889282 1331.863403 1330.750854 1329.638550 1328.526611 1322.971436 1317.423706 1306.349609 1295.301270 1284.346680 1273.596802 1263.046997 1252.690063 1242.867432 1233.329712 1223.984741 1214.824829 1205.843018 1197.458862 1189.353760 1181.372437
 1343.441406 1343.152954 1342.720093 1341.998901 1341.277588 1340.556396 1339.835205 1339.113892 1338.392700 1337.700317 1337.671509 1337.023560 1336.375610 1335.727661 1335.079834 1334.431885 1333.809937 1333.784058 1332.671509 1331.559204 1330.447266 1324.892090 1319.344238 1308.270142 1297.221802 1286.267090 1275.517212 1264.967285 1254.610352 1244.787598 1235.250000 1225.904907 1216.744873 1207.763062 1199.378662 1191.273560 1183.292114
 1345.360718 1345.072266 1344.639526 1343.918213 1343.197021 1342.475708 1341.754517 1341.033203 1340.312012 1339.619629 1339.590820 1338.942871 1338.294922 1337.646973 1336.999146 1336.351196 1335.729248 1335.703369 1334.590820 1333.478516 1332.366577 1326.811279 1321.263550 1310.189331 1299.140869 1288.186157 1277.436157 1266.886230 1256.529297 1246.706421 1237.168701 1227.823608 1218.663452 1209.681519 1201.297119 1193.191772 1185.210327
 1347.278442 1346.989990 1346.557129 1345.835938 1345.114624 1344.393433 1343.672119 1342.950928 1342.229614 1341.537231 1341.508423 1340.860474 1340.212646 1339.564697 1338.916748 1338.268921 1337.646851 1337.621094 1336.508423 1335.396240 1334.284180 1328.729004 1323.181152 1312.106934 1301.058350 1290.103516 1279.353516 1268.803467 1258.446411 1248.623535 1239.085693 1229.740479 1220.580200 1211.598267 1203.213623 1195.108276 1187.126709
 1349.194214 1348.905762 1348.472900 1347.751709 1347.030396 1346.309204 1345.587891 1344.866699 1344.145386 1343.453003 1343.424194 1342.776245 1342.128296 1341.480469 1340.832520 1340.184570 1339.562622 1339.536865 1338.424194 1337.311890 1336.199951 1330.644653 1325.096802 1314.022461 1302.973877 1292.019043 1281.268799 1270.718750 1260.361572 1250.538574 1241.000610 1231.655273 1222.494995 1213.512817 1205.128174 1197.022583 1189.040894
 1351.107788 1350.819214 1350.386475 1349.665283 1348.943970 1348.222778 1347.501465 1346.780151 1346.058960 1345.366577 1345.337769 1344.689819 1344.041870 1343.393921 1342.746094 1342.098145 1341.476196 1341.450317 1340.337646 1339.225342 1338.113403 1332.558105 1327.010132 1315.935791 1304.887085 1293.932129 1283.181885 1272.631592 1262.274414 1252.451294 1242.913208 1233.567749 1224.407349 1215.425049 1207.040161 1198.934448 1190.952515
 1353.018677 1352.730225 1352.297485 1351.576172 1350.854980 1350.133667 1349.412476 1348.691162 1347.969849 1347.277466 1347.248657 1346.600708 1345.952759 1345.304932 1344.656982 1344.009033 1343.387085 1343.361206 1342.248535 1341.136353 1340.024292 1334.468872 1328.920898 1317.846436 1306.797607 1295.842529 1285.092163 1274.541870 1264.184448 1254.361206 1244.822998 1235.477417 1226.316895 1217.334351 1208.949463 1200.843506 1192.861450
 1354.926758 1354.638184 1354.205444 1353.484253 1352.762939 1352.041626 1351.320435 1350.599121 1349.877930 1349.185425 1349.156616 1348.508667 1347.860718 1347.212891 1346.564941 1345.916992 1345.295044 1345.269165 1344.156494 1343.044189 1341.932251 1336.376709 1330.828735 1319.754150 1308.705200 1297.750000 1286.999512 1276.449097 1266.091553 1256.268188 1246.729736 1237.384033 1228.223267 1219.240601 1210.855469 1202.749390 1194.767090
 1356.831421 1356.542847 1356.110107 1355.388794 1354.667603 1353.946289 1353.224976 1352.503784 1351.782471 1351.090088 1351.061279 1350.413330 1349.765381 1349.117432 1348.469482 1347.821533 1347.199585 1347.173706 1346.061035 1344.948730 1343.836792 1338.281250 1332.733154 1321.658447 1310.609253 1299.654053 1288.903442 1278.352783 1267.995117 1258.171509 1248.632935 1239.286987 1230.126099 1221.143311 1212.757812 1204.651489 1196.668945
 1358.732178 1358.443726 1358.010864 1357.289673 1356.568359 1355.847046 1355.125732 1354.404541 1353.683228 1352.990845 1352.962036 1352.314087 1351.666138 1351.018188 1350.370239 1349.722290 1349.100342 1349.074463 1347.961792 1346.849487 1345.737427 1340.181763 1334.633667 1323.558716 1312.509521 1301.554077 1290.803345 1280.252563 1269.894653 1260.070923 1250.532104 1241.186035 1232.024780 1223.041748 1214.656128 1206.549561 1198.566650
 1360.628662 1360.340088 1359.907349 1359.186035 1358.464844 1357.743530 1357.022217 1356.300903 1355.579712 1354.887207 1354.858398 1354.210449 1353.562500 1352.914551 1352.266602 1351.618652 1350.996704 1350.970825 1349.858154 1348.745850 1347.633789 1342.078125 1336.529785 1325.454834 1314.405396 1303.449707 1292.698730 1282.147827 1271.789795 1261.965820 1252.426758 1243.080444 1233.918945 1224.935669 1216.549805 1208.442871 1200.459717
 1362.520264 1362.231689 1361.798950 1361.077637 1360.356323 1359.635010 1358.913818 1358.192505 1357.471191 1356.778809 1356.750000 1356.101929 1355.453979 1354.806030 1354.158081 1353.510132 1352.888184 1352.862305 1351.749634 1350.637207 1349.525146 1343.969360 1338.421021 1327.345825 1316.296265 1305.340454 1294.589233 1284.038086 1273.679810 1263.855591 1254.316284 1244.969727 1235.807983 1226.824341 1218.438110 1210.330933 1202.347412
 1364.406372 1364.117798 1363.685059 1362.963745 1362.242432 1361.521118 1360.799805 1360.078491 1359.357300 1358.664795 1358.635986 1357.988037 1357.340088 1356.692139 1356.044067 1355.396118 1354.774170 1354.748291 1353.635498 1352.523193 1351.411133 1345.855225 1340.306763 1329.231323 1318.181519 1307.225464 1296.474121 1285.922607 1275.564087 1265.739624 1256.200073 1246.853149 1237.691162 1228.707275 1220.320679 1212.213013 1204.229126
 1366.286255 1365.997681 1365.564941 1364.843628 1364.122314 1363.401001 1362.679688 1361.958374 1361.237061 1360.544678 1360.515869 1359.867798 1359.219849 1358.571899 1357.923950 1357.276001 1356.653931 1356.628174 1355.515381 1354.402954 1353.290894 1347.734863 1342.186279 1331.110596 1320.060547 1309.104248 1298.352539 1287.800903 1277.442139 1267.617310 1258.077515 1248.730225 1239.567871 1230.583618 1222.196655 1214.088623 1206.104248
 1368.159302 1367.870728 1367.437988 1366.716675 1365.995361 1365.274048 1364.552734 1363.831421 1363.110107 1362.417603 1362.388794 1361.740845 1361.092773 1360.444824 1359.796875 1359.148926 1358.526855 1358.500977 1357.388184 1356.275757 1355.163696 1349.607544 1344.058838 1332.982910 1321.932617 1310.975952 1300.224121 1289.672119 1279.312988 1269.487793 1259.947632 1250.600098 1241.437256 1232.452637 1224.065186 1215.956665 1207.971924
 1370.024658 1369.736084 1369.303223 1368.581909 1367.860596 1367.139282 1366.417969 1365.696655 1364.975342 1364.282837 1364.254028 1363.605957 1362.958008 1362.310059 1361.661987 1361.014038 1360.391968 1360.366211 1359.253296 1358.140869 1357.028687 1351.472412 1345.923584 1334.847412 1323.796753 1312.839844 1302.087646 1291.535278 1281.175781 1271.350342 1261.809814 1252.461792 1243.298584 1234.313477 1225.925537 1217.816528 1209.831177
 1371.881226 1371.592651 1371.159912 1370.438599 1369.717163 1368.995850 1368.274536 1367.553223 1366.831909 1366.139404 1366.110596 1365.462524 1364.814453 1364.166504 1363.518555 1362.870483 1362.248413 1362.222656 1361.109741 1359.997314 1358.885132 1353.328613 1347.779663 1336.703125 1325.652222 1314.694946 1303.942261 1293.389648 1283.029785 1273.203857 1263.662842 1254.314331 1245.150757 1236.165161 1227.776733 1219.667114 1211.681152
 1373.728271 1373.439819 1373.006958 1372.285645 1371.564209 1370.842896 1370.121582 1369.400146 1368.678833 1367.986328 1367.957520 1367.309448 1366.661499 1366.013428 1365.365479 1364.717407 1364.095337 1364.069458 1362.956665 1361.844116 1360.731934 1355.175293 1349.626099 1338.549194 1327.497925 1316.540283 1305.787354 1295.234253 1284.874023 1275.047607 1265.506226 1256.157227 1246.993042 1238.006958 1229.617920 1221.507690 1213.521118
 1375.565063 1375.276489 1374.843750 1374.122314 1373.401001 1372.679565 1371.958252 1371.236816 1370.515503 1369.822998 1369.794189 1369.146118 1368.498047 1367.850098 1367.202026 1366.553955 1365.931885 1365.906006 1364.793091 1363.680542 1362.568359 1357.011597 1351.462158 1340.384888 1329.333252 1318.375244 1307.621826 1297.068237 1286.707520 1276.880737 1267.338745 1257.989258 1248.824585 1239.837891 1231.448242 1223.337402 1215.350098
 1377.390381 1377.101807 1376.669067 1375.947632 1375.226196 1374.504883 1373.783447 1373.062134 1372.340698 1371.648193 1371.619385 1370.971313 1370.323242 1369.675171 1369.027100 1368.379150 1367.756958 1367.731201 1366.618164 1365.505615 1364.393311 1358.836304 1353.286743 1342.209106 1331.156982 1320.198486 1309.444580 1298.890625 1288.529419 1278.702026 1269.159546 1259.809448 1250.644165 1241.656738 1233.266479 1225.154785 1217.166870
 1379.203003 1378.914429 1378.481567 1377.760254 1377.038818 1376.317383 1375.595947 1374.874634 1374.153198 1373.460693 1373.431885 1372.783691 1372.135620 1371.487549 1370.839478 1370.191528 1369.569336 1369.543457 1368.430542 1367.317871 1366.205566 1360.648315 1355.098511 1344.020386 1332.967773 1322.008789 1311.254395 1300.699951 1290.338135 1280.510254 1270.967041 1261.616333 1252.450317 1243.462280 1235.071167 1226.958740 1218.969971
 1381.001465 1380.712891 1380.280029 1379.558594 1378.837158 1378.115845 1377.394409 1376.672974 1375.951538 1375.259033 1375.230225 1374.582031 1373.933960 1373.285889 1372.637817 1371.989746 1371.367554 1371.341675 1370.228638 1369.115967 1368.003540 1362.446045 1356.896118 1345.817383 1334.764282 1323.804810 1313.049805 1302.494751 1292.132446 1282.303833 1272.760010 1263.408569 1254.241821 1245.253052 1236.861084 1228.747803 1220.757935
 1382.784424 1382.495850 1382.062988 1381.341431 1380.619995 1379.898560 1379.177124 1378.455688 1377.734253 1377.041748 1377.012939 1376.364746 1375.716675 1375.068481 1374.420410 1373.772339 1373.150146 1373.124268 1372.011230 1370.898438 1369.786011 1364.228271 1358.677979 1347.598755 1336.545044 1325.584961 1314.829468 1304.273682 1293.910645 1284.081421 1274.536865 1265.184570 1256.017090 1247.027466 1238.634521 1230.520264 1222.529541
 1384.550171 1384.261597 1383.828735 1383.107178 1382.385742 1381.664307 1380.942871 1380.221436 1379.499878 1378.807373 1378.778564 1378.130371 1377.482178 1376.834106 1376.185913 1375.537720 1374.915527 1374.889771 1373.776611 1372.663818 1371.551270 1365.993286 1360.442627 1349.362793 1338.308472 1327.347778 1316.591553 1306.035156 1295.671509 1285.841431 1276.296021 1266.942993 1257.774658 1248.784058 1240.390137 1232.274902 1224.283081
 1386.297241 1386.008545 1385.575684 1384.854248 1384.132690 1383.411255 1382.689819 1381.968262 1381.246826 1380.554199 1380.525391 1379.877197 1379.229004 1378.580811 1377.932617 1377.284546 1376.662231 1376.636475 1375.523193 1374.410400 1373.297729 1367.739380 1362.188477 1351.108032 1340.053101 1329.091675 1318.334717 1307.777588 1297.413086 1287.582275 1278.036011 1268.682007 1259.512695 1250.521240 1242.126343 1234.009888 1226.016846
 1388.023804 1387.735229 1387.302246 1386.580811 1385.859253 1385.137817 1384.416260 1383.694702 1382.973267 1382.280640 1382.251831 1381.603516 1380.955322 1380.307129 1379.658936 1379.010742 1378.388550 1378.362671 1377.249390 1376.136475 1375.023804 1369.465088 1363.913818 1352.832642 1341.776978 1330.814819 1320.057129 1309.499268 1299.133911 1289.302124 1279.755005 1270.400024 1261.229736 1252.237183 1243.841064 1235.723511 1227.729126
 1389.728149 1389.439453 1389.006592 1388.285034 1387.563477 1386.841919 1386.120361 1385.398926 1384.677368 1383.984619 1383.955811 1383.307617 1382.659302 1382.011108 1381.362915 1380.714722 1380.092407 1380.066528 1378.953125 1377.840210 1376.727417 1371.168457 1365.616821 1354.534790 1343.478394 1332.515503 1321.756958 1311.198120 1300.831909 1290.999268 1281.451050 1272.095093 1262.923706 1253.930054 1245.532715 1237.413818 1229.418213
 1391.408325 1391.119629 1390.686768 1389.965210 1389.243652 1388.521973 1387.800415 1387.078857 1386.357300 1385.664673 1385.635864 1384.987549 1384.339233 1383.691040 1383.042725 1382.394531 1381.772095 1381.746338 1380.632812 1379.519775 1378.406982 1372.847534 1367.295532 1356.212769 1345.155518 1334.191772 1323.432373 1312.872681 1302.505615 1292.671875 1283.122681 1273.765625 1264.593140 1255.598267 1247.199707 1239.079468 1231.082397
 1393.062744 1392.774170 1392.341187 1391.619629 1390.897949 1390.176392 1389.454834 1388.733154 1388.011597 1387.318848 1387.290039 1386.641724 1385.993408 1385.345093 1384.696777 1384.048584 1383.426147 1383.400391 1382.286865 1381.173706 1380.060791 1374.500977 1368.948486 1357.864868 1346.806763 1335.842163 1325.081909 1314.521240 1304.153076 1294.318237 1284.767944 1275.409790 1266.235962 1257.239868 1248.839844 1240.718140 1232.719604
 1394.688599 1394.400024 1393.967041 1393.245361 1392.523804 1391.802124 1391.080444 1390.358887 1389.637207 1388.944458 1388.915649 1388.267212 1387.618896 1386.970581 1386.322266 1385.673950 1385.051514 1385.025757 1383.912109 1382.798828 1381.685913 1376.125488 1370.572632 1359.488037 1348.428955 1337.463379 1326.702026 1316.140259 1305.771118 1295.935059 1286.383545 1277.023926 1267.848877 1258.851318 1250.449707 1242.326416 1234.326172
 1396.282227 1395.993530 1395.560547 1394.838867 1394.117188 1393.395508 1392.673828 1391.952148 1391.230469 1390.537720 1390.508911 1389.860474 1389.212036 1388.563721 1387.915283 1387.266968 1386.644531 1386.618652 1385.505005 1384.391602 1383.278564 1377.717773 1372.164307 1361.078735 1350.018555 1339.051880 1328.289429 1317.726562 1307.356201 1297.518921 1287.965942 1278.604980 1269.428467 1260.429443 1252.026245 1243.901123 1235.899048
 1397.840698 1397.552002 1397.119019 1396.397339 1395.675537 1394.953857 1394.232178 1393.510498 1392.788696 1392.095947 1392.067139 1391.418579 1390.770142 1390.121826 1389.473389 1388.824951 1388.202515 1388.176636 1387.062744 1385.949341 1384.836182 1379.274902 1373.720947 1362.634277 1351.572998 1340.605225 1329.841675 1319.277588 1308.905884 1299.067383 1289.513062 1280.150757 1270.972656 1261.972046 1253.567261 1245.440308 1237.436523
 1399.363159 1399.074463 1398.641479 1397.919678 1397.197998 1396.476196 1395.754517 1395.032715 1394.310913 1393.618042 1393.589233 1392.940796 1392.292358 1391.643799 1390.995361 1390.346924 1389.724365 1389.698608 1388.584595 1387.471069 1386.357788 1380.796021 1375.241455 1364.153809 1353.091553 1342.122681 1331.358032 1320.792847 1310.419922 1300.580078 1291.024536 1281.660767 1272.481323 1263.479248 1255.072876 1246.944336 1238.938721
 1400.849976 1400.561279 1400.128296 1399.406494 1398.684692 1397.962891 1397.241089 1396.519287 1395.797485 1395.104614 1395.075806 1394.427246 1393.778687 1393.130249 1392.481689 1391.833252 1391.210693 1391.184814 1390.070801 1388.957153 1387.843750 1382.281494 1376.726440 1365.637817 1354.574463 1343.604614 1332.838867 1322.272461 1311.898438 1302.057373 1292.500366 1283.135376 1273.954468 1264.950928 1256.542847 1248.412720 1240.405396
 1402.300171 1402.011475 1401.578369 1400.856567 1400.134766 1399.412842 1398.691040 1397.969238 1397.247437 1396.554443 1396.525635 1395.877075 1395.228516 1394.579956 1393.931396 1393.282837 1392.660278 1392.634399 1391.520264 1390.406494 1389.293091 1383.730225 1378.174805 1367.085083 1356.020752 1345.049683 1334.282837 1323.715332 1313.340088 1303.497803 1293.939453 1284.572998 1275.390747 1266.385620 1257.975952 1249.844116 1241.834961
 1403.712158 1403.423462 1402.990356 1402.268433 1401.546509 1400.824707 1400.102783 1399.380981 1398.659180 1397.966187 1397.937256 1397.288696 1396.640137 1395.991455 1395.342896 1394.694336 1394.071655 1394.045776 1392.931641 1391.817749 1390.704224 1385.140869 1379.584839 1368.494141 1357.428711 1346.456665 1335.688599 1325.119995 1314.743530 1304.899902 1295.340210 1285.972412 1276.788574 1267.782104 1259.370728 1251.237061 1243.226196
 1405.084473 1404.795654 1404.362549 1403.640625 1402.918823 1402.196899 1401.474976 1400.753052 1400.031128 1399.338135 1399.309326 1398.660645 1398.011963 1397.363403 1396.714722 1396.066040 1395.443359 1395.417603 1394.303223 1393.189331 1392.075562 1386.511719 1380.955200 1369.863403 1358.796997 1347.823853 1337.054688 1326.484863 1316.107178 1306.262207 1296.701294 1287.332031 1278.146729 1269.138672 1260.725708 1252.590332 1244.577759
 1406.415771 1406.127075 1405.693848 1404.971924 1404.250000 1403.528076 1402.806152 1402.084229 1401.362183 1400.669189 1400.640381 1399.991577 1399.342896 1398.694214 1398.045654 1397.396973 1396.774170 1396.748291 1395.633911 1394.519897 1393.406128 1387.841675 1382.284668 1371.191895 1360.124268 1349.150024 1338.379761 1327.808838 1317.429932 1307.583740 1298.021362 1288.650635 1279.463989 1270.454468 1262.039795 1253.902710 1245.888306
 1407.705078 1407.416260 1406.983154 1406.261108 1405.539185 1404.817139 1404.095215 1403.373291 1402.651245 1401.958130 1401.929321 1401.280518 1400.631836 1399.983154 1399.334351 1398.685669 1398.062866 1398.037109 1396.922485 1395.808350 1394.694458 1389.129639 1383.572144 1372.478271 1361.409668 1350.434326 1339.662842 1329.090698 1318.710693 1308.863159 1299.299438 1289.927368 1280.739258 1271.728271 1263.312012 1255.173218 1247.156982
 1408.951294 1408.662476 1408.229248 1407.507324 1406.785278 1406.063232 1405.341187 1404.619263 1403.897217 1403.204102 1403.175171 1402.526367 1401.877686 1401.228882 1400.580078 1399.931396 1399.308594 1399.282715 1398.168091 1397.053833 1395.939819 1390.374512 1384.816406 1373.721558 1362.651855 1351.675415 1340.902954 1330.329712 1319.948486 1310.099609 1300.534668 1291.161255 1281.971680 1272.959106 1264.541382 1256.400879 1248.382935
 1410.153564 1409.864746 1409.431519 1408.709473 1407.987427 1407.265381 1406.543335 1405.821289 1405.099121 1404.406006 1404.377197 1403.728271 1403.079468 1402.430664 1401.781860 1401.133057 1400.510254 1400.484375 1399.369629 1398.255371 1397.141235 1391.575439 1386.016846 1374.920898 1363.850220 1352.872803 1342.099243 1331.524780 1321.142456 1311.292358 1301.726074 1292.351318 1283.160400 1274.146362 1265.727051 1257.584839 1249.565308
 1411.311035 1411.022217 1410.588989 1409.866821 1409.144775 1408.422729 1407.700562 1406.978516 1406.256470 1405.563232 1405.534424 1404.885498 1404.236694 1403.587769 1402.938965 1402.290161 1401.667236 1401.641357 1400.526489 1399.412109 1398.297974 1392.731567 1387.172607 1376.075684 1365.004028 1354.025513 1343.250854 1332.675293 1322.291870 1312.440552 1302.872925 1293.496826 1284.304565 1275.289185 1266.868286 1258.724487 1250.703247
 1412.422974 1412.134155 1411.700806 1410.978760 1410.256592 1409.534424 1408.812378 1408.090210 1407.368042 1406.674805 1406.645996 1405.997070 1405.348145 1404.699341 1404.050415 1403.401489 1402.778564 1402.752808 1401.637817 1400.523315 1399.409058 1393.842163 1388.282715 1377.184814 1366.112183 1355.132690 1344.357056 1333.780396 1323.395752 1313.543335 1303.974487 1294.597046 1285.403442 1276.386719 1267.964233 1259.818970 1251.796021
 1413.488770 1413.199829 1412.766602 1412.044434 1411.322266 1410.600098 1409.877930 1409.155762 1408.433594 1407.740356 1407.711548 1407.062500 1406.413574 1405.764648 1405.115723 1404.466797 1403.843872 1403.817993 1402.703003 1401.588379 1400.473999 1394.906738 1389.346802 1378.247925 1367.174438 1356.193970 1345.417236 1334.839600 1324.453979 1314.600342 1305.030273 1295.651733 1286.456787 1277.438721 1269.014771 1260.868042 1252.843506
 1414.508301 1414.219482 1413.786133 1413.063965 1412.341797 1411.619629 1410.897339 1410.175171 1409.453003 1408.759644 1408.730835 1408.081787 1407.432861 1406.783936 1406.135010 1405.485962 1404.863037 1404.837158 1403.722046 1402.607300 1401.492920 1395.925171 1390.364746 1379.265137 1368.190552 1357.209229 1346.431519 1335.852905 1325.466187 1315.611450 1306.040283 1296.660522 1287.464355 1278.445068 1270.019775 1261.871460 1253.845459
 1415.480957 1415.192017 1414.758789 1414.036499 1413.314331 1412.592041 1411.869873 1411.147583 1410.425415 1409.732056 1409.703247 1409.054199 1408.405151 1407.756104 1407.107178 1406.458130 1405.835083 1405.809204 1404.694092 1403.579224 1402.464722 1396.896606 1391.335815 1380.235229 1369.159790 1358.177490 1347.398926 1336.819336 1326.431641 1316.575806 1307.003540 1297.622559 1288.425171 1279.404541 1270.977905 1262.828125 1254.800781
 1416.405273 1416.116455 1415.683105 1414.960815 1414.238525 1413.516235 1412.794067 1412.071777 1411.349487 1410.656128 1410.627319 1409.978271 1409.329224 1408.680176 1408.031128 1407.382080 1406.759033 1406.733154 1405.617920 1404.503052 1403.388428 1397.819824 1392.258667 1381.157227 1370.080933 1359.097778 1348.318237 1337.737671 1327.348999 1317.492188 1307.918823 1298.536743 1289.338135 1280.316406 1271.888428 1263.737305 1255.708496
 1417.281250 1416.992432 1416.558960 1415.836670 1415.114380 1414.392090 1413.669800 1412.947510 1412.225220 1411.531860 1411.503052 1410.853882 1410.204834 1409.555786 1408.906738 1408.257690 1407.634521 1407.608643 1406.493286 1405.378418 1404.263672 1398.694702 1393.133057 1382.030884 1370.953857 1359.969849 1349.189453 1338.608032 1328.218384 1318.360596 1308.786133 1299.402954 1290.203369 1281.180420 1272.751221 1264.598877 1256.568726
 1418.108765 1417.819824 1417.386475 1416.664185 1415.941772 1415.219482 1414.497192 1413.774902 1413.052612 1412.359131 1412.330322 1411.681152 1411.032104 1410.382935 1409.733887 1409.084717 1408.461670 1408.435791 1407.320312 1406.205322 1405.090576 1399.521240 1393.959229 1382.856201 1371.778442 1360.793579 1350.012451 1339.430176 1329.039673 1319.180908 1309.605591 1300.221313 1291.020752 1281.996704 1273.566284 1265.412720 1257.381226
 1418.887573 1418.598633 1418.165283 1417.442871 1416.720581 1415.998169 1415.275879 1414.553467 1413.831177 1413.137695 1413.108887 1412.459717 1411.810547 1411.161499 1410.512329 1409.863159 1409.239990 1409.214233 1408.098633 1406.983521 1405.868774 1400.299072 1394.736694 1383.633057 1372.554443 1361.568848 1350.786987 1340.203857 1329.812622 1319.952881 1310.376587 1300.991455 1291.789795 1282.764771 1274.333374 1266.178589 1258.145874
 1419.617310 1419.328369 1418.894897 1418.172607 1417.450195 1416.727783 1416.005493 1415.283081 1414.560791 1413.867310 1413.838379 1413.189209 1412.540039 1411.890869 1411.241699 1410.592651 1409.969360 1409.943481 1408.828003 1407.712769 1406.597900 1401.027954 1395.465210 1384.360840 1373.281616 1362.295288 1351.512695 1340.928833 1330.536743 1320.676270 1311.099121 1301.713013 1292.510498 1283.484497 1275.051880 1266.895996 1258.862305
 1420.297607 1420.008667 1419.575195 1418.852905 1418.130493 1417.408081 1416.685669 1415.963257 1415.240845 1414.547363 1414.518555 1413.869263 1413.220093 1412.570923 1411.921753 1411.272583 1410.649414 1410.623535 1409.507935 1408.392700 1407.277710 1401.707397 1396.144409 1385.039307 1373.959473 1362.972534 1352.189209 1341.604614 1331.211792 1321.350586 1311.772583 1302.385742 1293.182251 1284.155396 1275.721802 1267.564941 1259.530029
 1420.928345 1420.639404 1420.205933 1419.483521 1418.761108 1418.038696 1417.316284 1416.593872 1415.871460 1415.177979 1415.149048 1414.499878 1413.850708 1413.201416 1412.552246 1411.903076 1411.279785 1411.253906 1410.138306 1409.022949 1407.907959 1402.337280 1396.774048 1385.668457 1374.587891 1363.600342 1352.816406 1342.231201 1331.837769 1321.975708 1312.396973 1303.009277 1293.805054 1284.777344 1276.342896 1268.185059 1260.149170
 1421.509277 1421.220337 1420.786865 1420.064453 1419.342041 1418.619629 1417.897095 1417.174683 1416.452271 1415.758667 1415.729858 1415.080566 1414.431396 1413.782104 1413.132935 1412.483643 1411.860474 1411.834595 1410.718872 1409.603516 1408.488403 1402.917603 1397.354004 1386.247803 1375.166748 1364.178711 1353.394043 1342.808228 1332.414185 1322.551514 1312.972046 1303.583618 1294.378662 1285.350098 1276.914795 1268.756104 1260.719360
 1422.040161 1421.751221 1421.317749 1420.595337 1419.872803 1419.150391 1418.427979 1417.705444 1416.983032 1416.289429 1416.260620 1415.611328 1414.962036 1414.312866 1413.663574 1413.014282 1412.391113 1412.365234 1411.249390 1410.134033 1409.018921 1403.447754 1397.883911 1386.777344 1375.695679 1364.707153 1353.921997 1343.335693 1332.940918 1323.077637 1313.497559 1304.108521 1294.902832 1285.873535 1277.437500 1269.277954 1261.240356
 1422.520996 1422.231934 1421.798462 1421.076050 1420.353516 1419.631104 1418.908569 1418.186157 1417.463623 1416.770142 1416.741211 1416.091919 1415.442627 1414.793457 1414.144165 1413.494873 1412.871582 1412.845703 1411.729858 1410.614380 1409.499268 1403.927979 1398.363892 1387.256836 1376.174805 1365.185669 1354.400024 1343.813232 1333.417969 1323.554199 1313.973511 1304.583862 1295.377441 1286.347534 1277.910889 1269.750488 1261.712158
 1422.951538 1422.662476 1422.229004 1421.506470 1420.784058 1420.061523 1419.339111 1418.616577 1417.894043 1417.200439 1417.171631 1416.522339 1415.873047 1415.223755 1414.574463 1413.925171 1413.301880 1413.276001 1412.160156 1411.044678 1409.929443 1404.357910 1398.793701 1387.686157 1376.603638 1365.614136 1354.828125 1344.240845 1333.845093 1323.980835 1314.399658 1305.009399 1295.802490 1286.771973 1278.334595 1270.173706 1262.134644
 1423.331665 1423.042603 1422.609131 1421.886597 1421.164185 1420.441650 1419.719116 1418.996582 1418.274170 1417.580566 1417.551636 1416.902344 1416.253052 1415.603760 1414.954468 1414.305176 1413.681763 1413.655884 1412.540039 1411.424561 1410.309326 1404.737549 1399.173096 1388.065308 1376.982422 1365.992554 1355.206055 1344.618408 1334.222290 1324.357544 1314.775879 1305.385132 1296.177856 1287.146851 1278.708862 1270.547363 1262.507690
 1423.661255 1423.372314 1422.938721 1422.216187 1421.493774 1420.771240 1420.048706 1419.326172 1418.603638 1417.910034 1417.881226 1417.231812 1416.582520 1415.933228 1415.283936 1414.634644 1414.011230 1413.985352 1412.869507 1411.753906 1410.638672 1405.066772 1399.502197 1388.394043 1377.310913 1366.320679 1355.533813 1344.945801 1334.549316 1324.684204 1315.102173 1305.711060 1296.503174 1287.471802 1279.033325 1270.871338 1262.831177
 1423.940308 1423.651245 1423.217773 1422.495239 1421.772705 1421.050171 1420.327637 1419.605103 1418.882568 1418.188965 1418.160156 1417.510742 1416.861450 1416.212158 1415.562744 1414.913452 1414.290161 1414.264282 1413.148315 1412.032715 1410.917480 1405.345459 1399.780762 1388.672241 1377.588867 1366.598389 1355.811279 1345.222900 1334.826172 1324.960693 1315.378296 1305.986816 1296.778687 1287.746826 1279.307983 1271.145508 1263.104858
 1424.168579 1423.879639 1423.446045 1422.723511 1422.000977 1421.278564 1420.556030 1419.833496 1419.110962 1418.417236 1418.388428 1417.739014 1417.089722 1416.440430 1415.791016 1415.141724 1414.518311 1414.492432 1413.376465 1412.260864 1411.145630 1405.573486 1400.008667 1388.900024 1377.816406 1366.825684 1356.038330 1345.449707 1335.052734 1325.187012 1315.604248 1306.212524 1297.004028 1287.971924 1279.532715 1271.369873 1263.328979
 1424.346313 1424.057251 1423.623779 1422.901245 1422.178711 1421.456177 1420.733643 1420.011108 1419.288574 1418.594971 1418.566040 1417.916626 1417.267334 1416.618042 1415.968628 1415.319336 1414.695923 1414.670044 1413.554077 1412.438477 1411.323120 1405.750977 1400.186035 1389.077148 1377.993408 1367.002441 1356.214966 1345.626221 1335.229004 1325.363037 1315.780151 1306.388184 1297.179443 1288.147095 1279.707642 1271.544556 1263.503296
 1424.473267 1424.184204 1423.750732 1423.028198 1422.305664 1421.583130 1420.860596 1420.138062 1419.415527 1418.721802 1418.692993 1418.043579 1417.394287 1416.744873 1416.095581 1415.446167 1414.822876 1414.796997 1413.680908 1412.565308 1411.449951 1405.877686 1400.312744 1389.203857 1378.119873 1367.128906 1356.341187 1345.752319 1335.354980 1325.488892 1315.905762 1306.513672 1297.304810 1288.272217 1279.832642 1271.669312 1263.627808
 1424.549438 1424.260498 1423.826904 1423.104370 1422.381836 1421.659302 1420.936768 1420.214233 1419.491699 1418.798096 1418.769165 1418.119751 1417.470459 1416.821045 1416.171753 1415.522461 1414.899048 1414.873169 1413.757202 1412.641479 1411.526123 1405.953857 1400.388916 1389.279785 1378.195801 1367.204712 1356.416992 1345.828003 1335.430542 1325.564453 1315.981201 1306.588989 1297.380005 1288.347412 1279.907715 1271.744263 1263.702637
 1424.574951 1424.285889 1423.852417 1423.129883 1422.407349 1421.684814 1420.962158 1420.239624 1419.517090 1418.823486 1418.794678 1418.145264 1417.495850 1416.846558 1416.197144 1415.547852 1414.924438 1414.898560 1413.782593 1412.666992 1411.551636 1405.979248 1400.414307 1389.305176 1378.221191 1367.230103 1356.442383 1345.853271 1335.455811 1325.589600 1316.006470 1306.614136 1297.405151 1288.372437 1279.932739 1271.769287 1263.727661
#
# dtdd (rows - delta, columns - depth)
#
 -999.000000 -999.000000 -999.000000 -999.000000 -999.000000 -999.000000 -999.000000 -999.000000 -999.000000 -999.000000 -999.000000 -999.000000 -999.000000 -999.000000 -999.000000 -999.000000 -999.000000 -999.000000 -999.000000 -999.000000 -999.000000 -999.000000 -999.000000 -999.000000 -999.000000 -999.000000    1.924292    1.924292    1.924292    1.924291    1.924290    1.924288    1.924286    1.924283    1.924280    1.924276    1.924271
    1.924243    1.924243    1.924243    1.924243    1.924242    1.924242    1.924242    1.924242    1.924242    1.924242    1.924242    1.924241    1.924241    1.924241    1.924241    1.924241    1.924240    1.924240    1.924240    1.924239    1.924239    1.924237    1.924234    1.924229    1.924224    1.924218    1.924211    1.924205    1.924197    1.924189    1.924180    1.924170    1.924160    1.924148    1.924135    1.924121    1.924106
    1.924032    1.924032    1.924031    1.924031    1.924031    1.924030    1.924030    1.924029    1.924029    1.924029    1.924029    1.924028    1.924028    1.924027    1.924027    1.924026    1.924026    1.924026    1.924025    1.924024    1.924023    1.924017    1.924012    1.924000    1.923988    1.923976    1.923963    1.923949    1.923934    1.923918    1.923901    1.923882    1.923863    1.923842    1.923819    1.923793    1.923767
    1.923644    1.923644    1.923644    1.923643    1.923642    1.923642    1.923641    1.923640    1.923640    1.923639    1.923639    1.923638    1.923638    1.923637    1.923636    1.923635    1.923635    1.923635    1.923633    1.923631    1.923630    1.923621    1.923612    1.923594    1.923575    1.923556    1.923535    1.923514    1.923491    1.923467    1.923440    1.923413    1.923384    1.923353    1.923319    1.923282    1.923243
    1.923068    1.923068    1.923067    1.923067    1.923066    1.923065    1.923064    1.923063    1.923062    1.923061    1.923061    1.923060    1.923059    1.923058    1.923057    1.923056    1.923055    1.923055    1.923053    1.923050    1.923048    1.923036    1.923023    1.922998    1.922972    1.922945    1.922917    1.922887    1.922856    1.922822    1.922786    1.922749    1.922709    1.922668    1.922621    1.922572    1.922520
    1.922289    1.922289    1.922288    1.922287    1.922286    1.922284    1.922283    1.922282    1.922281    1.922280    1.922280    1.922278    1.922277    1.922276    1.922274    1.922273    1.922272    1.922272    1.922268    1.922265    1.922262    1.922246    1.922230    1.922197    1.922163    1.922128    1.922091    1.922053    1.922013    1.921969    1.921923    1.921875    1.921824    1.921770    1.921711    1.921649    1.921583
    1.921290    1.921290    1.921289    1.921287    1.921286    1.921284    1.921283    1.921281    1.921280    1.921278    1.921278    1.921277    1.921275    1.921273    1.921271    1.921270    1.921268    1.921268    1.921264    1.921260    1.921256    1.921236    1.921216    1.921175    1.921132    1.921088    1.921042    1.920994    1.920944    1.920890    1.920833    1.920773    1.920710    1.920645    1.920572    1.920494    1.920414
    1.920055    1.920054    1.920053    1.920051    1.920049    1.920048    1.920046    1.920044    1.920042    1.920040    1.920040    1.920038    1.920036    1.920034    1.920032    1.920030    1.920028    1.920028    1.920023    1.920018    1.920013    1.919989    1.919964    1.919914    1.919862    1.919809    1.919753    1.919695    1.919635    1.919569    1.919500    1.919428    1.919352    1.919272    1.919185    1.919092    1.918995
    1.918564    1.918563    1.918562    1.918559    1.918557    1.918555    1.918553    1.918551    1.918548    1.918546    1.918546    1.918544    1.918541    1.918539    1.918536    1.918534    1.918532    1.918531    1.918526    1.918520    1.918514    1.918485    1.918455    1.918395    1.918334    1.918270    1.918204    1.918135    1.918063    1.917985    1.917903    1.917817    1.917727    1.917633    1.917529    1.917419    1.917304
    1.916794    1.916793    1.916792    1.916789    1.916786    1.916784    1.916781    1.916779    1.916776    1.916774    1.916773    1.916770    1.916768    1.916765    1.916762    1.916759    1.916756    1.916756    1.916749    1.916742    1.916736    1.916701    1.916667    1.916596    1.916523    1.916449    1.916371    1.916290    1.916205    1.916114    1.916018    1.915917    1.915812    1.915701    1.915580    1.915452    1.915318
    1.914721    1.914720    1.914718    1.914715    1.914712    1.914709    1.914706    1.914703    1.914700    1.914697    1.914697    1.914694    1.914690    1.914687    1.914684    1.914680    1.914677    1.914677    1.914669    1.914661    1.914653    1.914613    1.914573    1.914491    1.914407    1.914320    1.914229    1.914135    1.914037    1.913931    1.913820    1.913703    1.913581    1.913453    1.913313    1.913165    1.913010
    1.912318    1.912316    1.912314    1.912311    1.912307    1.912304    1.912300    1.912297    1.912293    1.912290    1.912290    1.912286    1.912282    1.912278    1.912274    1.912271    1.912267    1.912267    1.912258    1.912248    1.912239    1.912193    1.912147    1.912052    1.911955    1.911855    1.911751    1.911643    1.911530    1.911408    1.911280    1.911145    1.911005    1.910859    1.910698    1.910527    1.910350
    1.909553    1.909552    1.909549    1.909545    1.909541    1.909537    1.909533    1.909529    1.909525    1.909522    1.909521    1.909517    1.909513    1.909508    1.909504    1.909499    1.909495    1.909495    1.909484    1.909474    1.909463    1.909411    1.909358    1.909249    1.909138    1.909024    1.908905    1.908781    1.908652    1.908513    1.908366    1.908213    1.908053    1.907886    1.907702    1.907508    1.907305
    1.906392    1.906391    1.906388    1.906383    1.906379    1.906374    1.906370    1.906365    1.906361    1.906356    1.906356    1.906351    1.906346    1.906341    1.906336    1.906331    1.906326    1.906326    1.906314    1.906302    1.906290    1.906230    1.906170    1.906046    1.905920    1.905790    1.905655    1.905514    1.905367    1.905209    1.905043    1.904869    1.904687    1.904498    1.904289    1.904069    1.903839
    1.902798    1.902796    1.902793    1.902787    1.902782    1.902777    1.902772    1.902767    1.902762    1.902757    1.902757    1.902751    1.902745    1.902740    1.902734    1.902728    1.902722    1.902722    1.902709    1.902695    1.902682    1.902614    1.902545    1.902406    1.902263    1.902116    1.901962    1.901803    1.901637    1.901458    1.901270    1.901073    1.900868    1.900653    1.900418    1.900169    1.899909
    1.898725    1.898722    1.898719    1.898713    1.898707    1.898702    1.898696    1.898690    1.898684    1.898679    1.898678    1.898672    1.898665    1.898659    1.898652    1.898646    1.898640    1.898639    1.898624    1.898609    1.898594    1.898517    1.898440    1.898282    1.898121    1.897955    1.897783    1.897603    1.897416    1.897214    1.897002    1.896781    1.896550    1.896308    1.896044    1.895763    1.895471
    1.894127    1.894124    1.894120    1.894114    1.894107    1.894101    1.894094    1.894088    1.894081    1.894075    1.894075    1.894067    1.894060    1.894053    1.894045    1.894038    1.894031    1.894031    1.894014    1.893997    1.893980    1.893893    1.893806    1.893629    1.893448    1.893261    1.893067    1.892865    1.892655    1.892428    1.892190    1.891941    1.891681    1.891410    1.891113    1.890798    1.890470
    1.888948    1.888945    1.888940    1.888933    1.888926    1.888919    1.888911    1.888904    1.888897    1.888890    1.888889    1.888881    1.888873    1.888865    1.888857    1.888848    1.888841    1.888840    1.888821    1.888802    1.888783    1.888686    1.888589    1.888390    1.888187    1.887977    1.887760    1.887534    1.887298    1.887044    1.886777    1.886498    1.886208    1.885904    1.885571    1.885218    1.884851
    1.883127    1.883124    1.883119    1.883111    1.883103    1.883095    1.883086    1.883078    1.883070    1.883062    1.883062    1.883053    1.883044    1.883034    1.883025    1.883016    1.883007    1.883007    1.882986    1.882964    1.882943    1.882834    1.882725    1.882503    1.882275    1.882041    1.881798    1.881545    1.881282    1.880998    1.880700    1.880388    1.880064    1.879725    1.879353    1.878960    1.878551
    1.876608    1.876604    1.876599    1.876590    1.876581    1.876572    1.876562    1.876553    1.876544    1.876536    1.876535    1.876525    1.876515    1.876505    1.876494    1.876484    1.876474    1.876474    1.876450    1.876426    1.876402    1.876282    1.876160    1.875913    1.875659    1.875399    1.875128    1.874846    1.874553    1.874237    1.873905    1.873559    1.873197    1.872820    1.872407    1.871969    1.871513
    1.869319    1.869315    1.869309    1.869299    1.869289    1.869279    1.869268    1.869258    1.869248    1.869238    1.869238    1.869227    1.869215    1.869204    1.869192    1.869181    1.869170    1.869170    1.869143    1.869116    1.869090    1.868955    1.868820    1.868543    1.868261    1.867970    1.867667    1.867353    1.867025    1.866673    1.866302    1.865915    1.865511    1.865089    1.864626    1.864137    1.863627
    1.861133    1.861128    1.861121    1.861110    1.861099    1.861087    1.861076    1.861065    1.861053    1.861042    1.861042    1.861029    1.861016    1.861004    1.860991    1.860978    1.860966    1.860965    1.860936    1.860906    1.860876    1.860725    1.860573    1.860263    1.859947    1.859621    1.859282    1.858929    1.858562    1.858166    1.857750    1.857316    1.856864    1.856394    1.855879    1.855335    1.854770
    1.851980    1.851975    1.851968    1.851956    1.851943    1.851931    1.851918    1.851906    1.851893    1.851882    1.851881    1.851867    1.851853    1.851839    1.851825    1.851811    1.851798    1.851797    1.851765    1.851732    1.851700    1.851535    1.851369    1.851032    1.850687    1.850333    1.849966    1.849584    1.849188    1.848762    1.848314    1.847848    1.847363    1.846858    1.846305    1.845721    1.845116
    1.842070    1.842065    1.842057    1.842044    1.842031    1.842017    1.842004    1.841991    1.841977    1.841964    1.841964    1.841949    1.841934    1.841919    1.841904    1.841889    1.841875    1.841874    1.841840    1.841805    1.841770    1.841593    1.841415    1.841054    1.840685    1.840305    1.839911    1.839501    1.839074    1.838615    1.838132    1.837629    1.837104    1.836557    1.835957    1.835322    1.834662
    1.831256    1.831251    1.831242    1.831227    1.831212    1.831198    1.831183    1.831168    1.831154    1.831139    1.831139    1.831122    1.831106    1.831089    1.831073    1.831056    1.831041    1.831040    1.831002    1.830963    1.830924    1.830730    1.830533    1.830133    1.829724    1.829303    1.828866    1.828412    1.827939    1.827430    1.826895    1.826336    1.825754    1.825147    1.824482    1.823777    1.823045
    1.819184    1.819177    1.819168    1.819151    1.819135    1.819119    1.819102    1.819086    1.819070    1.819054    1.819053    1.819035    1.819017    1.818999    1.818980    1.818962    1.818945    1.818944    1.818901    1.818858    1.818815    1.818600    1.818382    1.817938    1.817485    1.817020    1.816536    1.816033    1.815511    1.814948    1.814357    1.813741    1.813099    1.812430    1.811697    1.810922    1.810117
    1.805775    1.805768    1.805757    1.805739    1.805721    1.805703    1.805685    1.805667    1.805649    1.805632    1.805631    1.805611    1.805591    1.805571    1.805551    1.805531    1.805512    1.805511    1.805464    1.805417    1.805370    1.805133    1.804893    1.804406    1.803909    1.803397    1.802866    1.802313    1.801739    1.801121    1.800472    1.799795    1.799089    1.798354    1.797549    1.796698    1.795815
    1.790931    1.790923    1.790911    1.790892    1.790872    1.790853    1.790833    1.790813    1.790794    1.790775    1.790774    1.790752    1.790730    1.790708    1.790686    1.790664    1.790643    1.790642    1.790591    1.790540    1.790488    1.790229    1.789966    1.789434    1.788890    1.788330    1.787750    1.787146    1.786520    1.785845    1.785137    1.784399    1.783631    1.782831    1.781955    1.781029    1.780068
    1.774602    1.774594    1.774581    1.774560    1.774538    1.774517    1.774496    1.774474    1.774453    1.774432    1.774432    1.774408    1.774384    1.774360    1.774336    1.774312    1.774289    1.774288    1.774232    1.774176    1.774120    1.773837    1.773552    1.772972    1.772380    1.771771    1.771138    1.770481    1.769799    1.769066    1.768295    1.767493    1.766658    1.765789    1.764838    1.763834    1.762792
    1.756687    1.756678    1.756664    1.756641    1.756618    1.756595    1.756572    1.756549    1.756525    1.756503    1.756502    1.756476    1.756451    1.756425    1.756399    1.756373    1.756348    1.756347    1.756286    1.756226    1.756165    1.755859    1.755551    1.754923    1.754283    1.753625    1.752942    1.752232    1.751496    1.750704    1.749873    1.749007    1.748106    1.747168    1.746142    1.745059    1.743935
    1.737127    1.737117    1.737103    1.737078    1.737053    1.737028    1.737003    1.736978    1.736953    1.736929    1.736928    1.736900    1.736872    1.736844    1.736816    1.736788    1.736761    1.736760    1.736695    1.736629    1.736564    1.736234    1.735900    1.735223    1.734532    1.733822    1.733085    1.732320    1.731525    1.730671    1.729775    1.728842    1.727870    1.726860    1.725754    1.724587    1.723377
    1.715775    1.715765    1.715748    1.715722    1.715695    1.715668    1.715641    1.715614    1.715587    1.715561    1.715560    1.715530    1.715500    1.715470    1.715440    1.715409    1.715380    1.715379    1.715309    1.715238    1.715168    1.714812    1.714453    1.713723    1.712978    1.712212    1.711418    1.710594    1.709738    1.708817    1.707852    1.706846    1.705800    1.704712    1.703521    1.702264    1.700962
    1.692505    1.692493    1.692476    1.692447    1.692419    1.692390    1.692361    1.692333    1.692304    1.692276    1.692275    1.692243    1.692211    1.692179    1.692147    1.692115    1.692084    1.692082    1.692007    1.691932    1.691857    1.691478    1.691095    1.690319    1.689527    1.688715    1.687873    1.686999    1.686093    1.685121    1.684101    1.683042    1.681941    1.680797    1.679547    1.678230    1.676868
    1.667654    1.667642    1.667624    1.667595    1.667565    1.667535    1.667505    1.667475    1.667444    1.667415    1.667414    1.667381    1.667347    1.667314    1.667280    1.667246    1.667214    1.667213    1.667134    1.667056    1.666977    1.666581    1.666181    1.665369    1.664541    1.663692    1.662811    1.661898    1.660952    1.659935    1.658867    1.657755    1.656595    1.655388    1.654064    1.652666    1.651214
    1.640808    1.640795    1.640776    1.640743    1.640710    1.640677    1.640644    1.640611    1.640578    1.640546    1.640545    1.640508    1.640471    1.640435    1.640398    1.640361    1.640325    1.640324    1.640238    1.640151    1.640065    1.639629    1.639189    1.638294    1.637379    1.636439    1.635462    1.634447    1.633391    1.632255    1.631061    1.629817    1.628520    1.627168    1.625686    1.624120    1.622493
    1.610226    1.610212    1.610190    1.610153    1.610116    1.610079    1.610042    1.610005    1.609969    1.609933    1.609932    1.609890    1.609849    1.609808    1.609767    1.609725    1.609686    1.609684    1.609588    1.609491    1.609394    1.608907    1.608416    1.607418    1.606401    1.605357    1.604275    1.603153    1.601990    1.600741    1.599431    1.598071    1.596657    1.595188    1.593583    1.591893    1.590144
    1.576432    1.576416    1.576393    1.576354    1.576315    1.576276    1.576238    1.576199    1.576160    1.576123    1.576121    1.576078    1.576034    1.575991    1.575947    1.575904    1.575862    1.575860    1.575759    1.575657    1.575555    1.575042    1.574524    1.573474    1.572403    1.571304    1.570165    1.568984    1.567760    1.566446    1.565069    1.563638    1.562152    1.560608    1.558922    1.557146    1.555312
    1.540429    1.540413    1.540390    1.540351    1.540312    1.540273    1.540234    1.540195    1.540156    1.540118    1.540116    1.540073    1.540029    1.539985    1.539942    1.539898    1.539856    1.539854    1.539752    1.539650    1.539547    1.539033    1.538514    1.537462    1.536394    1.535301    1.534171    1.533004    1.531797    1.530506    1.529158    1.527762    1.526318    1.524823    1.523197    1.521492    1.519736
    1.504659    1.504644    1.504622    1.504584    1.504547    1.504510    1.504472    1.504435    1.504397    1.504361    1.504359    1.504318    1.504276    1.504234    1.504192    1.504150    1.504110    1.504108    1.504010    1.503912    1.503814    1.503321    1.502823    1.501816    1.500792    1.499744    1.498660    1.497537    1.496375    1.495128    1.493824    1.492470    1.491065    1.489608    1.488019    1.486349    1.484623
    1.468742    1.468727    1.468704    1.468667    1.468629    1.468591    1.468553    1.468515    1.468477    1.468441    1.468439    1.468397    1.468355    1.468313    1.468270    1.468228    1.468187    1.468186    1.468087    1.467988    1.467888    1.467389    1.466886    1.465865    1.464825    1.463760    1.462657    1.461515    1.460332    1.459064    1.457737    1.456361    1.454933    1.453452    1.451837    1.450140    1.448387
    1.431319    1.431304    1.431281    1.431243    1.431204    1.431166    1.431128    1.431089    1.431051    1.431014    1.431012    1.430969    1.430926    1.430883    1.430840    1.430797    1.430756    1.430754    1.430654    1.430553    1.430453    1.429947    1.429436    1.428400    1.427345    1.426265    1.425146    1.423988    1.422789    1.421504    1.420159    1.418765    1.417318    1.415818    1.414184    1.412466    1.410692
    1.392387    1.392372    1.392348    1.392310    1.392271    1.392232    1.392193    1.392154    1.392116    1.392078    1.392077    1.392033    1.391990    1.391947    1.391903    1.391860    1.391818    1.391816    1.391715    1.391613    1.391511    1.391000    1.390483    1.389436    1.388371    1.387279    1.386149    1.384979    1.383768    1.382470    1.381113    1.379705    1.378245    1.376732    1.375083    1.373351    1.371564
    1.352022    1.352007    1.351984    1.351945    1.351906    1.351867    1.351828    1.351789    1.351750    1.351713    1.351711    1.351668    1.351624    1.351581    1.351537    1.351494    1.351452    1.351450    1.351349    1.351247    1.351145    1.350632    1.350115    1.349066    1.347999    1.346907    1.345776    1.344606    1.343396    1.342099    1.340743    1.339337    1.337880    1.336371    1.334726    1.333000    1.331218
    1.310494    1.310479    1.310455    1.310417    1.310378    1.310339    1.310301    1.310262    1.310223    1.310186    1.310184    1.310141    1.310098    1.310054    1.310011    1.309968    1.309926    1.309924    1.309823    1.309721    1.309620    1.309109    1.308595    1.307551    1.306489    1.305402    1.304277    1.303113    1.301909    1.300620    1.299272    1.297875    1.296427    1.294927    1.293294    1.291579    1.289811
    1.267908    1.267892    1.267870    1.267831    1.267793    1.267755    1.267716    1.267678    1.267639    1.267602    1.267601    1.267558    1.267515    1.267472    1.267429    1.267386    1.267345    1.267344    1.267243    1.267143    1.267042    1.266537    1.266027    1.264994    1.263943    1.262866    1.261753    1.260601    1.259410    1.258134    1.256800    1.255418    1.253986    1.252503    1.250888    1.249192    1.247444
    1.224358    1.224343    1.224321    1.224283    1.224245    1.224208    1.224170    1.224132    1.224094    1.224058    1.224056    1.224014    1.223972    1.223929    1.223887    1.223845    1.223804    1.223802    1.223704    1.223605    1.223506    1.223008    1.222505    1.221487    1.220452    1.219392    1.218296    1.217162    1.215990    1.214734    1.213422    1.212063    1.210655    1.209196    1.207609    1.205944    1.204226
    1.180007    1.179992    1.179970    1.179933    1.179896    1.179859    1.179822    1.179785    1.179748    1.179712    1.179711    1.179669    1.179628    1.179586    1.179545    1.179503    1.179464    1.179462    1.179365    1.179268    1.179171    1.178683    1.178190    1.177193    1.176178    1.175139    1.174065    1.172954    1.171805    1.170575    1.169289    1.167957    1.166577    1.165148    1.163593    1.161961    1.160278
    1.134853    1.134839    1.134817    1.134781    1.134745    1.134708    1.134672    1.134636    1.134599    1.134564    1.134563    1.134522    1.134482    1.134441    1.134400    1.134360    1.134321    1.134319    1.134224    1.134129    1.134034    1.133555    1.133072    1.132095    1.131100    1.130082    1.129028    1.127939    1.126813    1.125607    1.124347    1.123042    1.121689    1.120289    1.118765    1.117167    1.115518
    1.088852    1.088838    1.088817    1.088782    1.088747    1.088711    1.088676    1.088641    1.088605    1.088571    1.088570    1.088530    1.088491    1.088451    1.088412    1.088372    1.088334    1.088333    1.088240    1.088148    1.088055    1.087590    1.087121    1.086171    1.085206    1.084218    1.083196    1.082141    1.081050    1.079882    1.078663    1.077401    1.076094    1.074742    1.073272    1.071730    1.070142
    1.042706    1.042693    1.042673    1.042639    1.042605    1.042572    1.042538    1.042504    1.042470    1.042438    1.042437    1.042399    1.042361    1.042324    1.042286    1.042248    1.042212    1.042210    1.042122    1.042034    1.041946    1.041502    1.041054    1.040147    1.039225    1.038282    1.037306    1.036298    1.035257    1.034142    1.032978    1.031773    1.030525    1.029234    1.027830    1.026358    1.024841
    0.996353    0.996340    0.996320    0.996287    0.996254    0.996222    0.996189    0.996156    0.996123    0.996091    0.996090    0.996053    0.996016    0.995980    0.995943    0.995906    0.995871    0.995869    0.995783    0.995697    0.995611    0.995178    0.994741    0.993856    0.992955    0.992033    0.991080    0.990093    0.989073    0.987981    0.986839    0.985656    0.984431    0.983161    0.981780    0.980330    0.978835
    0.948587    0.948574    0.948555    0.948523    0.948490    0.948458    0.948426    0.948394    0.948361    0.948330    0.948329    0.948293    0.948257    0.948221    0.948185    0.948149    0.948114    0.948112    0.948028    0.947944    0.947859    0.947435    0.947007    0.946140    0.945258    0.944357    0.943425    0.942461    0.941466    0.940400    0.939288    0.938137    0.936944    0.935711    0.934370    0.932964    0.931516
    0.900166    0.900154    0.900135    0.900105    0.900074    0.900044    0.900013    0.899982    0.899952    0.899922    0.899921    0.899887    0.899853    0.899819    0.899784    0.899750    0.899717    0.899716    0.899636    0.899556    0.899476    0.899073    0.898667    0.897845    0.897009    0.896154    0.895270    0.894356    0.893412    0.892402    0.891347    0.890254    0.889124    0.887954    0.886682    0.885349    0.883975
    0.851747    0.851735    0.851718    0.851689    0.851660    0.851631    0.851602    0.851573    0.851544    0.851516    0.851515    0.851482    0.851450    0.851418    0.851385    0.851353    0.851322    0.851320    0.851245    0.851169    0.851093    0.850711    0.850327    0.849547    0.848755    0.847945    0.847107    0.846241    0.845346    0.844388    0.843388    0.842353    0.841281    0.840172    0.838966    0.837701    0.836398
    0.803189    0.803178    0.803161    0.803134    0.803106    0.803079    0.803052    0.803024    0.802997    0.802970    0.802969    0.802939    0.802908    0.802877    0.802847    0.802816    0.802786    0.802785    0.802714    0.802642    0.802570    0.802209    0.801845    0.801108    0.800359    0.799592    0.798799    0.797980    0.797133    0.796227    0.795281    0.794301    0.793287    0.792237    0.791095    0.789898    0.788665
    0.754347    0.754337    0.754322    0.754296    0.754270    0.754244    0.754218    0.754192    0.754166    0.754141    0.754140    0.754111    0.754082    0.754053    0.754023    0.753994    0.753966    0.753965    0.753897    0.753829    0.753761    0.753419    0.753074    0.752376    0.751666    0.750939    0.750188    0.749411    0.748608    0.747750    0.746853    0.745924    0.744962    0.743967    0.742885    0.741751    0.740582
    0.705058    0.705049    0.705034    0.705009    0.704985    0.704961    0.704936    0.704912    0.704887    0.704864    0.704863    0.704835    0.704808    0.704781    0.704753    0.704726    0.704700    0.704698    0.704635    0.704571    0.704507    0.704185    0.703860    0.703202    0.702534    0.701850    0.701143    0.700412    0.699657    0.698850    0.698006    0.697133    0.696229    0.695293    0.694277    0.693211    0.692112
    0.655554    0.655545    0.655531    0.655509    0.655486    0.655463    0.655440    0.655417    0.655394    0.655373    0.655372    0.655346    0.655321    0.655295    0.655270    0.655244    0.655220    0.655219    0.655159    0.655099    0.655040    0.654740    0.654437    0.653824    0.653201    0.652563    0.651904    0.651223    0.650519    0.649766    0.648980    0.648166    0.647323    0.646451    0.645504    0.644510    0.643487
    0.605882    0.605874    0.605861    0.605840    0.605819    0.605797    0.605776    0.605755    0.605734    0.605713    0.605713    0.605689    0.605665    0.605642    0.605618    0.605594    0.605571    0.605570    0.605515    0.605460    0.605404    0.605126    0.604845    0.604275    0.603697    0.603105    0.602493    0.601860    0.601207    0.600507    0.599777    0.599021    0.598239    0.597429    0.596549    0.595626    0.594675
    0.555948    0.555940    0.555928    0.555909    0.555889    0.555870    0.555850    0.555831    0.555811    0.555793    0.555792    0.555770    0.555748    0.555726    0.555704    0.555683    0.555662    0.555661    0.555610    0.555559    0.555508    0.555251    0.554991    0.554467    0.553933    0.553388    0.552823    0.552240    0.551638    0.550994    0.550321    0.549624    0.548903    0.548157    0.547346    0.546496    0.545620
    0.505849    0.505842    0.505831    0.505813    0.505795    0.505778    0.505760    0.505742    0.505724    0.505707    0.505706    0.505686    0.505667    0.505647    0.505627    0.505607    0.505588    0.505587    0.505540    0.505494    0.505447    0.505213    0.504977    0.504498    0.504012    0.503514    0.503000    0.502469    0.501919    0.501332    0.500718    0.500083    0.499426    0.498746    0.498007    0.497232    0.496433
    0.455648    0.455642    0.455632    0.455616    0.455600    0.455584    0.455568    0.455552    0.455536    0.455520    0.455520    0.455502    0.455484    0.455466    0.455448    0.455430    0.455413    0.455412    0.455370    0.455328    0.455286    0.455075    0.454861    0.454430    0.453991    0.453542    0.453077    0.452598    0.452102    0.451572    0.451018    0.450445    0.449852    0.449238    0.448571    0.447872    0.447152
    0.405351    0.405346    0.405337    0.405323    0.405308    0.405294    0.405280    0.405266    0.405251    0.405237    0.405237    0.405221    0.405205    0.405189    0.405173    0.405157    0.405141    0.405141    0.405103    0.405066    0.405028    0.404840    0.404650    0.404265    0.403874    0.403474    0.403060    0.402633    0.402191    0.401718    0.401225    0.400714    0.400186    0.399639    0.399044    0.398421    0.397779
    0.354919    0.354914    0.354907    0.354894    0.354881    0.354869    0.354856    0.354844    0.354831    0.354819    0.354818    0.354804    0.354790    0.354776    0.354762    0.354748    0.354735    0.354734    0.354701    0.354668    0.354635    0.354470    0.354303    0.353965    0.353621    0.353269    0.352906    0.352530    0.352142    0.351727    0.351293    0.350845    0.350380    0.349899    0.349377    0.348830    0.348265
    0.304317    0.304313    0.304306    0.304295    0.304285    0.304274    0.304263    0.304252    0.304241    0.304231    0.304230    0.304218    0.304206    0.304194    0.304182    0.304170    0.304158    0.304158    0.304130    0.304101    0.304073    0.303931    0.303787    0.303497    0.303201    0.302899    0.302587    0.302264    0.301931    0.301574    0.301202    0.300816    0.300417    0.300004    0.299556    0.299085    0.298601
    0.253683    0.253679    0.253674    0.253665    0.253656    0.253647    0.253638    0.253629    0.253620    0.253611    0.253611    0.253601    0.253590    0.253580    0.253570    0.253560    0.253551    0.253550    0.253527    0.253503    0.253479    0.253361    0.253241    0.252999    0.252753    0.252501    0.252241    0.251972    0.251694    0.251397    0.251086    0.250765    0.250432    0.250088    0.249714    0.249322    0.248919
    0.203031    0.203028    0.203024    0.203017    0.203009    0.203002    0.202995    0.202988    0.202981    0.202974    0.202973    0.202965    0.202957    0.202949    0.202941    0.202933    0.202925    0.202925    0.202906    0.202887    0.202868    0.202773    0.202677    0.202483    0.202286    0.202084    0.201876    0.201660    0.201438    0.201199    0.200951    0.200693    0.200427    0.200151    0.199852    0.199538    0.199214
    0.152312    0.152310    0.152307    0.152302    0.152296    0.152291    0.152285    0.152280    0.152274    0.152269    0.152269    0.152263    0.152257    0.152251    0.152245    0.152239    0.152233    0.152233    0.152218    0.152204    0.152190    0.152119    0.152047    0.151901    0.151753    0.151601    0.151445    0.151283    0.151116    0.150937    0.150750    0.150557    0.150357    0.150150    0.149925    0.149689    0.149446
    0.101592    0.101591    0.101589    0.101585    0.101582    0.101578    0.101574    0.101571    0.101567    0.101564    0.101563    0.101559    0.101555    0.101551    0.101547    0.101543    0.101539    0.101539    0.101530    0.101520    0.101511    0.101463    0.101415    0.101318    0.101220    0.101119    0.101014    0.100906    0.100795    0.100676    0.100551    0.100422    0.100289    0.100151    0.100001    0.099844    0.099682
    0.050870    0.050870    0.050869    0.050867    0.050865    0.050863    0.050861    0.050860    0.050858    0.050856    0.050856    0.050854    0.050852    0.050850    0.050848    0.050846    0.050844    0.050844    0.050839    0.050834    0.050830    0.050806    0.050782    0.050733    0.050683    0.050633    0.050580    0.050526    0.050470    0.050411    0.050348    0.050284    0.050217    0.050147    0.050072    0.049993    0.049912
    0.000003    0.000003    0.000003    0.000003    0.000003    0.000003    0.000003    0.000003    0.000003    0.000003    0.000003    0.000003    0.000003    0.000003    0.000003    0.000003    0.000003    0.000003    0.000003    0.000003    0.000003    0.000003    0.000003    0.000003    0.000003    0.000003    0.000003    0.000003    0.000003    0.000003    0.000003    0.000003    0.000003    0.000003    0.000003    0.000003    0.000003
#
# dtdh (rows - delta, columns - depth)
#
 -999.000000 -999.000000 -999.000000 -999.000000 -999.000000 -999.000000 -999.000000 -999.000000 -999.000000 -999.000000 -999.000000 -999.000000 -999.000000 -999.000000 -999.000000 -999.000000 -999.000000 -999.000000 -999.000000 -999.000000 -999.000000 -999.000000 -999.000000 -999.000000 -999.000000 -999.000000   -0.212971   -0.209042   -0.205253   -0.192726   -0.188796   -0.185022   -0.181387   -0.177896   -0.163783   -0.160476   -0.159127
   -0.288499   -0.288499   -0.288498   -0.288498   -0.288498   -0.288497   -0.288497   -0.288496   -0.288496   -0.288496   -0.259160   -0.259159   -0.259159   -0.259158   -0.259158   -0.259157   -0.259157   -0.222535   -0.222475   -0.222415   -0.222356   -0.222057   -0.221759   -0.221218   -0.220713   -0.217039   -0.212971   -0.209042   -0.205253   -0.192726   -0.188796   -0.185022   -0.181387   -0.177896   -0.163783   -0.160477   -0.159128
   -0.288499   -0.288499   -0.288499   -0.288498   -0.288498   -0.288497   -0.288497   -0.288496   -0.288496   -0.288496   -0.259160   -0.259159   -0.259159   -0.259158   -0.259158   -0.259157   -0.259157   -0.222535   -0.222475   -0.222416   -0.222356   -0.222057   -0.221759   -0.221218   -0.220713   -0.217039   -0.212972   -0.209042   -0.205253   -0.192727   -0.188796   -0.185022   -0.181387   -0.177897   -0.163784   -0.160477   -0.159128
   -0.288499   -0.288499   -0.288499   -0.288498   -0.288498   -0.288497   -0.288497   -0.288497   -0.288496   -0.288496   -0.259160   -0.259159   -0.259159   -0.259158   -0.259158   -0.259158   -0.259157   -0.222535   -0.222476   -0.222416   -0.222356   -0.222057   -0.221760   -0.221218   -0.220714   -0.217039   -0.212972   -0.209043   -0.205254   -0.192727   -0.188797   -0.185023   -0.181387   -0.177897   -0.163784   -0.160478   -0.159129
   -0.288499   -0.288499   -0.288499   -0.288499   -0.288498   -0.288498   -0.288497   -0.288497   -0.288497   -0.288496   -0.259160   -0.259160   -0.259159   -0.259159   -0.259158   -0.259158   -0.259157   -0.222536   -0.222476   -0.222416   -0.222356   -0.222058   -0.221760   -0.221219   -0.220714   -0.217040   -0.212972   -0.209043   -0.205254   -0.192728   -0.188797   -0.185024   -0.181388   -0.177898   -0.163785   -0.160478   -0.159130
   -0.288500   -0.288500   -0.288499   -0.288499   -0.288499   -0.288498   -0.288498   -0.288497   -0.288497   -0.288497   -0.259161   -0.259160   -0.259160   -0.259159   -0.259159   -0.259158   -0.259158   -0.222536   -0.222477   -0.222417   -0.222357   -0.222058   -0.221761   -0.221219   -0.220715   -0.217041   -0.212973   -0.209044   -0.205255   -0.192728   -0.188798   -0.185024   -0.181389   -0.177899   -0.163786   -0.160480   -0.159131
   -0.288500   -0.288500   -0.288500   -0.288500   -0.288499   -0.288499   -0.288498   -0.288498   -0.288498   -0.288497   -0.259161   -0.259161   -0.259160   -0.259160   -0.259159   -0.259159   -0.259159   -0.222537   -0.222477   -0.222417   -0.222358   -0.222059   -0.221761   -0.221220   -0.220716   -0.217041   -0.212974   -0.209045   -0.205256   -0.192729   -0.188799   -0.185026   -0.181390   -0.177900   -0.163788   -0.160481   -0.159132
   -0.288501   -0.288501   -0.288501   -0.288500   -0.288500   -0.288499   -0.288499   -0.288499   -0.288498   -0.288498   -0.259162   -0.259162   -0.259161   -0.259161   -0.259160   -0.259160   -0.259159   -0.222538   -0.222478   -0.222418   -0.222359   -0.222060   -0.221762   -0.221221   -0.220717   -0.217042   -0.212975   -0.209046   -0.205257   -0.192731   -0.188801   -0.185027   -0.181392   -0.177902   -0.163789   -0.160483   -0.159134
   -0.288502   -0.288502   -0.288501   -0.288501   -0.288501   -0.288500   -0.288500   -0.288499   -0.288499   -0.288499   -0.259163   -0.259162   -0.259162   -0.259162   -0.259161   -0.259161   -0.259160   -0.222539   -0.222479   -0.222419   -0.222360   -0.222061   -0.221763   -0.221222   -0.220718   -0.217044   -0.212976   -0.209047   -0.205258   -0.192732   -0.188802   -0.185029   -0.181393   -0.177903   -0.163791   -0.160485   -0.159136
   -0.288503   -0.288503   -0.288502   -0.288502   -0.288502   -0.288501   -0.288501   -0.288500   -0.288500   -0.288500   -0.259164   -0.259164   -0.259163   -0.259163   -0.259162   -0.259162   -0.259161   -0.222540   -0.222480   -0.222421   -0.222361   -0.222062   -0.221765   -0.221223   -0.220719   -0.217045   -0.212978   -0.209049   -0.205260   -0.192734   -0.188804   -0.185030   -0.181395   -0.177905   -0.163794   -0.160487   -0.159139
   -0.288504   -0.288504   -0.288504   -0.288503   -0.288503   -0.288502   -0.288502   -0.288501   -0.288501   -0.288501   -0.259165   -0.259165   -0.259164   -0.259164   -0.259163   -0.259163   -0.259163   -0.222542   -0.222482   -0.222422   -0.222362   -0.222064   -0.221766   -0.221225   -0.220721   -0.217047   -0.212979   -0.209051   -0.205262   -0.192736   -0.188806   -0.185033   -0.181398   -0.177908   -0.163796   -0.160490   -0.159142
   -0.288505   -0.288505   -0.288505   -0.288504   -0.288504   -0.288504   -0.288503   -0.288503   -0.288502   -0.288502   -0.259167   -0.259166   -0.259166   -0.259165   -0.259165   -0.259164   -0.259164   -0.222543   -0.222484   -0.222424   -0.222364   -0.222066   -0.221768   -0.221227   -0.220722   -0.217048   -0.212981   -0.209053   -0.205264   -0.192738   -0.188808   -0.185035   -0.181400   -0.177911   -0.163799   -0.160493   -0.159145
   -0.288507   -0.288507   -0.288506   -0.288506   -0.288505   -0.288505   -0.288505   -0.288504   -0.288504   -0.288503   -0.259168   -0.259168   -0.259167   -0.259167   -0.259167   -0.259166   -0.259166   -0.222545   -0.222486   -0.222426   -0.222366   -0.222068   -0.221770   -0.221229   -0.220725   -0.217051   -0.212984   -0.209055   -0.205266   -0.192741   -0.188811   -0.185038   -0.181403   -0.177914   -0.163803   -0.160497   -0.159149
   -0.288508   -0.288508   -0.288508   -0.288508   -0.288507   -0.288507   -0.288506   -0.288506   -0.288506   -0.288505   -0.259170   -0.259170   -0.259169   -0.259169   -0.259168   -0.259168   -0.259168   -0.222548   -0.222488   -0.222428   -0.222368   -0.222070   -0.221772   -0.221231   -0.220727   -0.217053   -0.212986   -0.209058   -0.205269   -0.192744   -0.188814   -0.185042   -0.181407   -0.177918   -0.163807   -0.160501   -0.159153
   -0.288510   -0.288510   -0.288510   -0.288510   -0.288509   -0.288509   -0.288508   -0.288508   -0.288507   -0.288507   -0.259172   -0.259172   -0.259172   -0.259171   -0.259171   -0.259170   -0.259170   -0.222550   -0.222490   -0.222431   -0.222371   -0.222072   -0.221775   -0.221234   -0.220730   -0.217056   -0.212989   -0.209061   -0.205272   -0.192748   -0.188818   -0.185045   -0.181411   -0.177922   -0.163812   -0.160506   -0.159158
   -0.288512   -0.288512   -0.288512   -0.288512   -0.288511   -0.288511   -0.288510   -0.288510   -0.288510   -0.288509   -0.259175   -0.259174   -0.259174   -0.259174   -0.259173   -0.259173   -0.259172   -0.222553   -0.222493   -0.222433   -0.222374   -0.222075   -0.221778   -0.221237   -0.220733   -0.217059   -0.212993   -0.209064   -0.205276   -0.192751   -0.188822   -0.185050   -0.181415   -0.177926   -0.163817   -0.160512   -0.159164
   -0.288515   -0.288515   -0.288515   -0.288514   -0.288514   -0.288513   -0.288513   -0.288513   -0.288512   -0.288512   -0.259178   -0.259177   -0.259177   -0.259176   -0.259176   -0.259175   -0.259175   -0.222556   -0.222496   -0.222437   -0.222377   -0.222079   -0.221781   -0.221240   -0.220736   -0.217063   -0.212996   -0.209068   -0.205280   -0.192756   -0.188827   -0.185054   -0.181420   -0.177932   -0.163823   -0.160518   -0.159170
   -0.288518   -0.288517   -0.288517   -0.288517   -0.288516   -0.288516   -0.288516   -0.288515   -0.288515   -0.288515   -0.259181   -0.259180   -0.259180   -0.259179   -0.259179   -0.259178   -0.259178   -0.222560   -0.222500   -0.222440   -0.222381   -0.222082   -0.221785   -0.221244   -0.220740   -0.217067   -0.213000   -0.209073   -0.205285   -0.192761   -0.188832   -0.185060   -0.181426   -0.177937   -0.163829   -0.160524   -0.159177
   -0.288521   -0.288521   -0.288520   -0.288520   -0.288520   -0.288519   -0.288519   -0.288518   -0.288518   -0.288518   -0.259184   -0.259184   -0.259183   -0.259183   -0.259182   -0.259182   -0.259182   -0.222564   -0.222504   -0.222444   -0.222385   -0.222086   -0.221789   -0.221248   -0.220744   -0.217071   -0.213005   -0.209077   -0.205290   -0.192766   -0.188838   -0.185066   -0.181432   -0.177944   -0.163836   -0.160532   -0.159185
   -0.288524   -0.288524   -0.288524   -0.288523   -0.288523   -0.288523   -0.288522   -0.288522   -0.288521   -0.288521   -0.259188   -0.259188   -0.259187   -0.259187   -0.259186   -0.259186   -0.259185   -0.222568   -0.222509   -0.222449   -0.222389   -0.222091   -0.221794   -0.221253   -0.220749   -0.217076   -0.213010   -0.209083   -0.205295   -0.192772   -0.188844   -0.185072   -0.181439   -0.177951   -0.163844   -0.160541   -0.159194
   -0.288528   -0.288528   -0.288528   -0.288527   -0.288527   -0.288526   -0.288526   -0.288526   -0.288525   -0.288525   -0.259192   -0.259192   -0.259191   -0.259191   -0.259191   -0.259190   -0.259190   -0.222573   -0.222514   -0.222454   -0.222394   -0.222096   -0.221799   -0.221258   -0.220755   -0.217082   -0.213016   -0.209089   -0.205302   -0.192779   -0.188851   -0.185080   -0.181447   -0.177959   -0.163854   -0.160550   -0.159204
   -0.288532   -0.288532   -0.288532   -0.288532   -0.288531   -0.288531   -0.288530   -0.288530   -0.288530   -0.288529   -0.259197   -0.259197   -0.259196   -0.259196   -0.259195   -0.259195   -0.259195   -0.222579   -0.222519   -0.222460   -0.222400   -0.222102   -0.221805   -0.221264   -0.220761   -0.217088   -0.213023   -0.209096   -0.205309   -0.192787   -0.188859   -0.185088   -0.181456   -0.177969   -0.163864   -0.160561   -0.159215
   -0.288537   -0.288537   -0.288537   -0.288536   -0.288536   -0.288536   -0.288535   -0.288535   -0.288534   -0.288534   -0.259202   -0.259202   -0.259202   -0.259201   -0.259201   -0.259200   -0.259200   -0.222585   -0.222526   -0.222466   -0.222406   -0.222108   -0.221811   -0.221271   -0.220767   -0.217095   -0.213030   -0.209103   -0.205316   -0.192796   -0.188868   -0.185098   -0.181465   -0.177978   -0.163875   -0.160572   -0.159226
   -0.288542   -0.288542   -0.288542   -0.288541   -0.288541   -0.288541   -0.288540   -0.288540   -0.288540   -0.288539   -0.259208   -0.259208   -0.259207   -0.259207   -0.259207   -0.259206   -0.259206   -0.222592   -0.222532   -0.222473   -0.222413   -0.222115   -0.221818   -0.221278   -0.220775   -0.217103   -0.213038   -0.209111   -0.205325   -0.192805   -0.188878   -0.185107   -0.181476   -0.177989   -0.163887   -0.160585   -0.159239
   -0.288548   -0.288548   -0.288547   -0.288547   -0.288547   -0.288546   -0.288546   -0.288546   -0.288545   -0.288545   -0.259214   -0.259214   -0.259214   -0.259213   -0.259213   -0.259212   -0.259212   -0.222599   -0.222540   -0.222480   -0.222420   -0.222123   -0.221825   -0.221285   -0.220783   -0.217111   -0.213046   -0.209120   -0.205334   -0.192815   -0.188888   -0.185118   -0.181487   -0.178001   -0.163900   -0.160598   -0.159253
   -0.288554   -0.288554   -0.288554   -0.288553   -0.288553   -0.288552   -0.288552   -0.288552   -0.288551   -0.288551   -0.259221   -0.259221   -0.259221   -0.259220   -0.259220   -0.259219   -0.259219   -0.222607   -0.222548   -0.222488   -0.222428   -0.222131   -0.221834   -0.221294   -0.220791   -0.217120   -0.213056   -0.209130   -0.205344   -0.192826   -0.188900   -0.185130   -0.181499   -0.178014   -0.163914   -0.160613   -0.159269
   -0.288561   -0.288561   -0.288560   -0.288560   -0.288560   -0.288559   -0.288559   -0.288559   -0.288558   -0.288558   -0.259229   -0.259229   -0.259228   -0.259228   -0.259227   -0.259227   -0.259227   -0.222616   -0.222557   -0.222497   -0.222437   -0.222140   -0.221843   -0.221303   -0.220801   -0.217130   -0.213066   -0.209141   -0.205355   -0.192838   -0.188912   -0.185143   -0.181513   -0.178028   -0.163930   -0.160630   -0.159286
   -0.288568   -0.288568   -0.288568   -0.288568   -0.288567   -0.288567   -0.288566   -0.288566   -0.288566   -0.288565   -0.259237   -0.259237   -0.259237   -0.259236   -0.259236   -0.259235   -0.259235   -0.222626   -0.222567   -0.222507   -0.222447   -0.222150   -0.221853   -0.221314   -0.220811   -0.217141   -0.213077   -0.209152   -0.205368   -0.192851   -0.188926   -0.185158   -0.181528   -0.178044   -0.163947   -0.160648   -0.159305
   -0.288576   -0.288576   -0.288576   -0.288576   -0.288575   -0.288575   -0.288575   -0.288574   -0.288574   -0.288574   -0.259246   -0.259246   -0.259246   -0.259245   -0.259245   -0.259245   -0.259244   -0.222637   -0.222577   -0.222518   -0.222458   -0.222161   -0.221864   -0.221325   -0.220823   -0.217153   -0.213090   -0.209165   -0.205381   -0.192866   -0.188941   -0.185174   -0.181545   -0.178061   -0.163966   -0.160668   -0.159325
   -0.288585   -0.288585   -0.288585   -0.288585   -0.288584   -0.288584   -0.288584   -0.288583   -0.288583   -0.288583   -0.259256   -0.259256   -0.259256   -0.259255   -0.259255   -0.259255   -0.259254   -0.222648   -0.222589   -0.222529   -0.222470   -0.222173   -0.221876   -0.221337   -0.220835   -0.217166   -0.213103   -0.209179   -0.205395   -0.192881   -0.188957   -0.185191   -0.181562   -0.178079   -0.163987   -0.160689   -0.159347
   -0.288595   -0.288595   -0.288595   -0.288594   -0.288594   -0.288594   -0.288593   -0.288593   -0.288593   -0.288592   -0.259267   -0.259267   -0.259266   -0.259266   -0.259266   -0.259265   -0.259265   -0.222661   -0.222602   -0.222542   -0.222482   -0.222185   -0.221889   -0.221350   -0.220849   -0.217179   -0.213117   -0.209194   -0.205411   -0.192898   -0.188975   -0.185209   -0.181581   -0.178099   -0.164009   -0.160712   -0.159371
   -0.288605   -0.288605   -0.288605   -0.288605   -0.288604   -0.288604   -0.288604   -0.288603   -0.288603   -0.288603   -0.259279   -0.259278   -0.259278   -0.259278   -0.259277   -0.259277   -0.259277   -0.222675   -0.222615   -0.222556   -0.222496   -0.222199   -0.221903   -0.221365   -0.220863   -0.217194   -0.213133   -0.209210   -0.205428   -0.192916   -0.188994   -0.185229   -0.181602   -0.178121   -0.164032   -0.160737   -0.159396
   -0.288616   -0.288616   -0.288616   -0.288616   -0.288615   -0.288615   -0.288615   -0.288614   -0.288614   -0.288614   -0.259291   -0.259291   -0.259291   -0.259290   -0.259290   -0.259290   -0.259289   -0.222689   -0.222630   -0.222570   -0.222511   -0.222214   -0.221918   -0.221380   -0.220879   -0.217211   -0.213150   -0.209228   -0.205446   -0.192936   -0.189014   -0.185250   -0.181624   -0.178143   -0.164058   -0.160763   -0.159423
   -0.288628   -0.288628   -0.288628   -0.288627   -0.288627   -0.288627   -0.288626   -0.288626   -0.288626   -0.288626   -0.259304   -0.259304   -0.259304   -0.259303   -0.259303   -0.259303   -0.259302   -0.222704   -0.222645   -0.222586   -0.222526   -0.222229   -0.221934   -0.221396   -0.220895   -0.217228   -0.213167   -0.209246   -0.205465   -0.192956   -0.189036   -0.185272   -0.181647   -0.178167   -0.164084   -0.160791   -0.159451
   -0.288640   -0.288640   -0.288640   -0.288640   -0.288640   -0.288639   -0.288639   -0.288639   -0.288638   -0.288638   -0.259318   -0.259318   -0.259318   -0.259317   -0.259317   -0.259317   -0.259316   -0.222721   -0.222661   -0.222602   -0.222543   -0.222246   -0.221950   -0.221413   -0.220913   -0.217246   -0.213186   -0.209265   -0.205485   -0.192978   -0.189059   -0.185296   -0.181672   -0.178193   -0.164113   -0.160821   -0.159483
   -0.288654   -0.288654   -0.288654   -0.288654   -0.288654   -0.288653   -0.288653   -0.288653   -0.288652   -0.288652   -0.259334   -0.259334   -0.259333   -0.259333   -0.259333   -0.259332   -0.259332   -0.222739   -0.222680   -0.222620   -0.222561   -0.222265   -0.221969   -0.221432   -0.220932   -0.217266   -0.213207   -0.209287   -0.205508   -0.193003   -0.189084   -0.185323   -0.181700   -0.178222   -0.164145   -0.160854   -0.159517
   -0.288669   -0.288669   -0.288669   -0.288669   -0.288669   -0.288668   -0.288668   -0.288668   -0.288668   -0.288667   -0.259351   -0.259350   -0.259350   -0.259350   -0.259350   -0.259349   -0.259349   -0.222759   -0.222700   -0.222640   -0.222581   -0.222285   -0.221989   -0.221453   -0.220953   -0.217288   -0.213230   -0.209311   -0.205532   -0.193030   -0.189112   -0.185351   -0.181729   -0.178253   -0.164179   -0.160890   -0.159553
   -0.288685   -0.288685   -0.288685   -0.288685   -0.288684   -0.288684   -0.288684   -0.288684   -0.288683   -0.288683   -0.259368   -0.259368   -0.259368   -0.259368   -0.259367   -0.259367   -0.259367   -0.222779   -0.222720   -0.222661   -0.222602   -0.222306   -0.222010   -0.221474   -0.220975   -0.217310   -0.213253   -0.209335   -0.205557   -0.193057   -0.189140   -0.185380   -0.181759   -0.178284   -0.164213   -0.160925   -0.159590
   -0.288700   -0.288700   -0.288700   -0.288700   -0.288700   -0.288699   -0.288699   -0.288699   -0.288699   -0.288699   -0.259385   -0.259385   -0.259385   -0.259385   -0.259384   -0.259384   -0.259384   -0.222799   -0.222740   -0.222681   -0.222622   -0.222326   -0.222031   -0.221495   -0.220996   -0.217332   -0.213276   -0.209358   -0.205581   -0.193082   -0.189167   -0.185408   -0.181788   -0.178314   -0.164246   -0.160959   -0.159625
   -0.288715   -0.288715   -0.288715   -0.288715   -0.288715   -0.288714   -0.288714   -0.288714   -0.288714   -0.288714   -0.259402   -0.259402   -0.259402   -0.259401   -0.259401   -0.259401   -0.259401   -0.222819   -0.222760   -0.222701   -0.222641   -0.222346   -0.222051   -0.221515   -0.221017   -0.217354   -0.213298   -0.209381   -0.205605   -0.193108   -0.189193   -0.185436   -0.181817   -0.178344   -0.164279   -0.160993   -0.159660
   -0.288731   -0.288730   -0.288730   -0.288730   -0.288730   -0.288730   -0.288729   -0.288729   -0.288729   -0.288729   -0.259419   -0.259419   -0.259419   -0.259419   -0.259418   -0.259418   -0.259418   -0.222839   -0.222780   -0.222721   -0.222661   -0.222366   -0.222071   -0.221536   -0.221038   -0.217375   -0.213321   -0.209405   -0.205629   -0.193135   -0.189221   -0.185464   -0.181846   -0.178374   -0.164313   -0.161028   -0.159696
   -0.288746   -0.288746   -0.288746   -0.288746   -0.288745   -0.288745   -0.288745   -0.288745   -0.288745   -0.288744   -0.259436   -0.259436   -0.259436   -0.259436   -0.259436   -0.259435   -0.259435   -0.222859   -0.222800   -0.222741   -0.222682   -0.222386   -0.222092   -0.221557   -0.221060   -0.217398   -0.213344   -0.209428   -0.205654   -0.193161   -0.189248   -0.185493   -0.181876   -0.178405   -0.164347   -0.161063   -0.159732
   -0.288761   -0.288761   -0.288761   -0.288761   -0.288761   -0.288761   -0.288760   -0.288760   -0.288760   -0.288760   -0.259454   -0.259454   -0.259453   -0.259453   -0.259453   -0.259453   -0.259453   -0.222879   -0.222820   -0.222761   -0.222702   -0.222407   -0.222113   -0.221578   -0.221081   -0.217420   -0.213367   -0.209452   -0.205678   -0.193188   -0.189276   -0.185521   -0.181906   -0.178436   -0.164381   -0.161099   -0.159768
   -0.288777   -0.288777   -0.288777   -0.288777   -0.288776   -0.288776   -0.288776   -0.288776   -0.288776   -0.288776   -0.259471   -0.259471   -0.259471   -0.259471   -0.259470   -0.259470   -0.259470   -0.222900   -0.222841   -0.222782   -0.222722   -0.222428   -0.222133   -0.221600   -0.221103   -0.217442   -0.213389   -0.209476   -0.205703   -0.193214   -0.189303   -0.185550   -0.181935   -0.178466   -0.164415   -0.161134   -0.159804
   -0.288792   -0.288792   -0.288792   -0.288792   -0.288792   -0.288792   -0.288791   -0.288791   -0.288791   -0.288791   -0.259488   -0.259488   -0.259488   -0.259488   -0.259488   -0.259487   -0.259487   -0.222920   -0.222861   -0.222802   -0.222743   -0.222448   -0.222154   -0.221620   -0.221124   -0.217464   -0.213412   -0.209499   -0.205727   -0.193241   -0.189331   -0.185578   -0.181964   -0.178497   -0.164448   -0.161168   -0.159839
   -0.288808   -0.288807   -0.288807   -0.288807   -0.288807   -0.288807   -0.288807   -0.288807   -0.288806   -0.288806   -0.259505   -0.259505   -0.259505   -0.259505   -0.259505   -0.259505   -0.259504   -0.222940   -0.222881   -0.222822   -0.222763   -0.222468   -0.222174   -0.221641   -0.221145   -0.217486   -0.213435   -0.209523   -0.205751   -0.193267   -0.189358   -0.185606   -0.181993   -0.178527   -0.164481   -0.161203   -0.159874
   -0.288822   -0.288822   -0.288822   -0.288822   -0.288822   -0.288822   -0.288822   -0.288822   -0.288821   -0.288821   -0.259522   -0.259522   -0.259522   -0.259522   -0.259521   -0.259521   -0.259521   -0.222959   -0.222900   -0.222841   -0.222782   -0.222488   -0.222194   -0.221661   -0.221166   -0.217507   -0.213457   -0.209546   -0.205775   -0.193292   -0.189384   -0.185633   -0.182022   -0.178556   -0.164513   -0.161236   -0.159909
   -0.288837   -0.288837   -0.288837   -0.288837   -0.288837   -0.288837   -0.288836   -0.288836   -0.288836   -0.288836   -0.259539   -0.259538   -0.259538   -0.259538   -0.259538   -0.259538   -0.259538   -0.222978   -0.222920   -0.222861   -0.222802   -0.222507   -0.222214   -0.221681   -0.221186   -0.217528   -0.213478   -0.209568   -0.205798   -0.193317   -0.189410   -0.185660   -0.182050   -0.178585   -0.164545   -0.161269   -0.159942
   -0.288851   -0.288851   -0.288851   -0.288851   -0.288851   -0.288851   -0.288851   -0.288851   -0.288851   -0.288850   -0.259555   -0.259554   -0.259554   -0.259554   -0.259554   -0.259554   -0.259554   -0.222997   -0.222938   -0.222879   -0.222820   -0.222526   -0.222233   -0.221701   -0.221206   -0.217548   -0.213500   -0.209590   -0.205821   -0.193342   -0.189435   -0.185686   -0.182077   -0.178613   -0.164576   -0.161301   -0.159975
   -0.288865   -0.288865   -0.288865   -0.288865   -0.288865   -0.288865   -0.288865   -0.288864   -0.288864   -0.288864   -0.259570   -0.259570   -0.259570   -0.259570   -0.259569   -0.259569   -0.259569   -0.223015   -0.222956   -0.222897   -0.222839   -0.222545   -0.222252   -0.221720   -0.221225   -0.217568   -0.213520   -0.209611   -0.205842   -0.193365   -0.189460   -0.185712   -0.182103   -0.178640   -0.164606   -0.161332   -0.160007
   -0.288878   -0.288878   -0.288878   -0.288878   -0.288878   -0.288878   -0.288878   -0.288878   -0.288878   -0.288878   -0.259585   -0.259585   -0.259585   -0.259584   -0.259584   -0.259584   -0.259584   -0.223032   -0.222974   -0.222915   -0.222856   -0.222562   -0.222269   -0.221738   -0.221243   -0.217587   -0.213539   -0.209631   -0.205863   -0.193388   -0.189483   -0.185736   -0.182128   -0.178666   -0.164634   -0.161361   -0.160037
   -0.288891   -0.288891   -0.288891   -0.288891   -0.288891   -0.288891   -0.288891   -0.288891   -0.288891   -0.288891   -0.259599   -0.259599   -0.259599   -0.259599   -0.259599   -0.259599   -0.259599   -0.223049   -0.222991   -0.222932   -0.222873   -0.222579   -0.222287   -0.221755   -0.221261   -0.217606   -0.213559   -0.209651   -0.205884   -0.193410   -0.189506   -0.185760   -0.182152   -0.178691   -0.164663   -0.161391   -0.160067
   -0.288904   -0.288904   -0.288904   -0.288904   -0.288904   -0.288904   -0.288904   -0.288903   -0.288903   -0.288903   -0.259613   -0.259613   -0.259613   -0.259613   -0.259613   -0.259613   -0.259613   -0.223066   -0.223007   -0.222948   -0.222890   -0.222596   -0.222303   -0.221772   -0.221279   -0.217623   -0.213577   -0.209670   -0.205903   -0.193431   -0.189528   -0.185782   -0.182176   -0.178716   -0.164689   -0.161419   -0.160095
   -0.288916   -0.288916   -0.288916   -0.288916   -0.288916   -0.288916   -0.288915   -0.288915   -0.288915   -0.288915   -0.259627   -0.259627   -0.259626   -0.259626   -0.259626   -0.259626   -0.259626   -0.223081   -0.223023   -0.222964   -0.222905   -0.222612   -0.222319   -0.221789   -0.221295   -0.217640   -0.213595   -0.209688   -0.205922   -0.193451   -0.189549   -0.185804   -0.182199   -0.178739   -0.164715   -0.161445   -0.160122
   -0.288927   -0.288927   -0.288927   -0.288927   -0.288927   -0.288927   -0.288927   -0.288927   -0.288927   -0.288927   -0.259639   -0.259639   -0.259639   -0.259639   -0.259639   -0.259639   -0.259639   -0.223096   -0.223037   -0.222979   -0.222920   -0.222627   -0.222334   -0.221804   -0.221310   -0.217656   -0.213611   -0.209705   -0.205940   -0.193470   -0.189569   -0.185825   -0.182220   -0.178761   -0.164739   -0.161470   -0.160148
   -0.288938   -0.288938   -0.288938   -0.288938   -0.288938   -0.288937   -0.288937   -0.288937   -0.288937   -0.288937   -0.259651   -0.259651   -0.259651   -0.259651   -0.259651   -0.259651   -0.259651   -0.223110   -0.223051   -0.222993   -0.222934   -0.222641   -0.222349   -0.221818   -0.221325   -0.217672   -0.213627   -0.209721   -0.205957   -0.193489   -0.189588   -0.185844   -0.182240   -0.178782   -0.164762   -0.161494   -0.160172
   -0.288948   -0.288948   -0.288948   -0.288948   -0.288948   -0.288948   -0.288947   -0.288947   -0.288947   -0.288947   -0.259662   -0.259662   -0.259662   -0.259662   -0.259662   -0.259662   -0.259662   -0.223123   -0.223065   -0.223006   -0.222947   -0.222654   -0.222362   -0.221832   -0.221339   -0.217686   -0.213642   -0.209737   -0.205972   -0.193506   -0.189605   -0.185862   -0.182259   -0.178801   -0.164784   -0.161516   -0.160195
   -0.288957   -0.288957   -0.288957   -0.288957   -0.288957   -0.288957   -0.288957   -0.288957   -0.288957   -0.288957   -0.259673   -0.259673   -0.259673   -0.259673   -0.259673   -0.259673   -0.259673   -0.223136   -0.223077   -0.223018   -0.222960   -0.222667   -0.222375   -0.221845   -0.221352   -0.217699   -0.213656   -0.209751   -0.205987   -0.193522   -0.189622   -0.185880   -0.182277   -0.178820   -0.164804   -0.161537   -0.160217
   -0.288966   -0.288966   -0.288966   -0.288966   -0.288966   -0.288966   -0.288966   -0.288966   -0.288966   -0.288966   -0.259683   -0.259683   -0.259683   -0.259683   -0.259683   -0.259683   -0.259683   -0.223147   -0.223088   -0.223030   -0.222971   -0.222678   -0.222386   -0.221857   -0.221364   -0.217712   -0.213669   -0.209764   -0.206001   -0.193537   -0.189637   -0.185896   -0.182293   -0.178837   -0.164823   -0.161557   -0.160237
   -0.288974   -0.288974   -0.288974   -0.288974   -0.288974   -0.288974   -0.288974   -0.288974   -0.288974   -0.288974   -0.259692   -0.259692   -0.259692   -0.259692   -0.259692   -0.259692   -0.259692   -0.223158   -0.223099   -0.223040   -0.222982   -0.222689   -0.222397   -0.221868   -0.221375   -0.217723   -0.213681   -0.209777   -0.206014   -0.193550   -0.189652   -0.185910   -0.182308   -0.178853   -0.164840   -0.161575   -0.160255
   -0.288982   -0.288981   -0.288982   -0.288981   -0.288981   -0.288981   -0.288981   -0.288981   -0.288981   -0.288981   -0.259700   -0.259700   -0.259700   -0.259700   -0.259700   -0.259700   -0.259700   -0.223167   -0.223109   -0.223050   -0.222992   -0.222699   -0.222407   -0.221878   -0.221386   -0.217734   -0.213692   -0.209788   -0.206026   -0.193563   -0.189665   -0.185924   -0.182322   -0.178867   -0.164856   -0.161591   -0.160272
   -0.288988   -0.288988   -0.288988   -0.288988   -0.288988   -0.288988   -0.288988   -0.288988   -0.288988   -0.288988   -0.259708   -0.259708   -0.259708   -0.259708   -0.259708   -0.259708   -0.259708   -0.223176   -0.223118   -0.223059   -0.223000   -0.222708   -0.222416   -0.221887   -0.221395   -0.217744   -0.213701   -0.209798   -0.206036   -0.193574   -0.189677   -0.185936   -0.182335   -0.178880   -0.164871   -0.161606   -0.160287
   -0.288994   -0.288994   -0.288994   -0.288994   -0.288994   -0.288994   -0.288994   -0.288994   -0.288994   -0.288994   -0.259715   -0.259714   -0.259714   -0.259714   -0.259714   -0.259714   -0.259714   -0.223184   -0.223126   -0.223067   -0.223008   -0.222716   -0.222424   -0.221895   -0.221403   -0.217752   -0.213710   -0.209808   -0.206046   -0.193585   -0.189687   -0.185947   -0.182347   -0.178892   -0.164884   -0.161620   -0.160301
   -0.289000   -0.289000   -0.289000   -0.289000   -0.289000   -0.289000   -0.289000   -0.289000   -0.289000   -0.289000   -0.259721   -0.259721   -0.259721   -0.259720   -0.259720   -0.259720   -0.259720   -0.223191   -0.223133   -0.223074   -0.223015   -0.222723   -0.222431   -0.221903   -0.221411   -0.217760   -0.213718   -0.209816   -0.206054   -0.193594   -0.189697   -0.185957   -0.182357   -0.178903   -0.164895   -0.161631   -0.160313
   -0.289004   -0.289004   -0.289004   -0.289004   -0.289004   -0.289004   -0.289004   -0.289004   -0.289004   -0.289004   -0.259726   -0.259726   -0.259726   -0.259726   -0.259726   -0.259726   -0.259726   -0.223197   -0.223139   -0.223080   -0.223022   -0.222729   -0.222438   -0.221909   -0.221417   -0.217767   -0.213725   -0.209823   -0.206061   -0.193602   -0.189705   -0.185965   -0.182365   -0.178912   -0.164905   -0.161642   -0.160324
   -0.289008   -0.289008   -0.289008   -0.289008   -0.289008   -0.289008   -0.289008   -0.289008   -0.289008   -0.289008   -0.259730   -0.259730   -0.259730   -0.259730   -0.259730   -0.259730   -0.259730   -0.223202   -0.223144   -0.223085   -0.223027   -0.222734   -0.222443   -0.221914   -0.221423   -0.217772   -0.213731   -0.209829   -0.206068   -0.193608   -0.189712   -0.185973   -0.182373   -0.178919   -0.164914   -0.161651   -0.160333
   -0.289012   -0.289012   -0.289012   -0.289012   -0.289012   -0.289012   -0.289012   -0.289012   -0.289012   -0.289012   -0.259734   -0.259734   -0.259734   -0.259734   -0.259734   -0.259734   -0.259734   -0.223207   -0.223148   -0.223090   -0.223031   -0.222739   -0.222447   -0.221919   -0.221427   -0.217777   -0.213736   -0.209834   -0.206073   -0.193614   -0.189717   -0.185979   -0.182379   -0.178926   -0.164921   -0.161658   -0.160340
   -0.289014   -0.289014   -0.289014   -0.289014   -0.289014   -0.289014   -0.289014   -0.289014   -0.289014   -0.289014   -0.259737   -0.259737   -0.259737   -0.259737   -0.259737   -0.259737   -0.259737   -0.223210   -0.223151   -0.223093   -0.223034   -0.222742   -0.222451   -0.221922   -0.221431   -0.217780   -0.213739   -0.209838   -0.206077   -0.193618   -0.189722   -0.185983   -0.182384   -0.178931   -0.164926   -0.161663   -0.160346
   -0.289016   -0.289016   -0.289016   -0.289016   -0.289016   -0.289016   -0.289016   -0.289016   -0.289016   -0.289016   -0.259739   -0.259739   -0.259739   -0.259739   -0.259739   -0.259739   -0.259739   -0.223212   -0.223154   -0.223095   -0.223037   -0.222745   -0.222453   -0.221925   -0.221433   -0.217783   -0.213742   -0.209840   -0.206080   -0.193621   -0.189725   -0.185986   -0.182387   -0.178934   -0.164930   -0.161667   -0.160350
   -0.289017   -0.289017   -0.289017   -0.289017   -0.289017   -0.289017   -0.289017   -0.289017   -0.289017   -0.289017   -0.259740   -0.259740   -0.259740   -0.259740   -0.259740   -0.259740   -0.259740   -0.223214   -0.223155   -0.223097   -0.223038   -0.222746   -0.222455   -0.221926   -0.221435   -0.217784   -0.213744   -0.209842   -0.206081   -0.193623   -0.189727   -0.185988   -0.182389   -0.178936   -0.164932   -0.161670   -0.160352
   -0.289017   -0.289017   -0.289017   -0.289017   -0.289017   -0.289017   -0.289017   -0.289017   -0.289017   -0.289017   -0.259740   -0.259740   -0.259740   -0.259740   -0.259740   -0.259740   -0.259740   -0.223214   -0.223156   -0.223097   -0.223039   -0.222746   -0.222455   -0.221926   -0.221435   -0.217785   -0.213744   -0.209843   -0.206082   -0.193624   -0.189728   -0.185989   -0.182390   -0.178937   -0.164933   -0.161671   -0.160353
#
# ak135 travel-time table for SKPdf
#
