#
# ak135 travel-time table for SPn
#
# number of distance and depth samples
49 37
# delta samples
45.000 46.000 47.000 48.000 49.000 50.000 51.000 52.000 53.000 54.000 55.000 56.000 57.000 58.000 59.000 60.000 61.000 62.000 63.000 64.000 65.000 66.000 67.000 68.000 69.000 
70.000 71.000 72.000 73.000 74.000 75.000 76.000 77.000 78.000 79.000 80.000 81.000 82.000 83.000 84.000 85.000 86.000 87.000 88.000 89.000 90.000 91.000 92.000 93.000 
# depth samples
    0.000000    1.000000    2.500000    5.000000    7.500000   10.000000   12.500000   15.000000   17.500000   19.900000   20.000000   22.500000   25.000000   27.500000   30.000000   32.500000   34.900000   35.000000   40.000000   45.000000   50.000000   75.000000  100.000000  150.000000  200.000000  250.000000  300.000000  350.000000  400.000000  450.000000  500.000000  550.000000  600.000000  650.000000  700.000000  750.000000  800.000000
#
# travel times (rows - delta, columns - depth)
#
 -999.000000 -999.000000 -999.000000 -999.000000 -999.000000 -999.000000 -999.000000 -999.000000 -999.000000 -999.000000 -999.000000 -999.000000 -999.000000 -999.000000 -999.000000 -999.000000 -999.000000 -999.000000 -999.000000 -999.000000 -999.000000 -999.000000 -999.000000 -999.000000 -999.000000 -999.000000 -999.000000 -999.000000 -999.000000 -999.000000 -999.000000 -999.000000 -999.000000 -999.000000 -999.000000 -999.000000  788.107788
 -999.000000 -999.000000 -999.000000 -999.000000 -999.000000 -999.000000 -999.000000 -999.000000 -999.000000 -999.000000 -999.000000 -999.000000 -999.000000 -999.000000 -999.000000 -999.000000 -999.000000 -999.000000 -999.000000 -999.000000 -999.000000 -999.000000 -999.000000 -999.000000 -999.000000 -999.000000 -999.000000 -999.000000 -999.000000 -999.000000 -999.000000 -999.000000 -999.000000 -999.000000 -999.000000  805.745728  801.861755
 -999.000000 -999.000000 -999.000000 -999.000000 -999.000000 -999.000000 -999.000000 -999.000000 -999.000000 -999.000000 -999.000000 -999.000000 -999.000000 -999.000000 -999.000000 -999.000000 -999.000000 -999.000000 -999.000000 -999.000000 -999.000000 -999.000000 -999.000000 -999.000000 -999.000000 -999.000000 -999.000000 -999.000000 -999.000000 -999.000000 -999.000000 -999.000000 -999.000000 -999.000000  823.733582  819.499634  815.614380
 -999.000000 -999.000000 -999.000000 -999.000000 -999.000000 -999.000000 -999.000000 -999.000000 -999.000000 -999.000000 -999.000000 -999.000000 -999.000000 -999.000000 -999.000000 -999.000000 -999.000000 -999.000000 -999.000000 -999.000000 -999.000000 -999.000000 -999.000000 -999.000000 -999.000000 -999.000000 -999.000000 -999.000000 -999.000000 -999.000000 -999.000000 -999.000000  848.187744  842.309204  837.487366  833.252136  829.364563
 -999.000000 -999.000000 -999.000000 -999.000000 -999.000000 -999.000000 -999.000000 -999.000000 -999.000000 -999.000000 -999.000000 -999.000000 -999.000000 -999.000000 -999.000000 -999.000000 -999.000000 -999.000000 -999.000000 -999.000000 -999.000000 -999.000000 -999.000000 -999.000000 -999.000000 -999.000000 -999.000000 -999.000000 -999.000000 -999.000000 -999.000000  868.153381  861.941772  856.062683  851.239502  847.002014  843.111023
 -999.000000 -999.000000 -999.000000 -999.000000 -999.000000 -999.000000 -999.000000 -999.000000 -999.000000 -999.000000 -999.000000 -999.000000 -999.000000 -999.000000 -999.000000 -999.000000 -999.000000 -999.000000 -999.000000 -999.000000 -999.000000 -999.000000 -999.000000 -999.000000 -999.000000 -999.000000 -999.000000 -999.000000  902.622559  895.316040  888.447937  881.906982  875.694519  869.814148  864.988892  860.748230  856.852844
 -999.000000 -999.000000 -999.000000 -999.000000 -999.000000 -999.000000 -999.000000 -999.000000 -999.000000 -999.000000 -999.000000 -999.000000 -999.000000 -999.000000 -999.000000 -999.000000 -999.000000 -999.000000 -999.000000 -999.000000 -999.000000 -999.000000 -999.000000 -999.000000 -999.000000 -999.000000  932.779480  924.433838  916.376526  909.069580  902.200806  895.658813  889.444885  883.562561  878.734375  874.489624  870.588867
 -999.000000 -999.000000 -999.000000 -999.000000 -999.000000 -999.000000 -999.000000 -999.000000 -999.000000 -999.000000 -999.000000 -999.000000 -999.000000 -999.000000 -999.000000 -999.000000 -999.000000 -999.000000 -999.000000 -999.000000 -999.000000 -999.000000 -999.000000  973.175842  964.097656  955.170166  946.533264  938.187195  930.129211  922.821350  915.951294  909.407654  903.191711  897.306763  892.474854  888.225159  884.318115
 1016.707703 1016.446472 1016.054688 1015.401733 1014.748840 1014.096069 1013.443298 1012.790588 1012.137939 1011.511414 1011.485352 1010.914917 1010.344543 1009.774231 1009.203979 1008.633850 1008.086548 1008.063843 1007.137329 1006.211609 1005.286560 1000.671570  996.073853  986.929626  977.851074  968.923035  960.285461  951.938477  943.879395  936.570129  929.698242  923.152405  916.933838  911.045715  906.209290  901.953796  898.039612
 1030.461304 1030.200195 1029.808350 1029.155396 1028.502441 1027.849609 1027.196899 1026.544189 1025.891479 1025.265015 1025.238892 1024.668457 1024.098022 1023.527771 1022.957520 1022.387329 1021.840027 1021.817322 1020.890808 1019.965027 1019.039917 1014.424683 1009.826721 1000.681824  991.602539  982.673584  974.034912  965.686646  957.626038  950.314819  943.440613  936.892029  930.670227  924.778320  919.936707  915.674622  911.752380
 1044.213257 1043.952026 1043.560303 1042.907227 1042.254395 1041.601562 1040.948730 1040.295898 1039.643311 1039.016724 1038.990723 1038.420166 1037.849731 1037.279419 1036.709106 1036.138916 1035.591553 1035.568848 1034.642212 1033.716431 1032.791260 1028.175659 1023.577209 1014.431335 1005.350891  996.420654  987.780518  979.430481  971.367920  964.054260  957.177307  950.625488  944.399841  938.503601  933.656128  929.386597  925.455383
 1057.962402 1057.701172 1057.309326 1056.656250 1056.003296 1055.350464 1054.697632 1054.044800 1053.392090 1052.765503 1052.739380 1052.168823 1051.598389 1051.028076 1050.457764 1049.887451 1049.340088 1049.317383 1048.390625 1047.464722 1046.539429 1041.923218 1037.324097 1028.176880 1019.094971 1010.163086 1001.521057  993.168945  985.104004  977.787537  970.907227  964.351685  958.121765  952.220581  947.366455  943.088806  939.147827
 1071.707397 1071.446167 1071.054321 1070.401245 1069.748169 1069.095215 1068.442383 1067.789551 1067.136719 1066.510132 1066.484131 1065.913452 1065.343018 1064.772461 1064.202148 1063.631836 1063.084351 1063.061646 1062.134766 1061.208740 1060.283325 1055.666260 1051.066406 1041.917603 1032.833740 1023.899902 1015.255615 1006.901001  998.833313  991.513550  984.629517  978.069641  971.834900  965.928223  961.066833  956.780212  952.828674
 1085.447388 1085.186035 1084.794189 1084.140991 1083.487915 1082.834961 1082.182007 1081.529053 1080.876221 1080.249634 1080.223511 1079.652832 1079.082275 1078.511719 1077.941284 1077.370972 1076.823364 1076.800659 1075.873657 1074.947388 1074.021729 1069.403931 1064.803101 1055.652100 1046.566162 1037.630005 1028.983154 1020.625610 1012.554749 1005.231262  998.343018  991.778442  985.538330  979.625610  974.756226  970.459961  966.497314
 1099.181152 1098.919800 1098.527832 1097.874634 1097.221558 1096.568481 1095.915405 1095.262451 1094.609497 1093.982788 1093.956787 1093.385986 1092.815308 1092.244751 1091.674194 1091.103760 1090.556152 1090.533447 1089.606201 1088.679688 1087.753784 1083.134888 1078.532959 1069.379639 1060.291260 1051.352295 1042.702515 1034.341797 1026.267456 1018.939758 1012.046814 1005.476990  999.231018  993.311707  988.433838  984.127380  980.153015
 1112.907715 1112.646362 1112.254395 1111.601074 1110.947876 1110.294678 1109.641602 1108.988525 1108.335571 1107.708740 1107.682617 1107.111816 1106.541016 1105.970337 1105.399658 1104.829102 1104.281494 1104.258667 1103.331299 1102.404541 1101.478394 1096.858276 1092.255127 1083.099121 1074.007935 1065.065918 1056.412842 1048.048584 1039.970215 1032.638062 1025.739990 1019.164429 1012.912109 1006.985779 1002.098877  997.781738  993.795227
 1126.626099 1126.364624 1125.972656 1125.319214 1124.665894 1124.012695 1123.359497 1122.706299 1122.053223 1121.426392 1121.400269 1120.829346 1120.258423 1119.687622 1119.116943 1118.546265 1117.998413 1117.975708 1117.047974 1116.120972 1115.194580 1110.572998 1105.968384 1096.809570 1087.715210 1078.769775 1070.113159 1061.744873 1053.662231 1046.325073 1039.421387 1032.839844 1026.580811 1020.647156 1015.750793 1011.422546 1007.423401
 1140.335205 1140.073730 1139.681641 1139.028198 1138.374756 1137.721436 1137.068115 1136.414917 1135.761719 1135.134644 1135.108643 1134.537476 1133.966553 1133.395630 1132.824707 1132.253906 1131.706055 1131.683350 1130.755249 1129.828003 1128.901367 1124.278198 1119.671997 1110.509888 1101.411987 1092.463013 1083.802368 1075.429810 1067.342529 1060.000122 1053.090576 1046.502563 1040.236572 1034.295166 1029.389038 1025.049194 1021.036499
 1154.034180 1153.772705 1153.380493 1152.726929 1152.073364 1151.419922 1150.766479 1150.113159 1149.459839 1148.832764 1148.806641 1148.235352 1147.664307 1147.093262 1146.522217 1145.951294 1145.403320 1145.380493 1144.452148 1143.524536 1142.597534 1137.972778 1133.364868 1124.199097 1115.097534 1106.144531 1097.479614 1089.102539 1081.010498 1073.662354 1066.746704 1060.151978 1053.878662 1047.929199 1043.012817 1038.660522 1034.489990
 1167.721924 1167.460449 1167.068115 1166.414429 1165.760742 1165.107178 1164.453613 1163.800171 1163.146729 1162.519531 1162.493408 1161.921997 1161.350708 1160.779541 1160.208374 1159.637329 1159.089233 1159.066406 1158.137695 1157.209717 1156.282349 1151.655762 1147.046021 1137.876465 1128.770874 1119.813721 1111.144287 1102.762451 1094.665161 1087.311279 1080.389160 1073.787476 1067.506470 1061.548584 1056.620972 1052.073486 1047.790649
 1181.397583 1181.136108 1180.743774 1180.089844 1179.436035 1178.782349 1178.128662 1177.475098 1176.821533 1176.194092 1176.168091 1175.596558 1175.025146 1174.453735 1173.882446 1173.311279 1172.762939 1172.740234 1171.811035 1170.882690 1169.954956 1165.326416 1160.714722 1151.541138 1142.431396 1133.469849 1124.795776 1116.408813 1108.306274 1100.946167 1094.017456 1087.408325 1081.119141 1075.086670 1069.969238 1065.361816 1061.026855
 1195.060547 1194.798950 1194.406494 1193.752563 1193.098633 1192.444824 1191.791016 1191.137207 1190.483521 1189.855957 1189.829834 1189.258179 1188.686646 1188.115112 1187.543701 1186.972290 1186.423828 1186.401123 1185.471558 1184.542847 1183.614624 1178.984131 1174.370361 1165.192505 1156.078369 1147.112183 1138.433228 1130.041138 1121.932983 1114.566406 1107.630371 1100.965698 1094.535522 1088.402710 1083.240601 1078.585327 1074.200684
 1208.710083 1208.448486 1208.055908 1207.401855 1206.747803 1206.093750 1205.439819 1204.785889 1204.132080 1203.504395 1203.478271 1202.906494 1202.334717 1201.763062 1201.191406 1200.619873 1200.071167 1200.048462 1199.118530 1198.189331 1197.260864 1192.628174 1188.012207 1178.829956 1169.711182 1160.740356 1152.056152 1143.658569 1135.544189 1128.108276 1121.046997 1114.284912 1107.819946 1101.651123 1096.447021 1091.745850 1087.309692
 1222.345703 1222.083984 1221.691406 1221.037109 1220.382812 1219.728638 1219.074585 1218.420532 1217.766479 1217.138672 1217.112671 1216.540649 1215.968628 1215.396851 1214.825073 1214.253296 1213.704468 1213.681763 1212.751343 1211.821777 1210.892822 1206.257935 1201.639771 1192.452881 1183.329224 1174.353027 1165.639160 1157.146118 1148.924194 1141.421753 1134.329590 1127.535645 1121.037842 1114.834961 1109.589233 1104.838989 1100.345703
 1235.966553 1235.704712 1235.312012 1234.657593 1234.003174 1233.348877 1232.694580 1232.040405 1231.386230 1230.758301 1230.732178 1230.159912 1229.587891 1229.015869 1228.443848 1227.871948 1227.322876 1227.300171 1226.369385 1225.439209 1224.509766 1219.872559 1215.251953 1206.031006 1196.823364 1187.754761 1178.962158 1170.444214 1162.196777 1154.666504 1147.545166 1140.721069 1134.191040 1127.952515 1122.661133 1117.855835 1113.298950
 1249.505615 1249.242676 1248.848267 1248.191040 1247.533936 1246.876709 1246.219604 1245.562622 1244.905640 1244.274902 1244.248657 1243.673218 1243.097900 1242.522461 1241.947266 1241.372070 1240.819824 1240.796997 1239.857910 1238.919556 1237.981812 1233.302002 1228.637085 1219.351318 1210.121582 1201.030762 1192.215332 1183.673950 1175.402222 1167.845459 1160.695435 1153.839600 1147.274170 1140.995605 1135.652710 1130.786865 1126.166504
 1262.814209 1262.551025 1262.156250 1261.498169 1260.840332 1260.182373 1259.524536 1258.866821 1258.209106 1257.577637 1257.551392 1256.975098 1256.398926 1255.822754 1255.246582 1254.670532 1254.117554 1254.094604 1253.153564 1252.213135 1251.273315 1246.583130 1241.907959 1232.601562 1223.351074 1214.239136 1205.401978 1196.837646 1188.541504 1180.956299 1173.774292 1166.882935 1160.277222 1153.953491 1148.555786 1143.631714 1138.952148
 1276.052856 1275.789307 1275.394165 1274.735474 1274.076782 1273.418213 1272.759766 1272.101318 1271.442871 1270.810791 1270.784424 1270.207397 1269.630371 1269.053345 1268.476440 1267.899658 1267.345947 1267.322876 1266.379883 1265.437500 1264.495850 1259.795898 1255.110840 1245.784668 1236.513916 1227.380859 1218.520508 1209.931030 1201.607422 1193.989990 1186.771606 1179.839722 1173.190674 1166.822144 1161.373169 1156.394409 1151.659058
 1289.224365 1288.960571 1288.564941 1287.905640 1287.246338 1286.587036 1285.927856 1285.268677 1284.609619 1283.976929 1283.950562 1283.372681 1282.794922 1282.217163 1281.639404 1281.061768 1280.507324 1280.484253 1279.539307 1278.595093 1277.651367 1272.941528 1268.246338 1258.899048 1249.605835 1240.448730 1231.562134 1222.943970 1214.588745 1206.935181 1199.677979 1192.706299 1186.016357 1179.605957 1174.108521 1169.078247 1164.289551
 1302.325317 1302.061279 1301.665161 1301.005127 1300.344971 1299.684937 1299.025024 1298.365112 1297.705200 1297.071777 1297.045410 1296.466675 1295.887939 1295.309326 1294.730835 1294.152222 1293.596924 1293.573853 1292.626709 1291.680298 1290.734375 1286.013306 1281.306641 1271.935181 1262.616333 1253.431519 1244.515259 1235.865601 1227.478027 1219.789551 1212.495972 1205.486938 1198.758545 1192.308350 1186.765137 1181.685547 1176.846069
 1315.345337 1315.080933 1314.684326 1314.023315 1313.362427 1312.701538 1312.040649 1311.379883 1310.719116 1310.084839 1310.058472 1309.478638 1308.898926 1308.319336 1307.739746 1307.160156 1306.603882 1306.580811 1305.631104 1304.682129 1303.733643 1298.999756 1294.279907 1284.881104 1275.534302 1266.321167 1257.375977 1248.696899 1240.278931 1232.557739 1225.229980 1218.185425 1211.420410 1204.932373 1199.345215 1194.218384 1189.329468
 1328.272705 1328.007935 1327.610718 1326.948853 1326.286987 1325.625122 1324.963379 1324.301636 1323.639893 1323.004639 1322.978271 1322.397461 1321.816650 1321.235962 1320.655273 1320.074585 1319.517334 1319.494141 1318.541870 1317.590210 1316.639160 1311.892212 1307.159180 1297.734253 1288.361206 1279.121704 1270.149414 1261.442383 1252.995850 1245.243530 1237.883057 1230.804810 1224.004761 1217.480225 1211.850464 1206.677490 1201.740112
 1341.107544 1340.842407 1340.444702 1339.781860 1339.119141 1338.456421 1337.793823 1337.131104 1336.468506 1335.832520 1335.806030 1335.224243 1334.642456 1334.060669 1333.479004 1332.897461 1332.339111 1332.315918 1331.361206 1330.407227 1329.453613 1324.694458 1319.949097 1310.499512 1301.101929 1291.837280 1282.839355 1274.105713 1265.631958 1257.849731 1250.458008 1243.347168 1236.513062 1229.952881 1224.281494 1219.063232 1214.078125
 1353.854858 1353.589355 1353.191162 1352.527588 1351.864014 1351.200439 1350.536987 1349.873535 1349.210083 1348.573242 1348.546753 1347.963989 1347.381226 1346.798584 1346.215942 1345.633423 1345.074097 1345.050903 1344.093994 1343.137573 1342.181763 1337.410889 1332.653931 1323.181030 1313.759888 1304.471436 1295.448730 1286.689819 1278.189697 1270.378662 1262.956543 1255.813843 1248.946289 1242.350952 1236.638550 1231.375732 1226.343994
 1366.518555 1366.252686 1365.854004 1365.189575 1364.525269 1363.860962 1363.196655 1362.532349 1361.868164 1361.230591 1361.203979 1360.620361 1360.036743 1359.453125 1358.869629 1358.286133 1357.726074 1357.702759 1356.743530 1355.785034 1354.826904 1350.045044 1345.276978 1335.781738 1326.338013 1317.026611 1307.980103 1299.196411 1290.670532 1282.831299 1275.379150 1268.204956 1261.304443 1254.674561 1248.921875 1243.615356 1238.537720
 1379.101318 1378.835327 1378.436157 1377.770996 1377.105835 1376.440796 1375.775635 1375.110718 1374.445679 1373.807373 1373.780762 1373.196289 1372.611694 1372.027344 1371.442871 1370.858521 1370.297607 1370.274414 1369.312988 1368.352295 1367.392212 1362.599609 1357.820801 1348.303955 1338.838257 1329.504272 1320.434326 1311.626221 1303.075073 1295.207886 1287.726196 1280.520996 1273.588013 1266.924072 1261.131836 1255.782349 1250.659546
 1391.605469 1391.339111 1390.939575 1390.273682 1389.607788 1388.941895 1388.276123 1387.610352 1386.944702 1386.305542 1386.279053 1385.693604 1385.108276 1384.522949 1383.937744 1383.352539 1382.790771 1382.767456 1381.804077 1380.841309 1379.879028 1375.076050 1370.286743 1360.748413 1351.261108 1341.904907 1332.811768 1323.979736 1315.403442 1307.508789 1299.997925 1292.762207 1285.797241 1279.099731 1273.268555 1267.876587 1262.709229
 1404.031616 1403.764893 1403.364990 1402.698242 1402.031616 1401.365112 1400.698608 1400.032104 1399.365601 1398.725830 1398.699219 1398.112915 1397.526733 1396.940674 1396.354614 1395.768555 1395.205933 1395.182617 1394.217163 1393.252319 1392.288086 1387.474731 1382.675049 1373.115723 1363.606934 1354.228760 1345.112915 1336.257080 1327.656128 1319.734375 1312.194824 1304.928955 1297.932495 1291.201782 1285.331909 1279.897949 1274.686279
 1416.380005 1416.113037 1415.712646 1415.045288 1414.377930 1413.710571 1413.043335 1412.376099 1411.708984 1411.068481 1411.041870 1410.454712 1409.867798 1409.280762 1408.693848 1408.106934 1407.543579 1407.520264 1406.552734 1405.585938 1404.619629 1399.796143 1394.986084 1385.406006 1375.876099 1366.476318 1357.337891 1348.458618 1339.833374 1331.884888 1324.316895 1317.021240 1309.993408 1303.229736 1297.321411 1291.845825 1286.590576
 1428.651245 1428.383911 1427.983032 1427.314941 1426.646851 1425.978882 1425.310913 1424.642944 1423.975098 1423.333862 1423.307251 1422.719360 1422.131470 1421.543701 1420.955933 1420.368286 1419.804077 1419.780762 1418.811279 1417.842407 1416.874023 1412.040527 1407.220459 1397.619751 1388.068970 1378.647827 1369.487305 1360.584839 1351.935425 1343.960327 1336.364136 1329.038818 1321.979736 1315.183228 1309.237061 1303.720459 1298.422607
 1440.845337 1440.577881 1440.176514 1439.507690 1438.838989 1438.170288 1437.501587 1436.832886 1436.164307 1435.522461 1435.495728 1434.906982 1434.318359 1433.729858 1433.141235 1432.552734 1431.987793 1431.964355 1430.992920 1430.022095 1429.051880 1424.208374 1419.378296 1409.757324 1400.185913 1390.743530 1381.560791 1372.635376 1363.961792 1355.960327 1348.335938 1340.981079 1333.891113 1327.062378 1321.079102 1315.522583 1310.183228
 1452.962891 1452.695068 1452.293335 1451.623901 1450.954346 1450.284912 1449.615601 1448.946167 1448.276855 1447.634399 1447.607666 1447.018066 1446.428711 1445.839233 1445.249878 1444.660645 1444.094971 1444.071411 1443.098022 1442.125244 1441.153076 1436.299683 1431.459595 1421.818481 1412.226562 1402.762939 1393.558228 1384.609741 1375.912231 1367.884399 1360.232300 1352.848511 1345.728271 1338.868042 1332.848511 1327.253052 1321.872437
 1465.003540 1464.735352 1464.333252 1463.663086 1462.992920 1462.322754 1461.652588 1460.982544 1460.312500 1459.669312 1459.642578 1459.052246 1458.462036 1457.871826 1457.281738 1456.691528 1456.125122 1456.101562 1455.126221 1454.151489 1453.177246 1448.314087 1443.464111 1433.802856 1424.190430 1414.705811 1405.479126 1396.507935 1387.786865 1379.733276 1372.053955 1364.641846 1357.492188 1350.600952 1344.545532 1338.910522 1333.487305
 1476.966675 1476.698364 1476.295776 1475.624878 1474.953979 1474.283203 1473.612305 1472.941528 1472.270874 1471.626953 1471.600220 1471.009033 1470.418091 1469.827026 1469.236084 1468.645142 1468.077881 1468.054443 1467.077148 1466.100464 1465.124268 1460.251343 1455.391479 1445.710327 1436.077515 1426.572266 1417.324097 1408.330688 1399.586548 1391.507812 1383.801880 1376.361938 1369.182739 1362.260010 1356.167603 1350.491577 -999.000000
 1488.852539 1488.583862 1488.180908 1487.509277 1486.837769 1486.166260 1485.494751 1484.823242 1484.151855 1483.507324 1483.480469 1482.888672 1482.296753 1481.704956 1481.113281 1480.521606 1479.953613 1479.930054 1478.950806 1477.972290 1476.994141 1472.111572 1467.242065 1457.541382 1447.888794 1438.363281 1429.094238 1420.078979 1411.312256 1403.208374 1395.475586 1388.006958 1380.797119 1373.841797 -999.000000 -999.000000 -999.000000
 1500.661987 1500.393066 1499.989624 1499.317383 1498.645142 1497.972900 1497.300781 1496.628662 1495.956543 1495.311401 1495.284546 1494.691895 1494.099243 1493.506714 1492.914185 1492.321777 1491.753052 1491.729370 1490.748291 1489.767944 1488.787964 1483.895996 1479.017090 1469.297241 1459.625244 1450.079712 1440.789673 1431.752319 1422.962158 1414.832275 1407.071655 1399.573120 -999.000000 -999.000000 -999.000000 -999.000000 -999.000000
 1512.395874 1512.126709 1511.722900 1511.050049 1510.377075 1509.704224 1509.031372 1508.358521 1507.685791 1507.040039 1507.013062 1506.419678 1505.826294 1505.233032 1504.639771 1504.046509 1503.477051 1503.453369 1502.470459 1501.488159 1500.506470 1495.605103 1490.716675 1480.977539 1471.285645 1461.719360 1452.407471 1443.347168 1434.532715 -999.000000 -999.000000 -999.000000 -999.000000 -999.000000 -999.000000 -999.000000 -999.000000
 1524.053101 1523.783569 1523.379395 1522.705811 1522.032227 1521.358643 1520.685181 1520.011597 1519.338135 1518.691650 1518.664795 1518.070557 1517.476440 1516.882324 1516.288208 1515.694214 1515.124023 1515.100342 1514.115479 1513.131348 1512.147583 1507.236572 1502.338379 1492.578979 1482.866333 -999.000000 -999.000000 -999.000000 -999.000000 -999.000000 -999.000000 -999.000000 -999.000000 -999.000000 -999.000000 -999.000000 -999.000000
 1535.629761 1535.359985 1534.955322 1534.281006 1533.606689 1532.932373 1532.258179 1531.583984 1530.909790 1530.262573 1530.235596 1529.640625 1529.045654 1528.450684 1527.855835 1527.260986 1526.689941 1526.666260 1525.679443 -999.000000 -999.000000 -999.000000 -999.000000 -999.000000 -999.000000 -999.000000 -999.000000 -999.000000 -999.000000 -999.000000 -999.000000 -999.000000 -999.000000 -999.000000 -999.000000 -999.000000 -999.000000
#
# dtdd (rows - delta, columns - depth)
#
 -999.000000 -999.000000 -999.000000 -999.000000 -999.000000 -999.000000 -999.000000 -999.000000 -999.000000 -999.000000 -999.000000 -999.000000 -999.000000 -999.000000 -999.000000 -999.000000 -999.000000 -999.000000 -999.000000 -999.000000 -999.000000 -999.000000 -999.000000 -999.000000 -999.000000 -999.000000 -999.000000 -999.000000 -999.000000 -999.000000 -999.000000 -999.000000 -999.000000 -999.000000 -999.000000 -999.000000   13.754230
 -999.000000 -999.000000 -999.000000 -999.000000 -999.000000 -999.000000 -999.000000 -999.000000 -999.000000 -999.000000 -999.000000 -999.000000 -999.000000 -999.000000 -999.000000 -999.000000 -999.000000 -999.000000 -999.000000 -999.000000 -999.000000 -999.000000 -999.000000 -999.000000 -999.000000 -999.000000 -999.000000 -999.000000 -999.000000 -999.000000 -999.000000 -999.000000 -999.000000 -999.000000 -999.000000   13.754217   13.753494
 -999.000000 -999.000000 -999.000000 -999.000000 -999.000000 -999.000000 -999.000000 -999.000000 -999.000000 -999.000000 -999.000000 -999.000000 -999.000000 -999.000000 -999.000000 -999.000000 -999.000000 -999.000000 -999.000000 -999.000000 -999.000000 -999.000000 -999.000000 -999.000000 -999.000000 -999.000000 -999.000000 -999.000000 -999.000000 -999.000000 -999.000000 -999.000000 -999.000000 -999.000000   13.754166   13.753395   13.751573
 -999.000000 -999.000000 -999.000000 -999.000000 -999.000000 -999.000000 -999.000000 -999.000000 -999.000000 -999.000000 -999.000000 -999.000000 -999.000000 -999.000000 -999.000000 -999.000000 -999.000000 -999.000000 -999.000000 -999.000000 -999.000000 -999.000000 -999.000000 -999.000000 -999.000000 -999.000000 -999.000000 -999.000000 -999.000000 -999.000000 -999.000000 -999.000000   13.754235   13.754007   13.753148   13.751389   13.748503
 -999.000000 -999.000000 -999.000000 -999.000000 -999.000000 -999.000000 -999.000000 -999.000000 -999.000000 -999.000000 -999.000000 -999.000000 -999.000000 -999.000000 -999.000000 -999.000000 -999.000000 -999.000000 -999.000000 -999.000000 -999.000000 -999.000000 -999.000000 -999.000000 -999.000000 -999.000000 -999.000000 -999.000000 -999.000000 -999.000000 -999.000000   13.754090   13.753590   13.752664   13.750950   13.748234   13.744323
 -999.000000 -999.000000 -999.000000 -999.000000 -999.000000 -999.000000 -999.000000 -999.000000 -999.000000 -999.000000 -999.000000 -999.000000 -999.000000 -999.000000 -999.000000 -999.000000 -999.000000 -999.000000 -999.000000 -999.000000 -999.000000 -999.000000 -999.000000 -999.000000 -999.000000 -999.000000 -999.000000 -999.000000   13.754232   13.754076   13.753647   13.752892   13.751751   13.750148   13.747608   13.743968   13.739076
 -999.000000 -999.000000 -999.000000 -999.000000 -999.000000 -999.000000 -999.000000 -999.000000 -999.000000 -999.000000 -999.000000 -999.000000 -999.000000 -999.000000 -999.000000 -999.000000 -999.000000 -999.000000 -999.000000 -999.000000 -999.000000 -999.000000 -999.000000 -999.000000 -999.000000 -999.000000   13.754176   13.753951   13.753535   13.752852   13.751862   13.750517   13.748755   13.746497   13.743159   13.738635   13.732800
 -999.000000 -999.000000 -999.000000 -999.000000 -999.000000 -999.000000 -999.000000 -999.000000 -999.000000 -999.000000 -999.000000 -999.000000 -999.000000 -999.000000 -999.000000 -999.000000 -999.000000 -999.000000 -999.000000 -999.000000 -999.000000 -999.000000 -999.000000   13.754180   13.753996   13.753673   13.753188   13.752521   13.751644   13.750451   13.748917   13.747001   13.744637   13.741749   13.737645   13.732270   13.725533
   13.754125   13.754123   13.754119   13.754113   13.754107   13.754102   13.754095   13.754088   13.754083   13.754076   13.754076   13.754067   13.754060   13.754052   13.754044   13.754035   13.754026   13.754026   13.754004   13.753981   13.753956   13.753815   13.753643   13.753204   13.752633   13.751912   13.751016   13.749919   13.748595   13.746906   13.744845   13.742378   13.739438   13.735942   13.731103   13.724910   13.717288
   13.753000   13.752993   13.752982   13.752963   13.752945   13.752926   13.752907   13.752888   13.752869   13.752850   13.752849   13.752827   13.752804   13.752781   13.752758   13.752735   13.752712   13.752711   13.752653   13.752593   13.752532   13.752209   13.751853   13.751043   13.750095   13.748990   13.747692   13.746179   13.744423   13.742256   13.739689   13.736691   13.733194   13.729114   13.723564   13.716566   13.708066
   13.750694   13.750682   13.750663   13.750632   13.750601   13.750570   13.750539   13.750506   13.750475   13.750444   13.750443   13.750406   13.750370   13.750333   13.750296   13.750257   13.750221   13.750220   13.750126   13.750031   13.749935   13.749434   13.748900   13.747730   13.746416   13.744937   13.743253   13.741338   13.739166   13.736540   13.733484   13.729975   13.725941   13.721292   13.715035   13.707239   13.697886
   13.747238   13.747221   13.747195   13.747152   13.747109   13.747066   13.747023   13.746979   13.746935   13.746893   13.746891   13.746840   13.746790   13.746738   13.746688   13.746636   13.746587   13.746585   13.746457   13.746327   13.746197   13.745524   13.744818   13.743299   13.741633   13.739795   13.737738   13.735435   13.732862   13.729791   13.726263   13.722258   13.717692   13.712473   13.705521   13.696947   13.686764
   13.742669   13.742647   13.742615   13.742559   13.742505   13.742450   13.742395   13.742340   13.742284   13.742230   13.742229   13.742165   13.742101   13.742036   13.741972   13.741907   13.741844   13.741842   13.741681   13.741519   13.741356   13.740518   13.739645   13.737789   13.735784   13.733598   13.731180   13.728504   13.725542   13.722040   13.718046   13.713541   13.708447   13.702669   13.695037   13.685710   13.674849
   13.737024   13.736998   13.736959   13.736893   13.736827   13.736760   13.736694   13.736628   13.736561   13.736497   13.736494   13.736417   13.736341   13.736263   13.736185   13.736108   13.736033   13.736030   13.735837   13.735643   13.735448   13.734450   13.733416   13.731236   13.728902   13.726380   13.723614   13.720572   13.717222   13.713285   13.708827   13.703833   13.698222   13.691897   13.683616   13.673691   13.662268
   13.730338   13.730308   13.730262   13.730185   13.730107   13.730031   13.729954   13.729876   13.729798   13.729724   13.729720   13.729631   13.729542   13.729452   13.729362   13.729272   13.729185   13.729181   13.728958   13.728734   13.728508   13.727355   13.726165   13.723671   13.721015   13.718160   13.715042   13.711632   13.707898   13.703535   13.698621   13.693148   13.687032   13.680218   13.671441   13.661006   13.649066
   13.722641   13.722606   13.722553   13.722466   13.722379   13.722291   13.722203   13.722115   13.722027   13.721942   13.721938   13.721837   13.721735   13.721633   13.721531   13.721428   13.721330   13.721326   13.721072   13.720817   13.720560   13.719254   13.717909   13.715097   13.712117   13.708931   13.705467   13.701696   13.697586   13.692805   13.687446   13.681534   13.675021   13.667825   13.658604   13.647697   13.635283
   13.713931   13.713892   13.713834   13.713736   13.713637   13.713539   13.713440   13.713342   13.713243   13.713147   13.713143   13.713029   13.712915   13.712801   13.712687   13.712572   13.712461   13.712457   13.712173   13.711887   13.711600   13.710141   13.708642   13.705518   13.702221   13.698709   13.694905   13.690781   13.686303   13.681147   13.675437   13.669187   13.662328   13.654778   13.645145   13.633804   13.620896
   13.704216   13.704172   13.704107   13.703999   13.703890   13.703781   13.703671   13.703563   13.703453   13.703347   13.703343   13.703218   13.703092   13.702965   13.702838   13.702711   13.702589   13.702584   13.702271   13.701956   13.701638   13.700029   13.698379   13.694948   13.691339   13.687508   13.683387   13.678963   13.674207   13.668755   13.662740   13.656177   13.648996   13.641117   13.631105   13.619259   13.605006
   13.693509   13.693461   13.693390   13.693272   13.693152   13.693033   13.692913   13.692794   13.692674   13.692558   13.692554   13.692416   13.692278   13.692140   13.692001   13.691863   13.691730   13.691724   13.691381   13.691036   13.690690   13.688933   13.687134   13.683418   13.679543   13.675465   13.671103   13.666430   13.661423   13.655698   13.649399   13.642544   13.635066   13.626882   13.616291   13.603084   13.334029
   13.681854   13.681803   13.681726   13.681599   13.681471   13.681343   13.681214   13.681086   13.680957   13.680833   13.680828   13.680680   13.680532   13.680385   13.680236   13.680088   13.679945   13.679939   13.679572   13.679203   13.678834   13.676962   13.675053   13.671118   13.667025   13.662727   13.658141   13.653239   13.647997   13.642018   13.635454   13.628328   13.620507   13.611589   13.599663   13.321869   13.267997
   13.669449   13.669394   13.669313   13.669179   13.669044   13.668908   13.668773   13.668636   13.668501   13.668370   13.668365   13.668209   13.668053   13.667896   13.667740   13.667583   13.667432   13.667425   13.667038   13.666650   13.666260   13.664287   13.662275   13.658137   13.653842   13.649340   13.644545   13.639429   13.633967   13.627752   13.620886   13.613157   13.604368   13.350928   13.304760   13.255501   13.204758
   13.656366   13.656310   13.656224   13.656083   13.655941   13.655799   13.655657   13.655514   13.655371   13.655234   13.655229   13.655065   13.654901   13.654737   13.654572   13.654408   13.654249   13.654243   13.653836   13.653429   13.653020   13.650952   13.648847   13.644520   13.640036   13.635343   13.630352   13.625037   13.619268   13.612483   13.604753   13.354677   13.318600   13.281631   13.238437   13.191896   13.142545
   13.642650   13.642591   13.642502   13.642354   13.642205   13.642057   13.641909   13.641760   13.641611   13.641467   13.641461   13.641291   13.641120   13.640948   13.640777   13.640605   13.640440   13.640433   13.640009   13.639584   13.639157   13.637001   13.634808   13.630304   13.625643   13.620711   13.615322   13.609406   13.602886   13.349075   13.317130   13.284373   13.250637   13.215751   13.174761   13.128113   13.073990
   13.628338   13.628277   13.628184   13.628030   13.627876   13.627722   13.627567   13.627413   13.627257   13.627109   13.627102   13.626925   13.626747   13.626569   13.626390   13.626212   13.626040   13.626034   13.625593   13.625151   13.624707   13.622445   13.620116   13.615243   13.610061   13.604486   13.359381   13.333489   13.307098   13.278480   13.248582   13.217674   13.185634   13.151794   13.108549   13.056678   12.996341
   13.613049   13.612980   13.612878   13.612707   13.612535   13.612363   13.612191   13.612019   13.611845   13.611679   13.611672   13.611473   13.611274   13.611074   13.610874   13.610674   13.610481   13.610473   13.609977   13.609478   13.608975   13.606419   13.603782   13.356924   13.334025   13.311008   13.287463   13.263322   13.238528   13.211476   13.183058   13.153065   13.119627   13.081973   13.033545   12.975292   12.909803
   13.344990   13.344684   13.344226   13.343462   13.342698   13.341934   13.341170   13.340407   13.339643   13.338910   13.338880   13.338008   13.337136   13.336265   13.335394   13.334522   13.333686   13.333652   13.331518   13.329385   13.327252   13.316594   13.305941   13.284626   13.263279   13.241673   13.219443   13.196536   13.172907   13.146183   13.116128   13.082585   13.044930   13.002369   12.947564   12.887159   12.825987
   13.272998   13.272713   13.272285   13.271572   13.270860   13.270146   13.269433   13.268720   13.268006   13.267322   13.267293   13.266479   13.265664   13.264849   13.264034   13.263219   13.262437   13.262404   13.260408   13.258412   13.256415   13.246415   13.236390   13.216255   13.195998   13.175414   13.153708   13.130060   13.104202   13.074076   13.040086   13.002004   12.959052   12.912590   12.859462   12.803231   12.745760
   13.204757   13.204486   13.204081   13.203403   13.202726   13.202048   13.201371   13.200693   13.200015   13.199364   13.199336   13.198563   13.197788   13.197013   13.196239   13.195463   13.194719   13.194688   13.192790   13.190891   13.188991   13.179465   13.169886   13.150002   13.128956   13.106436   13.081910   13.055102   13.025691   12.991300   12.952325   12.910964   12.868759   12.825539   12.775812   12.722826   12.668343
   13.137697   13.137414   13.136990   13.136280   13.135570   13.134857   13.134144   13.133429   13.132712   13.132023   13.131994   13.131173   13.130351   13.129526   13.128700   13.127872   13.127075   13.127042   13.125005   13.122956   13.120895   13.110416   13.099631   13.077090   13.053159   13.027467   12.999382   12.968551   12.935089   12.898881   12.861361   12.822886   12.783340   12.742594   12.695545   12.645193   12.593204
   13.062475   13.062153   13.061667   13.060859   13.060047   13.059234   13.058419   13.057603   13.056784   13.055997   13.055964   13.055027   13.054087   13.053145   13.052201   13.051254   13.050344   13.050306   13.047979   13.045638   13.043283   13.031293   13.018930   12.993013   12.965379   12.936054   12.906081   12.875521   12.844314   12.810552   12.775352   12.739060   12.701584   12.662815   12.617958   12.569816   12.519835
   12.975296   12.974921   12.974359   12.973419   12.972478   12.971534   12.970588   12.969639   12.968688   12.967773   12.967735   12.966646   12.965555   12.964460   12.963363   12.962263   12.961204   12.961160   12.958455   12.955733   12.953001   12.939362   12.925755   12.898616   12.871549   12.844274   12.816349   12.787723   12.758348   12.726444   12.693049   12.658499   12.622705   12.585572   12.542557   12.495926   12.446972
   12.880136   12.879772   12.879227   12.878318   12.877409   12.876500   12.875591   12.874682   12.873774   12.872901   12.872865   12.871829   12.870793   12.869758   12.868722   12.867686   12.866693   12.866651   12.864125   12.861601   12.859076   12.846446   12.833810   12.808502   12.783137   12.757466   12.731084   12.703943   12.676006   12.645585   12.613659   12.580544   12.546159   12.510201   12.468128   12.422368   12.374338
   12.790376   12.790035   12.789523   12.788671   12.787818   12.786964   12.786111   12.785257   12.784404   12.783584   12.783550   12.782578   12.781605   12.780632   12.779658   12.778686   12.777751   12.777712   12.775340   12.772967   12.770594   12.758707   12.746791   12.722864   12.698807   12.674389   12.649229   12.623284   12.596519   12.567327   12.536604   12.504448   12.470728   12.435339   12.393996   12.349063   12.301925
   12.704930   12.704606   12.704121   12.703310   12.702500   12.701690   12.700879   12.700068   12.699257   12.698478   12.698445   12.697521   12.696597   12.695673   12.694748   12.693823   12.692935   12.692898   12.690644   12.688390   12.686132   12.674826   12.663476   12.640646   12.617640   12.594242   12.570088   12.545135   12.519225   12.490728   12.460507   12.428837   12.395628   12.360781   12.320138   12.276014   12.229749
   12.622803   12.622493   12.622027   12.621252   12.620477   12.619700   12.618924   12.618147   12.617371   12.616624   12.616593   12.615708   12.614822   12.613937   12.613051   12.612165   12.611315   12.611279   12.609121   12.606962   12.604801   12.593965   12.583078   12.561152   12.539001   12.516315   12.492722   12.468173   12.442627   12.414540   12.384757   12.353549   12.320832   12.286516   12.246567   12.203226   12.157795
   12.543324   12.543025   12.542577   12.541828   12.541079   12.540329   12.539578   12.538828   12.538077   12.537355   12.537325   12.536469   12.535614   12.534757   12.533899   12.533042   12.532218   12.532184   12.530095   12.528003   12.525908   12.515379   12.504766   12.483279   12.461448   12.439070   12.415797   12.391582   12.366382   12.338685   12.309329   12.278579   12.246352   12.212556   12.173270   12.130666   12.085829
   12.465066   12.464770   12.464328   12.463589   12.462849   12.462109   12.461368   12.460627   12.459885   12.459172   12.459143   12.458298   12.457453   12.456608   12.455761   12.454915   12.454102   12.454067   12.452007   12.449944   12.447876   12.437490   12.427019   12.405820   12.384276   12.362192   12.339225   12.315331   12.290473   12.263169   12.234235   12.203930   12.172174   12.138873   12.100099   12.057880   12.013431
   12.387206   12.386914   12.386477   12.385747   12.385015   12.384285   12.383553   12.382821   12.382088   12.381384   12.381355   12.380521   12.379686   12.378851   12.378016   12.377179   12.376376   12.376343   12.374310   12.372272   12.370233   12.359982   12.349646   12.328721   12.307459   12.285666   12.263007   12.239435   12.214911   12.187984   12.159454   12.129561   12.098132   12.065050   12.026543   11.984665   11.940609
   12.309714   12.309426   12.308993   12.308272   12.307550   12.306828   12.306105   12.305382   12.304658   12.303963   12.303934   12.303110   12.302286   12.301461   12.300636   12.299810   12.299017   12.298984   12.296977   12.294968   12.292954   12.282839   12.272640   12.251991   12.231009   12.209500   12.187136   12.163872   12.139667   12.113038   12.084729   12.054980   12.023704   11.990800   11.952568   11.911136   11.867996
   12.232603   12.232318   12.231891   12.231178   12.230465   12.229752   12.229037   12.228322   12.227608   12.226920   12.226892   12.226078   12.225265   12.224450   12.223635   12.222819   12.222036   12.222003   12.220022   12.218039   12.216052   12.206067   12.196000   12.175615   12.154899   12.133656   12.111510   12.088408   12.064301   12.037772   12.009583   11.979974   11.948859   11.916208   11.878648   11.838257   11.796208
   12.155846   12.155564   12.155142   12.154438   12.153733   12.153028   12.152322   12.151616   12.150909   12.150230   12.150202   12.149398   12.148594   12.147789   12.146984   12.146178   12.145404   12.145371   12.143415   12.141457   12.139493   12.129621   12.119653   12.099429   12.078819   12.057637   12.035556   12.012525   11.988502   11.962082   11.934026   11.904711   11.874145   11.842255   11.805611   11.766208   11.725168
   12.079131   12.078850   12.078429   12.077726   12.077024   12.076320   12.075616   12.074911   12.074206   12.073529   12.073501   12.072699   12.071897   12.071094   12.070290   12.069486   12.068713   12.068681   12.066730   12.064775   12.062817   12.052968   12.043025   12.022854   12.002301   11.981182   11.959171   11.936223   11.912381   11.886340   11.858873   11.830235   11.800364   11.769191   11.733400   11.694443   11.652635
   12.001971   12.001692   12.001271   12.000569   11.999868   11.999166   11.998463   11.997760   11.997056   11.996380   11.996351   11.995551   11.994751   11.993949   11.993147   11.992345   11.991573   11.991542   11.989595   11.987646   11.985693   11.975872   11.965958   11.945848   11.925385   11.904466   11.882785   11.860306   11.836997   11.811539   11.784680   11.756669   11.727442   11.696512   11.660117   11.619884   11.576723
   11.924410   11.924131   11.923714   11.923017   11.922319   11.921622   11.920924   11.920225   11.919527   11.918856   11.918827   11.918034   11.917239   11.916445   11.915649   11.914854   11.914089   11.914058   11.912130   11.910201   11.908270   11.898569   11.888802   11.869061   11.849051   11.828592   11.807383   11.785385   11.762570   11.737652   11.711223   11.683089   11.653080   11.621025   11.583357   11.541746 -999.000000
   11.847464   11.847191   11.846782   11.846100   11.845417   11.844734   11.844051   11.843368   11.842684   11.842027   11.842000   11.841223   11.840446   11.839668   11.838890   11.838112   11.837363   11.837333   11.835448   11.833561   11.831672   11.822184   11.812628   11.793312   11.773724   11.753691   11.732918   11.711230   11.688340   11.662873   11.635459   11.606255   11.575106   11.541839 -999.000000 -999.000000 -999.000000
   11.771550   11.771283   11.770883   11.770214   11.769546   11.768876   11.768207   11.767537   11.766867   11.766223   11.766196   11.765435   11.764674   11.763912   11.763150   11.762387   11.761655   11.761624   11.759779   11.757932   11.756082   11.746790   11.737431   11.718454   11.698931   11.678648   11.657270   11.634719   11.610909   11.584429   11.555925   11.525561 -999.000000 -999.000000 -999.000000 -999.000000 -999.000000
   11.696120   11.695850   11.695447   11.694773   11.694098   11.693422   11.692746   11.692070   11.691392   11.690741   11.690713   11.689943   11.689172   11.688400   11.687627   11.686853   11.686110   11.686079   11.684205   11.682325   11.680441   11.670933   11.661283   11.641546   11.621216   11.600089   11.577822   11.554327   11.529522 -999.000000 -999.000000 -999.000000 -999.000000 -999.000000 -999.000000 -999.000000 -999.000000
   11.617600   11.617319   11.616898   11.616195   11.615491   11.614786   11.614080   11.613374   11.612666   11.611987   11.611959   11.611156   11.610351   11.609546   11.608739   11.607932   11.607156   11.607123   11.605169   11.603210   11.601245   11.591331   11.581266   11.560681   11.539471 -999.000000 -999.000000 -999.000000 -999.000000 -999.000000 -999.000000 -999.000000 -999.000000 -999.000000 -999.000000 -999.000000 -999.000000
   11.534934   11.534640   11.534200   11.533464   11.532728   11.531992   11.531254   11.530516   11.529776   11.529065   11.529036   11.528196   11.527355   11.526513   11.525670   11.524827   11.524015   11.523982   11.521940 -999.000000 -999.000000 -999.000000 -999.000000 -999.000000 -999.000000 -999.000000 -999.000000 -999.000000 -999.000000 -999.000000 -999.000000 -999.000000 -999.000000 -999.000000 -999.000000 -999.000000 -999.000000
#
# dtdh (rows - delta, columns - depth)
#
 -999.000000 -999.000000 -999.000000 -999.000000 -999.000000 -999.000000 -999.000000 -999.000000 -999.000000 -999.000000 -999.000000 -999.000000 -999.000000 -999.000000 -999.000000 -999.000000 -999.000000 -999.000000 -999.000000 -999.000000 -999.000000 -999.000000 -999.000000 -999.000000 -999.000000 -999.000000 -999.000000 -999.000000 -999.000000 -999.000000 -999.000000 -999.000000 -999.000000 -999.000000 -999.000000 -999.000000   -0.075518
 -999.000000 -999.000000 -999.000000 -999.000000 -999.000000 -999.000000 -999.000000 -999.000000 -999.000000 -999.000000 -999.000000 -999.000000 -999.000000 -999.000000 -999.000000 -999.000000 -999.000000 -999.000000 -999.000000 -999.000000 -999.000000 -999.000000 -999.000000 -999.000000 -999.000000 -999.000000 -999.000000 -999.000000 -999.000000 -999.000000 -999.000000 -999.000000 -999.000000 -999.000000 -999.000000   -0.080508   -0.075532
 -999.000000 -999.000000 -999.000000 -999.000000 -999.000000 -999.000000 -999.000000 -999.000000 -999.000000 -999.000000 -999.000000 -999.000000 -999.000000 -999.000000 -999.000000 -999.000000 -999.000000 -999.000000 -999.000000 -999.000000 -999.000000 -999.000000 -999.000000 -999.000000 -999.000000 -999.000000 -999.000000 -999.000000 -999.000000 -999.000000 -999.000000 -999.000000 -999.000000 -999.000000   -0.088839   -0.080523   -0.075569
 -999.000000 -999.000000 -999.000000 -999.000000 -999.000000 -999.000000 -999.000000 -999.000000 -999.000000 -999.000000 -999.000000 -999.000000 -999.000000 -999.000000 -999.000000 -999.000000 -999.000000 -999.000000 -999.000000 -999.000000 -999.000000 -999.000000 -999.000000 -999.000000 -999.000000 -999.000000 -999.000000 -999.000000 -999.000000 -999.000000 -999.000000 -999.000000   -0.120908   -0.114212   -0.088855   -0.080559   -0.075628
 -999.000000 -999.000000 -999.000000 -999.000000 -999.000000 -999.000000 -999.000000 -999.000000 -999.000000 -999.000000 -999.000000 -999.000000 -999.000000 -999.000000 -999.000000 -999.000000 -999.000000 -999.000000 -999.000000 -999.000000 -999.000000 -999.000000 -999.000000 -999.000000 -999.000000 -999.000000 -999.000000 -999.000000 -999.000000 -999.000000 -999.000000   -0.127530   -0.120915   -0.114228   -0.088890   -0.080615   -0.075709
 -999.000000 -999.000000 -999.000000 -999.000000 -999.000000 -999.000000 -999.000000 -999.000000 -999.000000 -999.000000 -999.000000 -999.000000 -999.000000 -999.000000 -999.000000 -999.000000 -999.000000 -999.000000 -999.000000 -999.000000 -999.000000 -999.000000 -999.000000 -999.000000 -999.000000 -999.000000 -999.000000 -999.000000   -0.158274   -0.140628   -0.134092   -0.127543   -0.120936   -0.114259   -0.088942   -0.080690   -0.075809
 -999.000000 -999.000000 -999.000000 -999.000000 -999.000000 -999.000000 -999.000000 -999.000000 -999.000000 -999.000000 -999.000000 -999.000000 -999.000000 -999.000000 -999.000000 -999.000000 -999.000000 -999.000000 -999.000000 -999.000000 -999.000000 -999.000000 -999.000000 -999.000000 -999.000000 -999.000000   -0.169814   -0.164024   -0.158280   -0.140639   -0.134109   -0.127568   -0.120969   -0.114303   -0.089013   -0.080784   -0.075929
 -999.000000 -999.000000 -999.000000 -999.000000 -999.000000 -999.000000 -999.000000 -999.000000 -999.000000 -999.000000 -999.000000 -999.000000 -999.000000 -999.000000 -999.000000 -999.000000 -999.000000 -999.000000 -999.000000 -999.000000 -999.000000 -999.000000 -999.000000   -0.182221   -0.180903   -0.175658   -0.169821   -0.164034   -0.158295   -0.140661   -0.134138   -0.127604   -0.121016   -0.114360   -0.089099   -0.080897   -0.076068
   -0.261210   -0.261201   -0.261187   -0.261164   -0.261141   -0.261118   -0.261095   -0.261072   -0.261049   -0.261027   -0.228185   -0.228159   -0.228132   -0.228105   -0.228079   -0.228052   -0.228026   -0.185351   -0.185215   -0.185078   -0.184942   -0.184255   -0.183563   -0.182227   -0.180912   -0.175671   -0.169837   -0.164054   -0.158319   -0.140693   -0.134178   -0.127652   -0.121074   -0.114430   -0.089202   -0.081026   -0.076225
   -0.261215   -0.261206   -0.261192   -0.261169   -0.261146   -0.261123   -0.261100   -0.261077   -0.261054   -0.261032   -0.228191   -0.228165   -0.228138   -0.228112   -0.228085   -0.228058   -0.228033   -0.185359   -0.185223   -0.185087   -0.184950   -0.184265   -0.183574   -0.182241   -0.180928   -0.175691   -0.169861   -0.164083   -0.158353   -0.140736   -0.134228   -0.127712   -0.121144   -0.114512   -0.089321   -0.081173   -0.076401
   -0.261225   -0.261216   -0.261202   -0.261179   -0.261156   -0.261133   -0.261110   -0.261087   -0.261064   -0.261042   -0.228203   -0.228177   -0.228150   -0.228124   -0.228097   -0.228071   -0.228045   -0.185374   -0.185239   -0.185103   -0.184966   -0.184282   -0.183593   -0.182262   -0.180953   -0.175718   -0.169893   -0.164119   -0.158395   -0.140788   -0.134288   -0.127782   -0.121225   -0.114606   -0.089454   -0.081337   -0.076594
   -0.261240   -0.261231   -0.261217   -0.261194   -0.261171   -0.261148   -0.261125   -0.261102   -0.261080   -0.261057   -0.228220   -0.228194   -0.228168   -0.228141   -0.228115   -0.228088   -0.228063   -0.185397   -0.185261   -0.185125   -0.184989   -0.184306   -0.183618   -0.182290   -0.180984   -0.175754   -0.169933   -0.164164   -0.158445   -0.140850   -0.134359   -0.127862   -0.121317   -0.114712   -0.089603   -0.081517   -0.076804
   -0.261259   -0.261250   -0.261236   -0.261214   -0.261191   -0.261168   -0.261145   -0.261122   -0.261099   -0.261077   -0.228243   -0.228217   -0.228191   -0.228164   -0.228138   -0.228112   -0.228086   -0.185425   -0.185290   -0.185154   -0.185019   -0.184337   -0.183650   -0.182325   -0.181022   -0.175796   -0.169980   -0.164216   -0.158503   -0.140920   -0.134439   -0.127953   -0.121420   -0.114829   -0.089766   -0.081712   -0.077028
   -0.261283   -0.261274   -0.261261   -0.261238   -0.261215   -0.261192   -0.261170   -0.261147   -0.261124   -0.261102   -0.228271   -0.228245   -0.228219   -0.228193   -0.228167   -0.228140   -0.228115   -0.185460   -0.185326   -0.185190   -0.185055   -0.184374   -0.183689   -0.182367   -0.181067   -0.175845   -0.170034   -0.164276   -0.158570   -0.141000   -0.134528   -0.128053   -0.121533   -0.114958   -0.089944   -0.081921   -0.077264
   -0.261312   -0.261303   -0.261289   -0.261266   -0.261244   -0.261221   -0.261198   -0.261176   -0.261153   -0.261131   -0.228304   -0.228278   -0.228252   -0.228226   -0.228200   -0.228174   -0.228149   -0.185502   -0.185367   -0.185232   -0.185097   -0.184418   -0.183734   -0.182416   -0.181119   -0.175902   -0.170096   -0.164344   -0.158644   -0.141089   -0.134627   -0.128164   -0.121657   -0.115098   -0.090133   -0.082141   -0.077510
   -0.261344   -0.261335   -0.261322   -0.261299   -0.261277   -0.261254   -0.261231   -0.261209   -0.261186   -0.261164   -0.228343   -0.228317   -0.228291   -0.228265   -0.228239   -0.228212   -0.228187   -0.185549   -0.185415   -0.185280   -0.185145   -0.184468   -0.183786   -0.182470   -0.181177   -0.175965   -0.170164   -0.164419   -0.158726   -0.141186   -0.134735   -0.128284   -0.121790   -0.115245   -0.090331   -0.082370   -0.077766
   -0.261381   -0.261372   -0.261359   -0.261336   -0.261314   -0.261291   -0.261269   -0.261246   -0.261224   -0.261202   -0.228386   -0.228360   -0.228334   -0.228308   -0.228282   -0.228256   -0.228231   -0.185603   -0.185469   -0.185335   -0.185200   -0.184524   -0.183844   -0.182531   -0.181241   -0.176034   -0.170240   -0.164501   -0.158815   -0.141292   -0.134851   -0.128412   -0.121931   -0.115400   -0.090539   -0.082609   -0.078032
   -0.261422   -0.261413   -0.261400   -0.261378   -0.261355   -0.261333   -0.261310   -0.261288   -0.261265   -0.261244   -0.228433   -0.228408   -0.228382   -0.228356   -0.228330   -0.228304   -0.228280   -0.185663   -0.185529   -0.185395   -0.185260   -0.184586   -0.183907   -0.182599   -0.181312   -0.176111   -0.170323   -0.164590   -0.158911   -0.141404   -0.134974   -0.128546   -0.122078   -0.115562   -0.090754   -0.082858   -0.078325
   -0.261468   -0.261459   -0.261446   -0.261423   -0.261401   -0.261379   -0.261356   -0.261334   -0.261311   -0.261290   -0.228486   -0.228460   -0.228435   -0.228409   -0.228383   -0.228358   -0.228333   -0.185728   -0.185595   -0.185461   -0.185327   -0.184654   -0.183977   -0.182672   -0.181389   -0.176193   -0.170411   -0.164685   -0.159012   -0.141522   -0.135102   -0.128686   -0.122231   -0.115730   -0.090981   -0.083134   -0.083108
   -0.261517   -0.261508   -0.261495   -0.261473   -0.261450   -0.261428   -0.261406   -0.261384   -0.261361   -0.261340   -0.228543   -0.228518   -0.228492   -0.228466   -0.228441   -0.228415   -0.228391   -0.185799   -0.185666   -0.185533   -0.185399   -0.184728   -0.184052   -0.182750   -0.181470   -0.176279   -0.170503   -0.164784   -0.159119   -0.141646   -0.135237   -0.128832   -0.122391   -0.115911   -0.091235   -0.087738   -0.084218
   -0.261570   -0.261561   -0.261548   -0.261525   -0.261503   -0.261481   -0.261459   -0.261436   -0.261414   -0.261393   -0.228604   -0.228578   -0.228553   -0.228527   -0.228502   -0.228476   -0.228452   -0.185875   -0.185742   -0.185608   -0.185475   -0.184806   -0.184132   -0.182832   -0.181556   -0.176370   -0.170600   -0.164887   -0.159229   -0.141774   -0.135376   -0.128987   -0.122568   -0.118913   -0.095570   -0.088776   -0.085263
   -0.261625   -0.261616   -0.261603   -0.261581   -0.261559   -0.261537   -0.261514   -0.261492   -0.261470   -0.261449   -0.228668   -0.228642   -0.228617   -0.228592   -0.228566   -0.228541   -0.228516   -0.185954   -0.185821   -0.185688   -0.185555   -0.184887   -0.184215   -0.182919   -0.181645   -0.176465   -0.170701   -0.164995   -0.159345   -0.141912   -0.135531   -0.131579   -0.125624   -0.119689   -0.096506   -0.089755   -0.086274
   -0.261683   -0.261674   -0.261661   -0.261639   -0.261617   -0.261595   -0.261573   -0.261551   -0.261528   -0.261507   -0.228735   -0.228709   -0.228684   -0.228659   -0.228633   -0.228608   -0.228584   -0.186037   -0.185904   -0.185772   -0.185639   -0.184972   -0.184301   -0.183008   -0.181738   -0.176564   -0.170808   -0.165112   -0.159474   -0.144236   -0.138225   -0.132266   -0.126330   -0.120418   -0.097391   -0.090721   -0.087369
   -0.261743   -0.261734   -0.261721   -0.261699   -0.261677   -0.261655   -0.261633   -0.261611   -0.261589   -0.261568   -0.228804   -0.228779   -0.228754   -0.228729   -0.228703   -0.228678   -0.228654   -0.186123   -0.185991   -0.185859   -0.185726   -0.185061   -0.184392   -0.183104   -0.181839   -0.176673   -0.172598   -0.167138   -0.161755   -0.144845   -0.138851   -0.132912   -0.126999   -0.121118   -0.098299   -0.091786   -0.088586
   -0.261807   -0.261799   -0.261786   -0.261764   -0.261742   -0.261720   -0.261698   -0.261676   -0.261655   -0.261633   -0.228879   -0.228854   -0.228829   -0.228804   -0.228779   -0.228754   -0.228730   -0.186216   -0.186084   -0.185953   -0.185821   -0.185159   -0.184493   -0.184710   -0.183593   -0.178621   -0.173092   -0.167643   -0.162273   -0.145417   -0.139443   -0.133532   -0.127671   -0.121874   -0.099312   -0.092978   -0.089914
   -0.262921   -0.262914   -0.262903   -0.262884   -0.262866   -0.262848   -0.262829   -0.262811   -0.262792   -0.262774   -0.230182   -0.230162   -0.230141   -0.230120   -0.230100   -0.230079   -0.230059   -0.187846   -0.187728   -0.187610   -0.187491   -0.186896   -0.186297   -0.185152   -0.184035   -0.179072   -0.173556   -0.168119   -0.162764   -0.145970   -0.140043   -0.134201   -0.128423   -0.122726   -0.100453   -0.094243   -0.091174
   -0.263216   -0.263208   -0.263197   -0.263179   -0.263161   -0.263142   -0.263124   -0.263105   -0.263087   -0.263069   -0.230519   -0.230498   -0.230478   -0.230457   -0.230436   -0.230415   -0.230395   -0.188258   -0.188140   -0.188022   -0.187903   -0.187308   -0.186710   -0.185567   -0.184451   -0.179500   -0.174000   -0.168590   -0.163273   -0.146575   -0.140718   -0.134958   -0.129277   -0.123673   -0.101602   -0.095424   -0.092357
   -0.263493   -0.263486   -0.263475   -0.263457   -0.263438   -0.263420   -0.263402   -0.263383   -0.263365   -0.263347   -0.230836   -0.230816   -0.230795   -0.230774   -0.230754   -0.230733   -0.230713   -0.188647   -0.188529   -0.188411   -0.188293   -0.187699   -0.187102   -0.185966   -0.184863   -0.179942   -0.174481   -0.169116   -0.163851   -0.147263   -0.141488   -0.135802   -0.130163   -0.124578   -0.102673   -0.096535   -0.093476
   -0.263764   -0.263757   -0.263746   -0.263728   -0.263710   -0.263692   -0.263674   -0.263656   -0.263638   -0.263621   -0.231149   -0.231128   -0.231108   -0.231088   -0.231068   -0.231048   -0.231028   -0.189033   -0.188916   -0.188800   -0.188683   -0.188099   -0.187514   -0.186401   -0.185325   -0.180444   -0.175030   -0.169718   -0.164511   -0.148022   -0.142276   -0.136608   -0.130990   -0.125429   -0.103685   -0.097589   -0.094544
   -0.264066   -0.264059   -0.264049   -0.264032   -0.264014   -0.263997   -0.263980   -0.263962   -0.263945   -0.263928   -0.231499   -0.231480   -0.231460   -0.231441   -0.231422   -0.231402   -0.231384   -0.189467   -0.189353   -0.189239   -0.189125   -0.188554   -0.187982   -0.186899   -0.185856   -0.181019   -0.175644   -0.170358   -0.165164   -0.148738   -0.143012   -0.137366   -0.131772   -0.126236   -0.104647   -0.098595   -0.095569
   -0.264414   -0.264407   -0.264397   -0.264381   -0.264364   -0.264348   -0.264331   -0.264314   -0.264298   -0.264282   -0.231902   -0.231884   -0.231866   -0.231847   -0.231829   -0.231811   -0.231793   -0.189966   -0.189856   -0.189745   -0.189634   -0.189077   -0.188518   -0.187453   -0.186417   -0.181591   -0.176228   -0.170956   -0.165776   -0.149413   -0.143708   -0.138085   -0.132517   -0.127009   -0.105568   -0.099566   -0.096571
   -0.264790   -0.264783   -0.264773   -0.264757   -0.264741   -0.264724   -0.264708   -0.264691   -0.264675   -0.264659   -0.232332   -0.232314   -0.232296   -0.232277   -0.232259   -0.232241   -0.232223   -0.190491   -0.190380   -0.190269   -0.190158   -0.189601   -0.189042   -0.187976   -0.186941   -0.182126   -0.176778   -0.171521   -0.166357   -0.150054   -0.144372   -0.138774   -0.133231   -0.127754   -0.106464   -0.100518   -0.097553
   -0.265141   -0.265135   -0.265125   -0.265109   -0.265092   -0.265076   -0.265060   -0.265043   -0.265027   -0.265011   -0.232733   -0.232715   -0.232697   -0.232678   -0.232660   -0.232642   -0.232624   -0.190980   -0.190869   -0.190758   -0.190648   -0.190091   -0.189533   -0.188469   -0.187436   -0.182634   -0.177300   -0.172059   -0.166912   -0.150669   -0.145010   -0.139438   -0.133928   -0.128485   -0.107344   -0.101452   -0.098517
   -0.265473   -0.265467   -0.265457   -0.265441   -0.265425   -0.265409   -0.265392   -0.265376   -0.265360   -0.265344   -0.233112   -0.233094   -0.233076   -0.233058   -0.233039   -0.233021   -0.233004   -0.191442   -0.191332   -0.191221   -0.191110   -0.190556   -0.189998   -0.188938   -0.187908   -0.183119   -0.177801   -0.172576   -0.167447   -0.151264   -0.145634   -0.140092   -0.134613   -0.129204   -0.108209   -0.102369   -0.099463
   -0.265790   -0.265784   -0.265774   -0.265758   -0.265742   -0.265726   -0.265709   -0.265693   -0.265677   -0.265662   -0.233473   -0.233455   -0.233437   -0.233419   -0.233401   -0.233383   -0.233366   -0.191883   -0.191773   -0.191662   -0.191552   -0.190999   -0.190444   -0.189387   -0.188361   -0.183587   -0.178286   -0.173080   -0.167972   -0.151850   -0.146248   -0.140736   -0.135288   -0.129913   -0.109058   -0.103270   -0.100392
   -0.266094   -0.266088   -0.266078   -0.266062   -0.266046   -0.266030   -0.266014   -0.265998   -0.265982   -0.265967   -0.233821   -0.233803   -0.233785   -0.233767   -0.233749   -0.233731   -0.233714   -0.192306   -0.192196   -0.192087   -0.191977   -0.191426   -0.190874   -0.189823   -0.188804   -0.184046   -0.178764   -0.173578   -0.168489   -0.152428   -0.146853   -0.141370   -0.135953   -0.130610   -0.109892   -0.104154   -0.101307
   -0.266391   -0.266385   -0.266376   -0.266360   -0.266344   -0.266328   -0.266313   -0.266297   -0.266281   -0.266266   -0.234160   -0.234143   -0.234125   -0.234108   -0.234090   -0.234072   -0.234055   -0.192720   -0.192612   -0.192502   -0.192393   -0.191846   -0.191297   -0.190254   -0.189241   -0.184499   -0.179235   -0.174068   -0.169000   -0.152998   -0.147449   -0.141995   -0.136608   -0.131297   -0.110714   -0.105029   -0.102214
   -0.266685   -0.266679   -0.266669   -0.266654   -0.266638   -0.266623   -0.266607   -0.266592   -0.266576   -0.266561   -0.234496   -0.234479   -0.234461   -0.234444   -0.234426   -0.234409   -0.234392   -0.193129   -0.193021   -0.192913   -0.192804   -0.192261   -0.191715   -0.190678   -0.189673   -0.184947   -0.179701   -0.174553   -0.169504   -0.153559   -0.148037   -0.142611   -0.137255   -0.131978   -0.111529   -0.105896   -0.103112
   -0.266975   -0.266969   -0.266960   -0.266944   -0.266929   -0.266914   -0.266898   -0.266883   -0.266867   -0.266853   -0.234827   -0.234810   -0.234793   -0.234776   -0.234759   -0.234741   -0.234725   -0.193533   -0.193426   -0.193318   -0.193210   -0.192670   -0.192128   -0.191097   -0.190098   -0.185388   -0.180160   -0.175030   -0.170001   -0.154113   -0.148619   -0.143222   -0.137898   -0.132655   -0.112338   -0.106754   -0.103995
   -0.267262   -0.267255   -0.267246   -0.267231   -0.267216   -0.267201   -0.267186   -0.267170   -0.267155   -0.267141   -0.235155   -0.235138   -0.235121   -0.235104   -0.235087   -0.235070   -0.235053   -0.193931   -0.193825   -0.193717   -0.193610   -0.193073   -0.192534   -0.191511   -0.190519   -0.185824   -0.180613   -0.175503   -0.170494   -0.154665   -0.149198   -0.143830   -0.138538   -0.133328   -0.113136   -0.107593   -0.104855
   -0.267545   -0.267539   -0.267530   -0.267515   -0.267500   -0.267485   -0.267470   -0.267455   -0.267440   -0.267425   -0.235478   -0.235461   -0.235445   -0.235428   -0.235411   -0.235394   -0.235378   -0.194325   -0.194219   -0.194112   -0.194006   -0.193472   -0.192937   -0.191920   -0.190936   -0.186257   -0.181065   -0.175974   -0.170985   -0.155214   -0.149774   -0.144435   -0.139170   -0.133987   -0.113913   -0.108411   -0.105695
   -0.267826   -0.267820   -0.267811   -0.267796   -0.267781   -0.267766   -0.267752   -0.267737   -0.267722   -0.267708   -0.235799   -0.235782   -0.235766   -0.235749   -0.235733   -0.235716   -0.235700   -0.194715   -0.194610   -0.194504   -0.194398   -0.193868   -0.193337   -0.192328   -0.191351   -0.186689   -0.181515   -0.176444   -0.171475   -0.155758   -0.150342   -0.145026   -0.139787   -0.134631   -0.114672   -0.109215   -0.106540
   -0.268106   -0.268100   -0.268091   -0.268077   -0.268062   -0.268048   -0.268033   -0.268018   -0.268004   -0.267990   -0.236119   -0.236103   -0.236087   -0.236070   -0.236054   -0.236038   -0.236022   -0.195104   -0.195000   -0.194895   -0.194790   -0.194264   -0.193736   -0.192734   -0.191765   -0.187118   -0.181962   -0.176907   -0.171955   -0.156290   -0.150896   -0.145605   -0.140391   -0.135265   -0.115433   -0.110039   -0.107412
   -0.268386   -0.268380   -0.268371   -0.268357   -0.268343   -0.268328   -0.268314   -0.268299   -0.268285   -0.268271   -0.236438   -0.236422   -0.236406   -0.236390   -0.236374   -0.236358   -0.236343   -0.195492   -0.195388   -0.195284   -0.195179   -0.194657   -0.194132   -0.193136   -0.192173   -0.187539   -0.182398   -0.177360   -0.172424   -0.156810   -0.151440   -0.146177   -0.141000   -0.135916   -0.116219   -0.110890 -999.000000
   -0.268661   -0.268655   -0.268647   -0.268633   -0.268619   -0.268604   -0.268590   -0.268576   -0.268562   -0.268548   -0.236752   -0.236737   -0.236721   -0.236705   -0.236689   -0.236673   -0.236658   -0.195873   -0.195769   -0.195666   -0.195562   -0.195042   -0.194520   -0.193530   -0.192571   -0.187951   -0.182826   -0.177804   -0.172888   -0.157331   -0.151995   -0.146769   -0.141631   -0.136591 -999.000000 -999.000000 -999.000000
   -0.268931   -0.268925   -0.268917   -0.268903   -0.268889   -0.268875   -0.268861   -0.268847   -0.268833   -0.268819   -0.237060   -0.237044   -0.237029   -0.237013   -0.236997   -0.236981   -0.236966   -0.196246   -0.196143   -0.196039   -0.195936   -0.195419   -0.194899   -0.193915   -0.192964   -0.188361   -0.183256   -0.178258   -0.173368   -0.157873   -0.152572   -0.147384 -999.000000 -999.000000 -999.000000 -999.000000 -999.000000
   -0.269197   -0.269191   -0.269183   -0.269169   -0.269156   -0.269142   -0.269128   -0.269114   -0.269100   -0.269087   -0.237364   -0.237348   -0.237333   -0.237317   -0.237302   -0.237287   -0.237272   -0.196614   -0.196512   -0.196410   -0.196307   -0.195795   -0.195280   -0.194307   -0.193368   -0.188786   -0.183704   -0.178731   -0.173868 -999.000000 -999.000000 -999.000000 -999.000000 -999.000000 -999.000000 -999.000000 -999.000000
   -0.269472   -0.269466   -0.269458   -0.269445   -0.269431   -0.269418   -0.269404   -0.269391   -0.269377   -0.269364   -0.237678   -0.237663   -0.237648   -0.237633   -0.237618   -0.237603   -0.237588   -0.196996   -0.196895   -0.196794   -0.196693   -0.196186   -0.195678   -0.194717   -0.193790 -999.000000 -999.000000 -999.000000 -999.000000 -999.000000 -999.000000 -999.000000 -999.000000 -999.000000 -999.000000 -999.000000 -999.000000
   -0.269759   -0.269754   -0.269746   -0.269733   -0.269719   -0.269706   -0.269693   -0.269680   -0.269667   -0.269654   -0.238006   -0.237992   -0.237977   -0.237962   -0.237948   -0.237933   -0.237919   -0.197395   -0.197295 -999.000000 -999.000000 -999.000000 -999.000000 -999.000000 -999.000000 -999.000000 -999.000000 -999.000000 -999.000000 -999.000000 -999.000000 -999.000000 -999.000000 -999.000000 -999.000000 -999.000000 -999.000000
#
# ak135 travel-time table for SPn
#
