#
# ak135 travel-time table for PKKSbc
#
# number of distance and depth samples
72 37
# delta samples
78.000 79.000 80.000 81.000 82.000 83.000 84.000 85.000 86.000 87.000 88.000 89.000 90.000 91.000 92.000 93.000 94.000 95.000 96.000 97.000 98.000 99.000 100.000 101.000 102.000 
103.000 104.000 105.000 106.000 107.000 108.000 109.000 110.000 111.000 112.000 113.000 114.000 115.000 116.000 117.000 118.000 119.000 120.000 121.000 122.000 123.000 124.000 125.000 126.000 127.000 
128.000 129.000 130.000 131.000 132.000 133.000 134.000 135.000 136.000 137.000 138.000 139.000 140.000 141.000 142.000 143.000 144.000 145.000 146.000 147.000 148.000 149.000 
# depth samples
    0.000000    1.000000    2.500000    5.000000    7.500000   10.000000   12.500000   15.000000   17.500000   19.900000   20.000000   22.500000   25.000000   27.500000   30.000000   32.500000   34.900000   35.000000   40.000000   45.000000   50.000000   75.000000  100.000000  150.000000  200.000000  250.000000  300.000000  350.000000  400.000000  450.000000  500.000000  550.000000  600.000000  650.000000  700.000000  750.000000  800.000000
#
# travel times (rows - delta, columns - depth)
#
 2078.101074 2077.929688 2077.672607 2077.244141 2076.815674 2076.387207 2075.958740 2075.530273 2075.101562 2074.690430 2074.673096 2074.291504 2073.909668 2073.527832 2073.146240 2072.764404 2072.397949 2072.382812 2071.768066 2071.153320 2070.538574 2067.466309 2064.395508 2058.276855 2052.256592 2046.350586 2040.574585 -999.000000 -999.000000 -999.000000 -999.000000 -999.000000 -999.000000 -999.000000 -999.000000 -999.000000 -999.000000
 2076.015137 2075.843994 2075.586914 2075.158447 2074.729980 2074.301514 2073.873047 2073.444580 2073.016113 2072.604736 2072.587646 2072.206055 2071.824219 2071.442627 2071.061035 2070.679199 2070.312744 2070.297607 2069.682861 2069.068359 2068.453857 2065.382324 2062.312012 2056.195068 2050.176270 2044.271729 2038.497437 2032.848755 2027.320801 2022.062988 2016.941406 2011.913086 2006.974976 2002.124268 1997.571167 1993.132812 1988.745483
 2073.909668 2073.738281 2073.481201 2073.052734 2072.624512 2072.196045 2071.767578 2071.339355 2070.910889 2070.499512 2070.482422 2070.100830 2069.719238 2069.337646 2068.955811 2068.574219 2068.208008 2068.192627 2067.578125 2066.963867 2066.349365 2063.278564 2060.208984 2054.093262 2048.076172 2042.172974 2036.400269 2030.753296 2025.227051 2019.970947 2014.851318 2009.824951 2004.888916 2000.040405 1995.489502 1991.053589 1986.668823
 2071.785156 2071.613770 2071.356689 2070.928467 2070.500000 2070.071777 2069.643311 2069.215088 2068.786621 2068.375488 2068.358398 2067.976807 2067.595215 2067.213623 2066.832031 2066.450439 2066.083984 2066.068848 2065.454346 2064.840088 2064.225830 2061.155762 2058.086914 2051.972412 2045.956665 2040.055054 2034.283936 2028.638428 2023.113892 2017.859619 2012.741821 2007.717407 2002.783325 1997.936890 1993.388306 1988.954712 1984.572388
 2069.642090 2069.470947 2069.213867 2068.785645 2068.357178 2067.928955 2067.500732 2067.072266 2066.644043 2066.232910 2066.215820 2065.834229 2065.452637 2065.071045 2064.689697 2064.308105 2063.941895 2063.926514 2063.312256 2062.698242 2062.084229 2059.014404 2055.946289 2049.833252 2043.818848 2037.918701 2032.149048 2026.505127 2020.982178 2015.729614 2010.613525 2005.591064 2000.658936 1995.814453 1991.268066 1986.836792 1982.456787
 2067.481445 2067.310059 2067.053223 2066.624756 2066.196533 2065.768311 2065.340088 2064.911865 2064.483643 2064.072510 2064.055420 2063.673828 2063.292480 2062.910889 2062.529297 2062.147949 2061.781738 2061.766602 2061.152344 2060.538330 2059.924316 2056.855469 2053.787842 2047.676270 2041.663208 2035.764404 2029.996216 2024.353760 2018.832397 2013.581543 2008.467285 2003.446533 1998.516357 1993.673828 1989.129639 1984.700562 1980.322876
 2065.302246 2065.130859 2064.874023 2064.445801 2064.017578 2063.589355 2063.161133 2062.732910 2062.304688 2061.893799 2061.876709 2061.495117 2061.113770 2060.732178 2060.350830 2059.969482 2059.603271 2059.588135 2058.974121 2058.360107 2057.746338 2054.677979 2051.611328 2045.500977 2039.489380 2033.592041 2027.825317 2022.184570 2016.664795 2011.415649 2006.303223 2001.284302 1996.356079 1991.515503 1986.973389 1982.546509 1978.171143
 2063.104004 2062.932861 2062.676025 2062.247803 2061.819580 2061.391357 2060.963379 2060.535156 2060.106934 2059.696045 2059.678955 2059.297363 2058.916016 2058.534668 2058.153320 2057.771973 2057.405762 2057.390625 2056.776855 2056.163086 2055.549316 2052.481934 2049.415771 2043.306885 2037.296753 2031.401001 2025.635864 2019.996704 2014.478638 2009.231323 2004.120850 1999.103882 1994.177612 1989.339111 1984.799194 1980.374634 1976.001587
 2060.886230 2060.714844 2060.458008 2060.030029 2059.601807 2059.173828 2058.745605 2058.317627 2057.889404 2057.478516 2057.461426 2057.080078 2056.698730 2056.317383 2055.936035 2055.554688 2055.188721 2055.173584 2054.559814 2053.946289 2053.332764 2050.265869 2047.200562 2041.093262 2035.084595 2029.190552 2023.427002 2017.789673 2012.273438 2007.027954 2001.919434 1996.904541 1991.980225 1987.143921 1982.606445 1978.184326 1973.813721
 2058.647705 2058.476318 2058.219482 2057.791504 2057.363525 2056.935303 2056.507324 2056.079346 2055.651367 2055.240479 2055.223389 2054.842041 2054.460693 2054.079590 2053.698242 2053.316895 2052.950928 2052.935791 2052.322266 2051.708740 2051.095459 2048.029541 2044.964844 2038.859131 2032.852295 2026.959839 2021.198120 2015.562500 2010.048096 2004.804688 1999.698242 1994.685425 1989.763428 1984.929443 1980.394287 1975.974731 1971.606689
 2056.387451 2056.216309 2055.959473 2055.531494 2055.103516 2054.675537 2054.247559 2053.819580 2053.391602 2052.980713 2052.963623 2052.582520 2052.201172 2051.820068 2051.438965 2051.057617 2050.691895 2050.676514 2050.063232 2049.449951 2048.836670 2045.771484 2042.707764 2036.603760 2030.598633 2024.708008 2018.948120 2013.314453 2007.802002 2002.560791 1997.456421 1992.445923 1987.526245 1982.694580 1978.162109 1973.745117 1969.379883
 2054.105469 2053.934326 2053.677734 2053.249756 2052.821777 2052.393799 2051.965820 2051.538086 2051.110107 2050.699219 2050.682129 2050.301025 2049.919922 2049.538818 2049.157715 2048.776611 2048.410645 2048.395508 2047.782227 2047.169189 2046.556152 2043.491821 2040.428833 2034.326660 2028.323242 2022.434326 2016.676514 2011.044800 2005.534424 2000.295288 1995.193237 1990.185059 1985.267822 1980.438721 1975.908813 1971.494629 1967.132324
 2051.801270 2051.630127 2051.373535 2050.945557 2050.517822 2050.089844 2049.662109 2049.234131 2048.806152 2048.395508 2048.378418 2047.997314 2047.616333 2047.235229 2046.854248 2046.473145 2046.107422 2046.092163 2045.479126 2044.866211 2044.253296 2041.189819 2038.127808 2032.027344 2026.025757 2020.138794 2014.382812 2008.753174 2003.244873 1998.007935 1992.908325 1987.902588 1982.987671 1978.161133 1973.634033 1969.222778 1964.863281
 2049.474609 2049.303467 2049.046875 2048.618896 2048.191162 2047.763428 2047.335571 2046.907715 2046.479980 2046.069336 2046.052246 2045.671143 2045.290161 2044.909180 2044.528198 2044.147339 2043.781494 2043.766357 2043.153564 2042.540771 2041.928101 2038.865479 2035.804321 2029.705566 2023.705933 2017.820923 2012.066895 2006.439331 2000.933228 1995.698608 1990.601318 1985.597900 1980.685669 1975.861694 1971.337402 1966.929077 1962.572632
 2047.125000 2046.953857 2046.697266 2046.269531 2045.841797 2045.414062 2044.986328 2044.558594 2044.130737 2043.720215 2043.703125 2043.322144 2042.941284 2042.560303 2042.179443 2041.798584 2041.432861 2041.417725 2040.805054 2040.192383 2039.579956 2036.518188 2033.458008 2027.361206 2021.363403 2015.480347 2009.728394 2004.102905 1998.598999 1993.366699 1988.271851 1983.271118 1978.361450 1973.540039 1969.018677 1964.613403 1960.260010
 2044.752197 2044.581055 2044.324463 2043.896729 2043.469116 2043.041382 2042.613770 2042.186035 2041.758423 2041.347778 2041.330811 2040.949829 2040.569092 2040.188232 2039.807373 2039.426514 2039.061035 2039.045776 2038.433350 2037.820923 2037.208618 2034.147827 2031.088501 2024.993652 2018.997803 2013.116821 2007.366943 2001.743652 1996.241943 1991.012085 1985.919678 1980.921509 1976.014526 1971.195923 1966.677612 1962.275269 1957.925171
 2042.355469 2042.184448 2041.927856 2041.500244 2041.072632 2040.645020 2040.217407 2039.789795 2039.362183 2038.951660 2038.934692 2038.553833 2038.173096 2037.792358 2037.411621 2037.030884 2036.665283 2036.650146 2036.037842 2035.425659 2034.813477 2031.753784 2028.695435 2022.602539 2016.608643 2010.729736 2004.982178 1999.361084 1993.861694 1988.634277 1983.544556 1978.548950 1973.644653 1968.828979 1964.313599 1959.914551 1955.567627
 2039.934204 2039.763184 2039.506714 2039.079102 2038.651611 2038.223999 2037.796509 2037.369019 2036.941406 2036.531006 2036.513916 2036.133179 2035.752563 2035.371948 2034.991211 2034.610596 2034.245117 2034.229980 2033.617798 2033.005859 2032.393921 2029.335205 2026.277832 2020.187012 2014.195312 2008.318604 2002.573242 1996.954590 1991.457642 1986.232788 1981.145630 1976.152832 1971.251465 1966.438721 1961.926514 1957.530640 1953.187134
 2037.487305 2037.316406 2037.059937 2036.632446 2036.204956 2035.777466 2035.349976 2034.922607 2034.495117 2034.084717 2034.067749 2033.687134 2033.306519 2032.925903 2032.545288 2032.164795 2031.799438 2031.784180 2031.172363 2030.560547 2029.948853 2026.891113 2023.834961 2017.746216 2011.756836 2005.882446 2000.139404 1994.523193 1989.028809 1983.806641 1978.722412 1973.732544 1968.833984 1964.024292 1959.515381 1955.123047 1950.782959
 2035.013794 2034.842896 2034.586426 2034.159058 2033.731689 2033.304321 2032.876953 2032.449585 2032.022217 2031.611938 2031.594849 2031.214355 2030.833740 2030.453247 2030.072754 2029.692261 2029.327026 2029.311890 2028.700195 2028.088623 2027.477173 2024.420654 2021.365601 2015.279175 2009.292114 2003.420166 1997.679565 1992.066040 1986.574341 1981.355103 1976.273682 1971.286865 1966.391479 1961.584961 1957.079590 1952.690796 1948.354370
 2032.512695 2032.341797 2032.085449 2031.658081 2031.230835 2030.803467 2030.376221 2029.948853 2029.521606 2029.111450 2029.094360 2028.713867 2028.333496 2027.953125 2027.572754 2027.192261 2026.827148 2026.812012 2026.200562 2025.589233 2024.977905 2021.922607 2018.868652 2012.784668 2006.800049 2000.930664 1995.192749 1989.581909 1984.093018 1978.876831 1973.798584 1968.814941 1963.922852 1959.119751 1954.618042 1950.233032 1945.900513
 2029.983398 2029.812500 2029.556152 2029.128906 2028.701660 2028.274536 2027.847290 2027.420044 2026.992920 2026.582764 2026.565674 2026.185303 2025.805054 2025.424683 2025.044434 2024.664062 2024.299072 2024.283936 2023.672729 2023.061646 2022.450562 2019.396362 2016.343750 2010.262207 2004.280151 1998.413330 1992.678223 1987.070190 1981.584229 1976.371094 1971.296021 1966.315674 1961.427124 1956.627563 1952.129639 1947.748535 1943.420044
 2027.425293 2027.254395 2026.998169 2026.571045 2026.143921 2025.716675 2025.289551 2024.862549 2024.435425 2024.025391 2024.008301 2023.628052 2023.247803 2022.867676 2022.487427 2022.107178 2021.742188 2021.727051 2021.116089 2020.505249 2019.894531 2016.841553 2013.790161 2007.711182 2001.731812 1995.867676 1990.135376 1984.530151 1979.047241 1973.837280 1968.765625 1963.788696 1958.903687 1954.107666 1949.613770 1945.236816 1940.912476
 2024.837769 2024.666992 2024.410767 2023.983643 2023.556641 2023.129639 2022.702637 2022.275513 2021.848511 2021.438599 2021.421509 2021.041382 2020.661255 2020.281250 2019.901123 2019.520996 2019.156128 2019.140991 2018.530273 2017.919678 2017.309204 2014.257568 2011.207397 2005.131104 1999.154297 1993.293091 1987.563599 1981.961426 1976.481567 1971.275024 1966.206665 1961.233398 1956.351929 1951.559814 1947.069824 1942.697144 1938.377197
 2022.220215 2022.049438 2021.793335 2021.366333 2020.939453 2020.512451 2020.085571 2019.658569 2019.231689 2018.821777 2018.804810 2018.424805 2018.044800 2017.664795 2017.284790 2016.904785 2016.539917 2016.524780 2015.914429 2015.304077 2014.693848 2011.643555 2008.594849 2002.521240 1996.547241 1990.688843 1984.962402 1979.363403 1973.886719 1968.683472 1963.618774 1958.649048 1953.771484 1948.983154 1944.497437 1940.129028 1935.813599
 2019.572144 2019.401489 2019.145386 2018.718506 2018.291626 2017.864746 2017.437988 2017.011108 2016.584229 2016.174561 2016.157471 2015.777588 2015.397705 2015.017822 2014.637939 2014.258057 2013.893311 2013.878174 2013.268066 2012.657959 2012.047974 2008.999146 2005.951782 1999.880859 1993.909912 1988.054443 1982.331055 1976.735229 1971.261841 1966.062256 1961.001221 1956.035278 1951.161499 1946.377319 1941.895874 1937.531982 1933.221069
 2016.893188 2016.722412 2016.466431 2016.039673 2015.612915 2015.186157 2014.759399 2014.332642 2013.905884 2013.496216 2013.479248 2013.099365 2012.719604 2012.339844 2011.960083 2011.580322 2011.215698 2011.200562 2010.590698 2009.980957 2009.371216 2006.323730 2003.277832 1997.209839 1991.241821 1985.389404 1979.669189 1974.076660 1968.606689 1963.410645 1958.353394 1953.391357 1948.521606 1943.741455 1939.264526 1934.905396 1930.599243
 2014.182739 2014.011963 2013.755981 2013.329346 2012.902710 2012.476074 2012.049438 2011.622803 2011.196167 2010.786621 2010.769531 2010.389893 2010.010254 2009.630493 2009.250854 2008.871216 2008.506714 2008.491699 2007.882080 2007.272583 2006.663208 2003.617065 2000.572632 1994.507568 1988.542603 1982.693359 1976.976440 1971.387207 1965.920654 1960.728394 1955.674927 1950.716919 1945.851318 1941.075439 1936.603027 1932.248657 1927.947388
 2011.440430 2011.269775 2011.013794 2010.587280 2010.160767 2009.734253 2009.307617 2008.881104 2008.454590 2008.045166 2008.028076 2007.648560 2007.269043 2006.889404 2006.509888 2006.130371 2005.765991 2005.750854 2005.141602 2004.532471 2003.923340 2000.878662 1997.835693 1991.773804 1985.811768 1979.965820 1974.252197 1968.666382 1963.203491 1958.015015 1952.965576 1948.011597 1943.150269 1938.378662 1933.911011 1929.561401 1925.265137
 2008.665894 2008.495361 2008.239502 2007.812988 2007.386597 2006.960205 2006.533691 2006.107300 2005.680908 2005.271484 2005.254517 2004.875000 2004.495605 2004.116211 2003.736694 2003.357300 2002.993042 2002.978027 2002.369019 2001.760132 2001.151367 1998.108276 1995.066772 1989.007812 1983.049072 1977.206421 1971.496216 1965.913940 1960.454712 1955.270142 1950.224731 1945.275024 1940.417847 1935.650757 1931.187988 1926.843506 1922.552368
 2005.859375 2005.688843 2005.433105 2005.006714 2004.580444 2004.154053 2003.727783 2003.301514 2002.875122 2002.465820 2002.448853 2002.069458 2001.690186 2001.310913 2000.931641 2000.552246 2000.188232 2000.173096 1999.564331 1998.955811 1998.347290 1995.305664 1992.265747 1986.209961 1980.254395 1974.415039 1968.708252 1963.129517 1957.674072 1952.493408 1947.452148 1942.506592 1937.654053 1932.891479 1928.433594 1924.094238 1919.808350
 2003.021118 2002.850708 2002.594971 2002.168701 2001.742554 2001.316284 2000.890015 2000.463867 2000.037598 1999.628540 1999.611450 1999.232300 1998.853027 1998.473877 1998.094727 1997.715454 1997.351562 1997.336426 1996.728027 1996.119751 1995.511597 1992.471436 1989.433105 1983.380371 1977.427979 1971.591919 1965.888672 1960.313477 1954.861694 1949.685059 1944.647949 1939.706787 1934.858521 1930.100586 1925.647705 1921.313477 1917.032959
 2000.151367 1999.980957 1999.725342 1999.299194 1998.873047 1998.446899 1998.020874 1997.594727 1997.168579 1996.759521 1996.742554 1996.363403 1995.984375 1995.605347 1995.226318 1994.847168 1994.483276 1994.468262 1993.860107 1993.252197 1992.644287 1989.605713 1986.568848 1980.519287 1974.570190 1968.737427 1963.037598 1957.466064 1952.017944 1946.845337 1941.812378 1936.875488 1932.031738 1927.278320 1922.830444 1918.501465 1914.226318
 1997.250366 1997.079956 1996.824341 1996.398315 1995.972290 1995.546265 1995.120361 1994.694336 1994.268311 1993.859375 1993.842407 1993.463379 1993.084473 1992.705444 1992.326538 1991.947632 1991.583862 1991.568726 1990.960938 1990.353271 1989.745728 1986.708740 1983.673340 1977.626953 1971.681030 1965.851685 1960.155273 1954.587402 1949.143066 1943.974365 1938.945557 1934.013062 1929.173706 1924.425049 1919.982178 1915.658447 1911.388672
 1994.317993 1994.147583 1993.892090 1993.466187 1993.040283 1992.614380 1992.188477 1991.762573 1991.336670 1990.927856 1990.910889 1990.531982 1990.153198 1989.774292 1989.395508 1989.016724 1988.653076 1988.637939 1988.030518 1987.423096 1986.815918 1983.780396 1980.746704 1974.703491 1968.760864 1962.934814 1957.241943 1951.677734 1946.237183 1941.072510 1936.047974 1931.119751 1926.284912 1921.540894 1917.103149 1912.784546 1908.520142
 1991.354004 1991.183716 1990.928223 1990.502441 1990.076660 1989.650879 1989.225098 1988.799316 1988.373535 1987.964844 1987.947754 1987.569092 1987.190430 1986.811646 1986.432983 1986.054321 1985.690796 1985.675659 1985.068481 1984.461548 1983.854492 1980.820679 1977.788574 1971.748535 1965.809204 1959.986694 1954.297485 1948.736938 1943.300171 1938.139648 1933.119385 1928.195557 1923.365356 1918.625977 1914.193359 1909.880127 1905.621216
 1988.358398 1988.188110 1987.932617 1987.506958 1987.081299 1986.655640 1986.229980 1985.804321 1985.378662 1984.969971 1984.953003 1984.574463 1984.195923 1983.817261 1983.438721 1983.060181 1982.696777 1982.681641 1982.074829 1981.468140 1980.861450 1977.829224 1974.798706 1968.762085 1962.826172 1957.007202 1951.321533 1945.764771 1940.332031 1935.175659 1930.159668 1925.240356 1920.414795 1915.680298 1911.252808 1906.944946 1902.691650
 1985.330688 1985.160522 1984.905151 1984.479614 1984.054077 1983.628540 1983.203003 1982.777344 1982.351807 1981.943359 1981.926392 1981.547852 1981.169434 1980.791016 1980.412598 1980.034180 1979.670898 1979.655762 1979.049316 1978.442871 1977.836548 1974.806030 1971.777100 1965.743774 1959.811401 1953.995972 1948.313965 1942.761108 1937.332275 1932.180176 1927.168701 1922.254028 1917.433105 1912.703491 1908.281250 1903.979004 1899.731201
 1982.271118 1982.100830 1981.845581 1981.420166 1980.994751 1980.569336 1980.143799 1979.718384 1979.292969 1978.884644 1978.867554 1978.489258 1978.110962 1977.732666 1977.354370 1976.976074 1976.612915 1976.597900 1975.991699 1975.385620 1974.779663 1971.750732 1968.723511 1962.693604 1956.764648 1950.952881 1945.274780 1939.725708 1934.301025 1929.153198 1924.146240 1919.236084 1914.420044 1909.695435 1905.278564 1900.981934 1896.739990
 1979.179321 1979.009155 1978.754028 1978.328735 1977.903320 1977.478027 1977.052734 1976.627441 1976.202148 1975.793823 1975.776855 1975.398682 1975.020508 1974.642334 1974.264160 1973.885986 1973.522949 1973.507812 1972.901978 1972.296265 1971.690674 1968.663452 1965.637939 1959.611450 1953.686035 1947.877930 1942.203613 1936.658569 1931.237915 1926.094482 1921.092041 1916.186768 1911.375610 1906.655884 1902.244629 1897.953613 1893.717529
 1976.055542 1975.885498 1975.630371 1975.205200 1974.779907 1974.354736 1973.929565 1973.504395 1973.079224 1972.671021 1972.654053 1972.276001 1971.897949 1971.519897 1971.141846 1970.763794 1970.400879 1970.385864 1969.780396 1969.174927 1968.569702 1965.544189 1962.520386 1956.497314 1950.575562 1944.771118 1939.100586 1933.559570 1928.143066 1923.004150 1918.006348 1913.105713 1908.299561 1903.584961 1899.179199 1894.893921 1890.663818
 1972.899780 1972.729736 1972.474731 1972.049561 1971.624512 1971.199463 1970.774414 1970.349243 1969.924194 1969.516113 1969.499146 1969.121216 1968.743408 1968.365479 1967.987549 1967.609741 1967.246948 1967.231812 1966.626709 1966.021606 1965.416748 1962.392822 1959.370850 1953.351318 1947.433228 1941.632446 1935.965820 1930.428833 1925.016479 1919.882080 1914.888916 1909.993164 1905.191895 1900.482544 1896.082397 1891.802979 1887.578735
 1969.711914 1969.541992 1969.286987 1968.861938 1968.437012 1968.012085 1967.587158 1967.162109 1966.737183 1966.329224 1966.312256 1965.934570 1965.556763 1965.178955 1964.801270 1964.423462 1964.060913 1964.045776 1963.441040 1962.836304 1962.231689 1959.209595 1956.189331 1950.173340 1944.258911 1938.462036 1932.799316 1927.266357 1921.858276 1916.728271 1911.739868 1906.848999 1902.052856 1897.348633 1892.954102 1888.680664 1884.462524
 1966.491577 1966.321655 1966.066772 1965.641846 1965.217041 1964.792236 1964.367432 1963.942627 1963.517700 1963.109985 1963.093018 1962.715332 1962.337646 1961.960083 1961.582520 1961.204834 1960.842407 1960.827271 1960.222900 1959.618530 1959.014282 1955.994019 1952.975464 1946.963135 1941.052490 1935.259399 1929.600830 1924.072021 1918.668213 1913.542847 1908.559204 1903.673340 1898.882202 1894.183350 1889.794556 1885.527100 1881.315063
 1963.238281 1963.068359 1962.813599 1962.388916 1961.964111 1961.539429 1961.114746 1960.690063 1960.265381 1959.857666 1959.840698 1959.463257 1959.085693 1958.708252 1958.330811 1957.953369 1957.590942 1957.575928 1956.971802 1956.367920 1955.764038 1952.745483 1949.728882 1943.720337 1937.813477 1932.024414 1926.369873 1920.845459 1915.446045 1910.325439 1905.346680 1900.465820 1895.679932 1890.986450 1886.603516 1882.342041 1878.136230
 1959.951538 1959.781738 1959.526978 1959.102417 1958.677856 1958.253296 1957.828735 1957.404175 1956.979614 1956.572021 1956.555054 1956.177734 1955.800415 1955.423096 1955.045776 1954.668457 1954.306274 1954.291138 1953.687500 1953.083862 1952.480347 1949.463745 1946.448975 1940.444336 1934.541382 1928.756470 1923.106201 1917.586060 1912.191284 1907.075439 1902.101685 1897.226074 1892.445557 1887.757568 1883.380615 1879.125366 1874.926025
 1956.630981 1956.461182 1956.206543 1955.782104 1955.357666 1954.933228 1954.508789 1954.084351 1953.659912 1953.252441 1953.235474 1952.858276 1952.481079 1952.104004 1951.726807 1951.349609 1950.987549 1950.972534 1950.369263 1949.765991 1949.162842 1946.148193 1943.135376 1937.134644 1931.235840 1925.455078 1919.809082 1914.293457 1908.903320 1903.792480 1898.823975 1893.953613 1889.178589 1884.496338 1880.125488 1875.876709 1871.683716
 1953.276245 1953.106567 1952.852051 1952.427734 1952.003418 1951.579102 1951.154785 1950.730469 1950.306152 1949.898926 1949.881958 1949.504883 1949.127930 1948.750854 1948.373901 1947.996826 1947.634888 1947.619873 1947.016968 1946.414185 1945.811401 1942.798706 1939.787842 1933.791016 1927.896362 1922.119751 1916.478271 1910.967163 1905.581787 1900.476074 1895.512817 1890.647949 1885.878540 1881.202026 1876.837524 1872.595337 1868.409180
 1949.887695 1949.718018 1949.463501 1949.039307 1948.615112 1948.191040 1947.766846 1947.342651 1946.918579 1946.511353 1946.494385 1946.117554 1945.740723 1945.363770 1944.986938 1944.610107 1944.248291 1944.233276 1943.630737 1943.028320 1942.425903 1939.415283 1936.406372 1930.413574 1924.522949 1918.750732 1913.113647 1907.607178 1902.226562 1897.125977 1892.168091 1887.308716 1882.545166 1877.874512 1873.516479 1869.280884 1865.101562
 1946.465088 1946.295532 1946.041138 1945.617065 1945.192993 1944.769043 1944.344971 1943.921021 1943.496948 1943.089966 1943.072998 1942.696289 1942.319580 1941.942871 1941.566162 1941.189453 1940.827881 1940.812866 1940.210693 1939.608643 1939.006592 1935.997925 1932.990967 1927.002319 1921.115845 1915.348022 1909.715332 1904.213623 1898.837891 1893.742432 1888.789917 1883.936157 1879.178345 1874.513672 1870.162109 1865.933350 1861.760986
 1943.008667 1942.839111 1942.584839 1942.160889 1941.736938 1941.313110 1940.889282 1940.465332 1940.041504 1939.634644 1939.617676 1939.241089 1938.864502 1938.488037 1938.111450 1937.734863 1937.373413 1937.358398 1936.756714 1936.155029 1935.553467 1932.546753 1929.541870 1923.557251 1917.675049 1911.911499 1906.283447 1900.786377 1895.415527 1890.325317 1885.378174 1880.530151 1875.778076 1871.119507 1866.774536 1862.552612 1858.387207
 1939.518311 1939.348877 1939.094604 1938.670898 1938.247070 1937.823364 1937.399658 1936.975952 1936.552124 1936.145386 1936.128418 1935.752075 1935.375610 1934.999268 1934.622925 1934.246582 1933.885254 1933.870239 1933.268799 1932.667603 1932.066406 1929.061768 1926.058960 1920.078369 1914.200439 1908.441406 1902.817871 1897.325562 1891.959595 1886.874634 1881.933105 1877.090698 1872.344604 1867.692139 1863.353760 1859.138672 1854.980469
 1935.993774 1935.824341 1935.570190 1935.146606 1934.723022 1934.299438 1933.875854 1933.452271 1933.028687 1932.622070 1932.605103 1932.228882 1931.852661 1931.476440 1931.100220 1930.723999 1930.362793 1930.347778 1929.746826 1929.145996 1928.545288 1925.542725 1922.541992 1916.565674 1910.692139 1904.937500 1899.318604 1893.831177 1888.470215 1883.390625 1878.454590 1873.617920 1868.877808 1864.231445 1859.899780 1855.691772 1851.540649
 1932.434448 1932.265015 1932.010986 1931.587524 1931.164062 1930.740601 1930.317139 1929.893799 1929.470337 1929.063843 1929.046875 1928.670898 1928.294800 1927.918701 1927.542725 1927.166626 1926.805664 1926.790649 1926.190186 1925.589722 1924.989380 1921.988892 1918.990356 1913.018433 1907.149414 1901.399292 1895.785278 1890.302856 1884.947021 1879.872803 1874.942627 1870.111816 1865.377686 1860.737671 1856.412720 1852.211670 1848.067871
 1928.839600 1928.670288 1928.416260 1927.992920 1927.569702 1927.146362 1926.723022 1926.299805 1925.876465 1925.470215 1925.453247 1925.077393 1924.701416 1924.325562 1923.949707 1923.573853 1923.213013 1923.198120 1922.598022 1921.998047 1921.398071 1918.399780 1915.403442 1909.436035 1903.571655 1897.826416 1892.217285 1886.739868 1881.389282 1876.320801 1871.396484 1866.571777 1861.843872 1857.210205 1852.892212 1848.698486 1844.562134
 1925.208374 1925.039185 1924.785278 1924.362061 1923.938965 1923.515869 1923.092651 1922.669556 1922.246460 1921.840210 1921.823364 1921.447632 1921.071899 1920.696289 1920.320557 1919.944824 1919.584229 1919.569214 1918.969604 1918.370117 1917.770630 1914.774658 1911.780640 1905.817871 1899.958130 1894.217773 1888.613770 1883.141724 1877.796631 1872.733887 1867.815552 1862.997070 1858.275635 1853.648560 1849.337891 1845.151489 1841.022827
 1921.540405 1921.371216 1921.117432 1920.694458 1920.271484 1919.848511 1919.425537 1919.002563 1918.579590 1918.173584 1918.156738 1917.781128 1917.405640 1917.030151 1916.654663 1916.279175 1915.918701 1915.903687 1915.304565 1914.705444 1914.106445 1911.112793 1908.121094 1902.163086 1896.308228 1890.572998 1884.974243 1879.507446 1874.168091 1869.111328 1864.199219 1859.387207 1854.672363 1850.052124 1845.748779 1841.570190 1837.449341
 1917.835083 1917.666016 1917.412354 1916.989502 1916.566650 1916.143921 1915.721069 1915.298340 1914.875488 1914.469604 1914.452759 1914.077393 1913.702026 1913.326782 1912.951416 1912.576050 1912.215820 1912.200806 1911.602173 1911.003540 1910.405151 1907.413818 1904.424438 1898.471313 1892.621460 1886.891479 1881.297974 1875.836914 1870.503174 1865.452637 1860.546875 1855.741455 1851.033447 1846.420288 1842.124512 1837.953857 1833.841064
 1914.091919 1913.922852 1913.669312 1913.246704 1912.824097 1912.401367 1911.978760 1911.556152 1911.133545 1910.727783 1910.710938 1910.335815 1909.960693 1909.585571 1909.210449 1908.835327 1908.475220 1908.460205 1907.862061 1907.263916 1906.665894 1903.677124 1900.690186 1894.742065 1888.897461 1883.172607 1877.584717 1872.129272 1866.801392 1861.757202 1856.858032 1852.059326 1847.358276 1842.752319 1838.464355 1834.301758 1830.197388
 1910.310303 1910.141235 1909.887817 1909.465332 1909.042847 1908.620361 1908.197998 1907.775513 1907.353027 1906.947510 1906.930664 1906.555664 1906.180786 1905.805786 1905.430908 1905.056030 1904.696045 1904.681152 1904.083374 1903.485840 1902.888306 1899.901978 1896.917725 1890.974731 1885.135376 1879.416016 1873.833740 1868.384155 1863.062378 1858.024658 1853.132202 1848.340332 1843.646484 1839.047852 1834.767944 1830.613770 1826.517822
 1906.489014 1906.320068 1906.066650 1905.644409 1905.222168 1904.799927 1904.377563 1903.955322 1903.533081 1903.127686 1903.110840 1902.736084 1902.361328 1901.986694 1901.611938 1901.237305 1900.877563 1900.862549 1900.265381 1899.668335 1899.071411 1896.087646 1893.105957 1887.168335 1881.334473 1875.620850 1870.044434 1864.600830 1859.285278 1854.254272 1849.368652 1844.584106 1839.897461 1835.306519 1831.034790 1826.889038 1822.801880
 1902.627075 1902.458252 1902.204956 1901.782837 1901.360840 1900.938721 1900.516602 1900.094604 1899.672485 1899.267334 1899.250488 1898.875977 1898.501465 1898.126953 1897.752441 1897.377930 1897.018433 1897.003540 1896.406860 1895.810303 1895.213867 1892.232910 1889.254028 1883.321899 1877.493774 1871.786011 1866.215698 1860.778320 1855.469360 1850.445190 1845.566772 1840.789551 1836.110596 1831.527466 1827.264282 1823.127319 1819.049194
 1898.723145 1898.554321 1898.301147 1897.879272 1897.457397 1897.035522 1896.613647 1896.191772 1895.769897 1895.364990 1895.348145 1894.973755 1894.599487 1894.225220 1893.850952 1893.476685 1893.117432 1893.102539 1892.506470 1891.910522 1891.314575 1888.336548 1885.360474 1879.434204 1873.611938 1867.910400 1862.346436 1856.915649 1851.613403 1846.596436 1841.725586 1836.955933 1832.284912 1827.709839 1823.455444 1819.327759 1815.258789
 1894.775635 1894.606934 1894.353882 1893.932251 1893.510620 1893.088867 1892.667236 1892.245605 1891.823975 1891.419189 1891.402344 1891.028198 1890.654175 1890.280151 1889.906128 1889.532104 1889.173096 1889.158081 1888.562622 1887.967285 1887.372070 1884.396973 1881.423950 1875.503784 1869.687744 1863.992554 1858.435303 1853.011353 1847.716187 1842.706787 1837.843628 1833.082153 1828.419312 1823.852783 1819.607544 1815.489258 1811.430054
 1890.782837 1890.614258 1890.361450 1889.939941 1889.518555 1889.097046 1888.675659 1888.254150 1887.832764 1887.428223 1887.411377 1887.037476 1886.663696 1886.289917 1885.916138 1885.542358 1885.183594 1885.168701 1884.573853 1883.979126 1883.384521 1880.412598 1877.442749 1871.528931 1865.719604 1860.031128 1854.480835 1849.064087 1843.776367 1838.774780 1833.919922 1829.166748 1824.512573 1819.954834 1815.719238 1811.610840 1807.561768
 1886.742432 1886.573975 1886.321289 1885.900024 1885.478760 1885.057617 1884.636353 1884.215210 1883.793945 1883.389648 1883.372803 1882.999268 1882.625732 1882.252197 1881.878784 1881.505249 1881.146606 1881.131836 1880.537598 1879.943604 1879.349609 1876.381104 1873.414673 1867.507812 1861.705444 1856.024170 1850.481201 1845.072144 1839.792236 1834.799072 1829.952759 1825.208374 1820.563232 1816.014771 1811.789185 1807.691162 1803.652710
 1882.650513 1882.482178 1882.229614 1881.808594 1881.387695 1880.966797 1880.545776 1880.124878 1879.703979 1879.299927 1879.283081 1878.909790 1878.536621 1878.163330 1877.790161 1877.416992 1877.058716 1877.043823 1876.450439 1875.857178 1875.263916 1872.299194 1869.336548 1863.437134 1857.642456 1851.969116 1846.434082 1841.033203 1835.761719 1830.777344 1825.940308 1821.205322 1816.569702 1812.031128 1807.816040 1803.729004 1799.701538
 1878.500732 1878.332397 1878.080078 1877.659424 1877.238770 1876.818115 1876.397461 1875.976929 1875.556274 1875.152466 1875.135742 1874.762817 1874.389893 1874.017090 1873.644165 1873.271362 1872.913452 1872.898560 1872.306030 1871.713623 1871.121338 1868.161011 1865.202637 1859.312012 1853.526123 1847.861450 1842.335571 1836.943726 1831.681519 1826.706909 1821.879761 1817.155029 1812.529785 1808.001587 1803.797852 1799.722412 1795.706665
 1874.276367 1874.108398 1873.856323 1873.436157 1873.015991 1872.595947 1872.175781 1871.755737 1871.335571 1870.932251 1870.915527 1870.543091 1870.170776 1869.798462 1869.426147 1869.053833 1868.696411 1868.681641 1868.090332 1867.499268 1866.908203 1863.954102 1861.001709 1855.122437 1849.347534 1843.693848 1838.178711 1832.797729 1827.546265 1822.582886 1817.767090 1813.053711 1808.439941 1803.923340 1799.731934 1795.669067 1791.666016
 -999.000000 -999.000000 -999.000000 -999.000000 -999.000000 -999.000000 -999.000000 -999.000000 -999.000000 -999.000000 -999.000000 -999.000000 -999.000000 -999.000000 -999.000000 -999.000000 -999.000000 -999.000000 -999.000000 -999.000000 -999.000000 -999.000000 -999.000000 -999.000000 -999.000000 -999.000000 -999.000000 1828.581421 1823.344849 1818.395996 1813.594238 1808.894531 1804.294312 1799.791138 1795.613892 1791.565063 1787.576050
 -999.000000 -999.000000 -999.000000 -999.000000 -999.000000 -999.000000 -999.000000 -999.000000 -999.000000 -999.000000 -999.000000 -999.000000 -999.000000 -999.000000 -999.000000 -999.000000 -999.000000 -999.000000 -999.000000 -999.000000 -999.000000 -999.000000 -999.000000 -999.000000 -999.000000 -999.000000 -999.000000 -999.000000 -999.000000 -999.000000 -999.000000 -999.000000 1800.080566 1795.595337 1791.435669 1787.403931 1783.431519
 -999.000000 -999.000000 -999.000000 -999.000000 -999.000000 -999.000000 -999.000000 -999.000000 -999.000000 -999.000000 -999.000000 -999.000000 -999.000000 -999.000000 -999.000000 -999.000000 -999.000000 -999.000000 -999.000000 -999.000000 -999.000000 -999.000000 -999.000000 -999.000000 -999.000000 -999.000000 -999.000000 -999.000000 -999.000000 -999.000000 -999.000000 -999.000000 -999.000000 -999.000000 -999.000000 1783.167480 1779.220703
#
# dtdd (rows - delta, columns - depth)
#
   -2.075744   -2.075724   -2.075693   -2.075643   -2.075593   -2.075542   -2.075492   -2.075441   -2.075391   -2.075342   -2.075340   -2.075283   -2.075226   -2.075169   -2.075112   -2.075055   -2.075000   -2.074998   -2.074856   -2.074713   -2.074571   -2.073854   -2.073131   -2.071659   -2.070136   -2.068556   -2.066911 -999.000000 -999.000000 -999.000000 -999.000000 -999.000000 -999.000000 -999.000000 -999.000000 -999.000000 -999.000000
   -2.095868   -2.095849   -2.095819   -2.095771   -2.095722   -2.095673   -2.095624   -2.095575   -2.095526   -2.095479   -2.095477   -2.095422   -2.095366   -2.095311   -2.095256   -2.095201   -2.095148   -2.095145   -2.095008   -2.094870   -2.094732   -2.094037   -2.093336   -2.091910   -2.090434   -2.088903   -2.087310   -2.085651   -2.083924   -2.082073   -2.080138   -2.078129   -2.076044   -2.073878   -2.071523   -2.069060   -2.066517
   -2.115209   -2.115190   -2.115161   -2.115114   -2.115066   -2.115019   -2.114971   -2.114924   -2.114876   -2.114830   -2.114828   -2.114775   -2.114721   -2.114668   -2.114614   -2.114560   -2.114509   -2.114506   -2.114373   -2.114239   -2.114105   -2.113430   -2.112749   -2.111364   -2.109931   -2.108445   -2.106897   -2.105287   -2.103611   -2.101815   -2.099937   -2.097987   -2.095964   -2.093863   -2.091579   -2.089190   -2.086724
   -2.133842   -2.133823   -2.133795   -2.133749   -2.133703   -2.133657   -2.133610   -2.133564   -2.133518   -2.133473   -2.133471   -2.133420   -2.133367   -2.133315   -2.133263   -2.133211   -2.133160   -2.133158   -2.133028   -2.132898   -2.132767   -2.132110   -2.131448   -2.130100   -2.128706   -2.127260   -2.125755   -2.124188   -2.122558   -2.120811   -2.118985   -2.117090   -2.115122   -2.113080   -2.110860   -2.108538   -2.106141
   -2.151833   -2.151815   -2.151788   -2.151743   -2.151698   -2.151653   -2.151608   -2.151562   -2.151517   -2.151474   -2.151472   -2.151421   -2.151370   -2.151319   -2.151268   -2.151217   -2.151168   -2.151166   -2.151039   -2.150912   -2.150785   -2.150145   -2.149499   -2.148185   -2.146827   -2.145417   -2.143951   -2.142424   -2.140836   -2.139134   -2.137355   -2.135508   -2.133592   -2.131603   -2.129441   -2.127180   -2.124847
   -2.169860   -2.169841   -2.169813   -2.169766   -2.169719   -2.169672   -2.169624   -2.169577   -2.169530   -2.169485   -2.169483   -2.169430   -2.169377   -2.169324   -2.169271   -2.169218   -2.169167   -2.169164   -2.169032   -2.168900   -2.168767   -2.168102   -2.167432   -2.166075   -2.164678   -2.163237   -2.161745   -2.160201   -2.158603   -2.156903   -2.155136   -2.153314   -2.151436   -2.149496   -2.147387   -2.145182   -2.142906
   -2.188520   -2.188500   -2.188471   -2.188421   -2.188372   -2.188323   -2.188274   -2.188225   -2.188175   -2.188128   -2.188126   -2.188071   -2.188015   -2.187959   -2.187904   -2.187848   -2.187795   -2.187793   -2.187654   -2.187516   -2.187377   -2.186682   -2.185982   -2.184563   -2.183104   -2.181599   -2.180041   -2.178429   -2.176762   -2.174988   -2.173145   -2.171246   -2.169288   -2.167272   -2.165097   -2.162841   -2.160532
   -2.207894   -2.207874   -2.207843   -2.207791   -2.207740   -2.207688   -2.207636   -2.207585   -2.207533   -2.207483   -2.207481   -2.207423   -2.207365   -2.207307   -2.207248   -2.207190   -2.207134   -2.207132   -2.206987   -2.206841   -2.206696   -2.205966   -2.205231   -2.203744   -2.202214   -2.200637   -2.199005   -2.197317   -2.195572   -2.193715   -2.191787   -2.189801   -2.187755   -2.185649   -2.183377   -2.181021   -2.178612
   -2.228084   -2.228062   -2.228029   -2.227975   -2.227921   -2.227866   -2.227812   -2.227757   -2.227703   -2.227650   -2.227648   -2.227587   -2.227526   -2.227464   -2.227403   -2.227342   -2.227283   -2.227280   -2.227127   -2.226974   -2.226821   -2.226052   -2.225278   -2.223712   -2.222102   -2.220442   -2.218726   -2.216951   -2.215117   -2.213167   -2.211143   -2.209059   -2.206913   -2.204705   -2.202324   -2.199857   -2.197335
   -2.249213   -2.249190   -2.249156   -2.249099   -2.249041   -2.248983   -2.248926   -2.248868   -2.248810   -2.248755   -2.248753   -2.248688   -2.248623   -2.248558   -2.248493   -2.248428   -2.248365   -2.248363   -2.248201   -2.248039   -2.247876   -2.247062   -2.246243   -2.244586   -2.242883   -2.241128   -2.239315   -2.237441   -2.235505   -2.233447   -2.231313   -2.229117   -2.226857   -2.224532   -2.222027   -2.219434   -2.216783
   -2.270981   -2.270957   -2.270922   -2.270863   -2.270804   -2.270746   -2.270686   -2.270627   -2.270568   -2.270512   -2.270509   -2.270443   -2.270376   -2.270310   -2.270243   -2.270177   -2.270113   -2.270110   -2.269945   -2.269778   -2.269612   -2.268778   -2.267937   -2.266232   -2.264475   -2.262660   -2.260778   -2.258828   -2.256807   -2.254653   -2.252410   -2.250095   -2.247705   -2.245246   -2.242598   -2.239859   -2.237062
   -2.293043   -2.293019   -2.292983   -2.292922   -2.292862   -2.292802   -2.292742   -2.292681   -2.292621   -2.292563   -2.292560   -2.292492   -2.292424   -2.292356   -2.292288   -2.292220   -2.292155   -2.292152   -2.291982   -2.291812   -2.291642   -2.290787   -2.289927   -2.288181   -2.286382   -2.284524   -2.282598   -2.280602   -2.278534   -2.276329   -2.274034   -2.271665   -2.269219   -2.266694   -2.263964   -2.261127   -2.258217
   -2.315417   -2.315392   -2.315356   -2.315294   -2.315232   -2.315170   -2.315109   -2.315047   -2.314985   -2.314925   -2.314923   -2.314853   -2.314783   -2.314714   -2.314644   -2.314574   -2.314507   -2.314504   -2.314330   -2.314156   -2.313982   -2.313106   -2.312224   -2.310436   -2.308594   -2.306690   -2.304718   -2.302673   -2.300555   -2.298297   -2.295948   -2.293522   -2.291018   -2.288433   -2.285638   -2.282734   -2.279756
   -2.338122   -2.338097   -2.338059   -2.337996   -2.337933   -2.337869   -2.337806   -2.337742   -2.337679   -2.337618   -2.337615   -2.337544   -2.337472   -2.337401   -2.337329   -2.337258   -2.337189   -2.337186   -2.337008   -2.336829   -2.336651   -2.335753   -2.334849   -2.333015   -2.331127   -2.329176   -2.327154   -2.325059   -2.322889   -2.320575   -2.318167   -2.315682   -2.313116   -2.310469   -2.307606   -2.304632   -2.301582
   -2.361179   -2.361153   -2.361114   -2.361049   -2.360984   -2.360919   -2.360854   -2.360789   -2.360724   -2.360662   -2.360659   -2.360586   -2.360512   -2.360439   -2.360366   -2.360292   -2.360222   -2.360219   -2.360036   -2.359853   -2.359669   -2.358748   -2.357820   -2.355939   -2.354002   -2.352001   -2.349927   -2.347778   -2.345552   -2.343179   -2.340711   -2.338163   -2.335533   -2.332819   -2.329885   -2.326837   -2.323711
   -2.384638   -2.384611   -2.384571   -2.384504   -2.384436   -2.384369   -2.384302   -2.384235   -2.384168   -2.384103   -2.384100   -2.384025   -2.383949   -2.383873   -2.383797   -2.383722   -2.383649   -2.383646   -2.383457   -2.383268   -2.383078   -2.382128   -2.381171   -2.379234   -2.377242   -2.375186   -2.373057   -2.370852   -2.368568   -2.366132   -2.363599   -2.360985   -2.358287   -2.355503   -2.352493   -2.349367   -2.346162
   -2.408818   -2.408790   -2.408748   -2.408678   -2.408608   -2.408538   -2.408468   -2.408397   -2.408327   -2.408259   -2.408256   -2.408177   -2.408098   -2.408019   -2.407940   -2.407860   -2.407784   -2.407781   -2.407583   -2.407386   -2.407187   -2.406194   -2.405194   -2.403169   -2.401087   -2.398940   -2.396719   -2.394422   -2.392047   -2.389520   -2.386896   -2.384194   -2.381411   -2.378545   -2.375452   -2.372243   -2.368954
   -2.433892   -2.433862   -2.433818   -2.433745   -2.433671   -2.433597   -2.433523   -2.433450   -2.433376   -2.433305   -2.433302   -2.433219   -2.433136   -2.433053   -2.432970   -2.432886   -2.432806   -2.432803   -2.432596   -2.432388   -2.432180   -2.431137   -2.430088   -2.427964   -2.425781   -2.423531   -2.421204   -2.418798   -2.416312   -2.413667   -2.410923   -2.408098   -2.405189   -2.402194   -2.398965   -2.395619   -2.392199
   -2.459985   -2.459954   -2.459907   -2.459830   -2.459752   -2.459674   -2.459596   -2.459519   -2.459441   -2.459366   -2.459363   -2.459275   -2.459188   -2.459100   -2.459013   -2.458925   -2.458841   -2.458837   -2.458618   -2.458400   -2.458181   -2.457082   -2.455976   -2.453739   -2.451441   -2.449073   -2.446626   -2.444097   -2.441485   -2.438707   -2.435826   -2.432862   -2.429811   -2.426673   -2.423290   -2.419786   -2.416207
   -2.487221   -2.487189   -2.487140   -2.487058   -2.486977   -2.486895   -2.486813   -2.486732   -2.486650   -2.486571   -2.486568   -2.486476   -2.486384   -2.486292   -2.486200   -2.486108   -2.486019   -2.486015   -2.485785   -2.485555   -2.485325   -2.484168   -2.483003   -2.480643   -2.478213   -2.475709   -2.473123   -2.470453   -2.467696   -2.464766   -2.461729   -2.458605   -2.455393   -2.452091   -2.448533   -2.444852   -2.441093
   -2.515154   -2.515120   -2.515070   -2.514986   -2.514902   -2.514818   -2.514734   -2.514650   -2.514565   -2.514484   -2.514481   -2.514386   -2.514291   -2.514196   -2.514102   -2.514007   -2.513915   -2.513911   -2.513674   -2.513438   -2.513200   -2.512008   -2.510808   -2.508376   -2.505872   -2.503288   -2.500611   -2.497839   -2.494970   -2.491913   -2.488734   -2.485456   -2.482074   -2.478588   -2.474830   -2.470943   -2.466979
   -2.543626   -2.543592   -2.543540   -2.543453   -2.543366   -2.543280   -2.543193   -2.543106   -2.543019   -2.542936   -2.542932   -2.542834   -2.542737   -2.542639   -2.542541   -2.542443   -2.542348   -2.542345   -2.542100   -2.541856   -2.541610   -2.540381   -2.539143   -2.536634   -2.534052   -2.531387   -2.528627   -2.525770   -2.522813   -2.519661   -2.516387   -2.513009   -2.509526   -2.505935   -2.502054   -2.498026   -2.493901
   -2.572684   -2.572649   -2.572595   -2.572505   -2.572416   -2.572326   -2.572237   -2.572147   -2.572057   -2.571971   -2.571967   -2.571866   -2.571765   -2.571664   -2.571563   -2.571461   -2.571364   -2.571360   -2.571108   -2.570855   -2.570602   -2.569331   -2.568052   -2.565461   -2.562795   -2.560043   -2.557193   -2.554244   -2.551192   -2.547940   -2.544562   -2.541077   -2.537485   -2.533783   -2.529782   -2.525630   -2.521379
   -2.602380   -2.602343   -2.602288   -2.602195   -2.602103   -2.602010   -2.601917   -2.601824   -2.601731   -2.601642   -2.601638   -2.601534   -2.601429   -2.601325   -2.601220   -2.601115   -2.601014   -2.601010   -2.600749   -2.600487   -2.600225   -2.598911   -2.597588   -2.594907   -2.592149   -2.589303   -2.586357   -2.583309   -2.580155   -2.576795   -2.573304   -2.569705   -2.565995   -2.562173   -2.558043   -2.553758   -2.549372
   -2.632728   -2.632689   -2.632632   -2.632537   -2.632441   -2.632346   -2.632250   -2.632154   -2.632059   -2.631967   -2.631963   -2.631855   -2.631747   -2.631640   -2.631532   -2.631424   -2.631320   -2.631316   -2.631046   -2.630777   -2.630507   -2.629151   -2.627785   -2.625018   -2.622168   -2.619224   -2.616174   -2.613017   -2.609752   -2.606275   -2.602663   -2.598940   -2.595104   -2.591151   -2.586882   -2.582453   -2.577922
   -2.663500   -2.663461   -2.663402   -2.663305   -2.663207   -2.663109   -2.663011   -2.662913   -2.662815   -2.662720   -2.662716   -2.662606   -2.662496   -2.662385   -2.662274   -2.662164   -2.662057   -2.662053   -2.661777   -2.661500   -2.661223   -2.659833   -2.658434   -2.655597   -2.652676   -2.649659   -2.646533   -2.643296   -2.639943   -2.636368   -2.632649   -2.628812   -2.624853   -2.620769   -2.616351   -2.611767   -2.607078
   -2.694681   -2.694641   -2.694581   -2.694481   -2.694381   -2.694280   -2.694180   -2.694079   -2.693978   -2.693882   -2.693878   -2.693764   -2.693651   -2.693538   -2.693424   -2.693311   -2.693202   -2.693197   -2.692914   -2.692630   -2.692346   -2.690920   -2.689485   -2.686575   -2.683579   -2.680485   -2.677279   -2.673959   -2.670522   -2.666857   -2.663045   -2.659112   -2.655054   -2.650869   -2.646341   -2.641638   -2.636820
   -2.726300   -2.726259   -2.726197   -2.726094   -2.725991   -2.725888   -2.725785   -2.725682   -2.725579   -2.725479   -2.725475   -2.725359   -2.725242   -2.725126   -2.725010   -2.724893   -2.724781   -2.724777   -2.724486   -2.724194   -2.723903   -2.722439   -2.720965   -2.717978   -2.714903   -2.711727   -2.708438   -2.705031   -2.701504   -2.697744   -2.693834   -2.689799   -2.685638   -2.681346   -2.676703   -2.671881   -2.666941
   -2.758384   -2.758342   -2.758279   -2.758173   -2.758067   -2.757962   -2.757856   -2.757750   -2.757644   -2.757542   -2.757538   -2.757419   -2.757299   -2.757180   -2.757061   -2.756941   -2.756826   -2.756821   -2.756523   -2.756224   -2.755924   -2.754420   -2.752906   -2.749837   -2.746678   -2.743416   -2.740038   -2.736539   -2.732918   -2.729057   -2.725042   -2.720901   -2.716629   -2.712225   -2.707460   -2.702512   -2.697444
   -2.790519   -2.790477   -2.790413   -2.790307   -2.790201   -2.790095   -2.789989   -2.789882   -2.789776   -2.789674   -2.789669   -2.789550   -2.789430   -2.789310   -2.789190   -2.789070   -2.788954   -2.788949   -2.788650   -2.788349   -2.788049   -2.786537   -2.785015   -2.781924   -2.778735   -2.775435   -2.772008   -2.768451   -2.764760   -2.760813   -2.756699   -2.752445   -2.748058   -2.743534   -2.738640   -2.733560   -2.728356
   -2.822407   -2.822364   -2.822300   -2.822194   -2.822088   -2.821981   -2.821874   -2.821768   -2.821661   -2.821558   -2.821554   -2.821434   -2.821313   -2.821193   -2.821073   -2.820952   -2.820836   -2.820831   -2.820530   -2.820229   -2.819927   -2.818409   -2.816880   -2.813776   -2.810574   -2.807259   -2.803818   -2.800245   -2.796537   -2.792572   -2.788438   -2.784161   -2.779737   -2.775160   -2.770193   -2.765017   -2.759698
   -2.854047   -2.854004   -2.853940   -2.853833   -2.853726   -2.853619   -2.853512   -2.853405   -2.853298   -2.853195   -2.853191   -2.853070   -2.852949   -2.852829   -2.852708   -2.852587   -2.852470   -2.852465   -2.852163   -2.851861   -2.851557   -2.850034   -2.848499   -2.845383   -2.842168   -2.838840   -2.835385   -2.831797   -2.828073   -2.824091   -2.819939   -2.815642   -2.811197   -2.806599   -2.801607   -2.796405   -2.791058
   -2.885437   -2.885394   -2.885330   -2.885222   -2.885115   -2.885008   -2.884901   -2.884793   -2.884686   -2.884582   -2.884578   -2.884457   -2.884336   -2.884215   -2.884093   -2.883972   -2.883855   -2.883850   -2.883547   -2.883243   -2.882939   -2.881411   -2.879870   -2.876743   -2.873516   -2.870176   -2.866708   -2.863106   -2.859368   -2.855369   -2.851200   -2.846885   -2.842421   -2.837802   -2.832787   -2.827560   -2.822188
   -2.916699   -2.916656   -2.916591   -2.916482   -2.916374   -2.916265   -2.916156   -2.916047   -2.915938   -2.915834   -2.915829   -2.915707   -2.915584   -2.915461   -2.915338   -2.915215   -2.915097   -2.915092   -2.914785   -2.914477   -2.914169   -2.912622   -2.911063   -2.907903   -2.904647   -2.901281   -2.897790   -2.894171   -2.890419   -2.886405   -2.882220   -2.877888   -2.873406   -2.868768   -2.863731   -2.858481   -2.853084
   -2.948136   -2.948092   -2.948025   -2.947915   -2.947804   -2.947694   -2.947583   -2.947472   -2.947361   -2.947255   -2.947250   -2.947126   -2.947001   -2.946876   -2.946751   -2.946626   -2.946506   -2.946501   -2.946188   -2.945875   -2.945561   -2.943987   -2.942402   -2.939187   -2.935874   -2.932449   -2.928898   -2.925217   -2.921402   -2.917327   -2.913086   -2.908704   -2.904178   -2.899505   -2.894439   -2.889167   -2.883746
   -2.979767   -2.979722   -2.979655   -2.979543   -2.979430   -2.979318   -2.979205   -2.979092   -2.978980   -2.978871   -2.978867   -2.978740   -2.978613   -2.978486   -2.978359   -2.978231   -2.978109   -2.978104   -2.977786   -2.977467   -2.977148   -2.975546   -2.973933   -2.970661   -2.967290   -2.963806   -2.960192   -2.956447   -2.952564   -2.948419   -2.944103   -2.939645   -2.935040   -2.930285   -2.925131   -2.919770   -2.914270
   -3.011605   -3.011559   -3.011491   -3.011376   -3.011262   -3.011147   -3.011033   -3.010918   -3.010803   -3.010693   -3.010688   -3.010559   -3.010430   -3.010300   -3.010171   -3.010041   -3.009917   -3.009912   -3.009588   -3.009264   -3.008939   -3.007308   -3.005666   -3.002336   -2.998905   -2.995359   -2.991681   -2.987869   -2.983918   -2.979699   -2.975307   -2.970770   -2.966084   -2.961245   -2.955999   -2.950543   -2.944946
   -3.043641   -3.043594   -3.043525   -3.043409   -3.043292   -3.043176   -3.043060   -3.042943   -3.042827   -3.042715   -3.042710   -3.042579   -3.042448   -3.042317   -3.042185   -3.042053   -3.041927   -3.041922   -3.041593   -3.041264   -3.040934   -3.039277   -3.037608   -3.034221   -3.030730   -3.027119   -3.023376   -3.019495   -3.015473   -3.011178   -3.006706   -3.002088   -2.997318   -2.992393   -2.987053   -2.981498   -2.975801
   -3.075703   -3.075656   -3.075586   -3.075469   -3.075351   -3.075234   -3.075116   -3.074999   -3.074881   -3.074768   -3.074763   -3.074631   -3.074498   -3.074366   -3.074233   -3.074100   -3.073972   -3.073967   -3.073634   -3.073302   -3.072968   -3.071294   -3.069607   -3.066185   -3.062656   -3.059006   -3.055217   -3.051286   -3.047208   -3.042849   -3.038306   -3.033609   -3.028753   -3.023738   -3.018301   -3.012645   -3.006845
   -3.107748   -3.107701   -3.107630   -3.107511   -3.107393   -3.107274   -3.107155   -3.107037   -3.106918   -3.106803   -3.106799   -3.106665   -3.106531   -3.106397   -3.106263   -3.106128   -3.105999   -3.105994   -3.105658   -3.105322   -3.104985   -3.103293   -3.101589   -3.098131   -3.094565   -3.090877   -3.087048   -3.083075   -3.078954   -3.074548   -3.069957   -3.065208   -3.060299   -3.055224   -3.049713   -3.043975   -3.038081
   -3.139775   -3.139727   -3.139655   -3.139535   -3.139416   -3.139296   -3.139176   -3.139056   -3.138936   -3.138821   -3.138816   -3.138680   -3.138545   -3.138410   -3.138274   -3.138139   -3.138008   -3.138003   -3.137664   -3.137324   -3.136984   -3.135274   -3.133553   -3.130059   -3.126456   -3.122729   -3.118861   -3.114847   -3.110682   -3.106230   -3.101589   -3.096790   -3.091828   -3.086698   -3.081127   -3.075324   -3.069365
   -3.171784   -3.171735   -3.171663   -3.171542   -3.171421   -3.171300   -3.171179   -3.171057   -3.170936   -3.170819   -3.170815   -3.170678   -3.170541   -3.170404   -3.170267   -3.170130   -3.169999   -3.169993   -3.169650   -3.169307   -3.168963   -3.167237   -3.165498   -3.161968   -3.158329   -3.154564   -3.150656   -3.146600   -3.142392   -3.137893   -3.133203   -3.128353   -3.123338   -3.118154   -3.112522   -3.106656   -3.100631
   -3.204031   -3.203982   -3.203907   -3.203784   -3.203660   -3.203536   -3.203412   -3.203287   -3.203163   -3.203044   -3.203039   -3.202899   -3.202759   -3.202619   -3.202478   -3.202338   -3.202203   -3.202198   -3.201846   -3.201495   -3.201143   -3.199375   -3.197596   -3.193990   -3.190277   -3.186443   -3.182469   -3.178352   -3.174088   -3.169537   -3.164798   -3.159898   -3.154830   -3.149590   -3.143898   -3.137968   -3.131877
   -3.236726   -3.236675   -3.236599   -3.236472   -3.236345   -3.236218   -3.236091   -3.235963   -3.235836   -3.235714   -3.235709   -3.235565   -3.235422   -3.235278   -3.235134   -3.234990   -3.234852   -3.234846   -3.234486   -3.234126   -3.233765   -3.231953   -3.230129   -3.226434   -3.222629   -3.218699   -3.214628   -3.210410   -3.206043   -3.201382   -3.196533   -3.191529   -3.186365   -3.181037   -3.175262   -3.169261   -3.163105
   -3.269906   -3.269854   -3.269776   -3.269646   -3.269516   -3.269385   -3.269255   -3.269124   -3.268993   -3.268868   -3.268862   -3.268715   -3.268568   -3.268421   -3.268273   -3.268126   -3.267984   -3.267978   -3.267608   -3.267238   -3.266868   -3.265009   -3.263137   -3.259345   -3.255442   -3.251411   -3.247236   -3.242911   -3.238434   -3.233655   -3.228684   -3.223556   -3.218265   -3.212807   -3.206891   -3.200743   -3.194445
   -3.303617   -3.303564   -3.303483   -3.303350   -3.303216   -3.303082   -3.302948   -3.302814   -3.302679   -3.302550   -3.302545   -3.302394   -3.302242   -3.302091   -3.301939   -3.301788   -3.301642   -3.301636   -3.301256   -3.300876   -3.300495   -3.298585   -3.296662   -3.292767   -3.288758   -3.284619   -3.280332   -3.275892   -3.271297   -3.266392   -3.261292   -3.256031   -3.250603   -3.245007   -3.238940   -3.232637   -3.226182
   -3.337649   -3.337595   -3.337513   -3.337378   -3.337243   -3.337107   -3.336972   -3.336836   -3.336700   -3.336570   -3.336564   -3.336411   -3.336258   -3.336105   -3.335951   -3.335798   -3.335650   -3.335644   -3.335259   -3.334874   -3.334489   -3.332552   -3.330601   -3.326641   -3.322558   -3.318333   -3.313947   -3.309396   -3.304675   -3.299635   -3.294396   -3.288992   -3.283419   -3.277673   -3.271446   -3.264977   -3.258353
   -3.371644   -3.371589   -3.371507   -3.371371   -3.371234   -3.371097   -3.370960   -3.370823   -3.370686   -3.370554   -3.370549   -3.370394   -3.370240   -3.370085   -3.369930   -3.369775   -3.369627   -3.369620   -3.369232   -3.368843   -3.368454   -3.366498   -3.364528   -3.360530   -3.356407   -3.352141   -3.347713   -3.343116   -3.338347   -3.333244   -3.327924   -3.322421   -3.316730   -3.310845   -3.304449   -3.297802   -3.290998
   -3.405598   -3.405543   -3.405460   -3.405322   -3.405184   -3.405046   -3.404908   -3.404770   -3.404631   -3.404498   -3.404493   -3.404337   -3.404181   -3.404025   -3.403868   -3.403712   -3.403562   -3.403556   -3.403164   -3.402771   -3.402378   -3.400404   -3.398415   -3.394379   -3.390217   -3.385910   -3.381438   -3.376797   -3.371981   -3.366828   -3.361455   -3.355897   -3.350148   -3.344203   -3.337739   -3.331002   -3.324081
   -3.439508   -3.439453   -3.439369   -3.439230   -3.439091   -3.438952   -3.438812   -3.438673   -3.438533   -3.438399   -3.438394   -3.438236   -3.438079   -3.437921   -3.437763   -3.437606   -3.437454   -3.437448   -3.437052   -3.436656   -3.436259   -3.434267   -3.432259   -3.428186   -3.423984   -3.419637   -3.415123   -3.410437   -3.405575   -3.400372   -3.394946   -3.389333   -3.383527   -3.377522   -3.370991   -3.364184   -3.357191
   -3.473374   -3.473318   -3.473233   -3.473093   -3.472953   -3.472812   -3.472672   -3.472531   -3.472390   -3.472255   -3.472249   -3.472090   -3.471932   -3.471773   -3.471613   -3.471454   -3.471301   -3.471295   -3.470896   -3.470496   -3.470096   -3.468085   -3.466059   -3.461948   -3.457708   -3.453320   -3.448764   -3.444035   -3.439126   -3.433873   -3.428395   -3.422727   -3.416864   -3.410800   -3.404203   -3.397326   -3.390261
   -3.507331   -3.507273   -3.507187   -3.507044   -3.506901   -3.506757   -3.506614   -3.506470   -3.506326   -3.506188   -3.506183   -3.506021   -3.505859   -3.505697   -3.505534   -3.505372   -3.505216   -3.505209   -3.504802   -3.504394   -3.503986   -3.501937   -3.499875   -3.495698   -3.491399   -3.486960   -3.482360   -3.477587   -3.472633   -3.467330   -3.461800   -3.456078   -3.450158   -3.444036   -3.437372   -3.430427   -3.423290
   -3.541843   -3.541785   -3.541696   -3.541549   -3.541401   -3.541254   -3.541106   -3.540958   -3.540811   -3.540669   -3.540663   -3.540496   -3.540329   -3.540163   -3.539996   -3.539829   -3.539668   -3.539662   -3.539243   -3.538823   -3.538404   -3.536296   -3.534175   -3.529880   -3.525461   -3.520899   -3.516174   -3.511281   -3.506217   -3.500811   -3.495189   -3.489389   -3.483407   -3.477226   -3.470497   -3.463483   -3.456274
   -3.577011   -3.576951   -3.576859   -3.576708   -3.576556   -3.576404   -3.576252   -3.576100   -3.575947   -3.575801   -3.575795   -3.575623   -3.575451   -3.575279   -3.575108   -3.574935   -3.574770   -3.574763   -3.574332   -3.573899   -3.573467   -3.571295   -3.569110   -3.564686   -3.560135   -3.555438   -3.550575   -3.545541   -3.540332   -3.534772   -3.528992   -3.523030   -3.516883   -3.510546   -3.503672   -3.496531   -3.489219
   -3.612917   -3.612854   -3.612761   -3.612604   -3.612447   -3.612290   -3.612133   -3.611976   -3.611818   -3.611667   -3.611661   -3.611484   -3.611306   -3.611129   -3.610951   -3.610774   -3.610603   -3.610596   -3.610150   -3.609703   -3.609257   -3.607014   -3.604758   -3.600191   -3.595495   -3.590650   -3.585634   -3.580445   -3.575076   -3.569348   -3.563395   -3.557257   -3.550930   -3.544410   -3.537338   -3.529994   -3.522479
   -3.649495   -3.649431   -3.649334   -3.649174   -3.649013   -3.648852   -3.648691   -3.648530   -3.648369   -3.648214   -3.648208   -3.648026   -3.647844   -3.647662   -3.647480   -3.647298   -3.647123   -3.647116   -3.646659   -3.646201   -3.645742   -3.643441   -3.641125   -3.636431   -3.631599   -3.626607   -3.621433   -3.616073   -3.610528   -3.604614   -3.598469   -3.592137   -3.585613   -3.578892   -3.571604   -3.564040   -3.556302
   -3.686545   -3.686480   -3.686381   -3.686216   -3.686052   -3.685887   -3.685722   -3.685557   -3.685392   -3.685234   -3.685227   -3.685041   -3.684855   -3.684669   -3.684482   -3.684295   -3.684116   -3.684109   -3.683640   -3.683171   -3.682702   -3.680344   -3.677972   -3.673166   -3.668218   -3.663108   -3.657813   -3.652328   -3.646646   -3.640576   -3.634260   -3.627740   -3.621011   -3.614069   -3.606543   -3.598735   -3.590752
   -3.724119   -3.724052   -3.723951   -3.723782   -3.723614   -3.723444   -3.723275   -3.723106   -3.722937   -3.722775   -3.722768   -3.722577   -3.722386   -3.722195   -3.722003   -3.721812   -3.721628   -3.721621   -3.721140   -3.720659   -3.720177   -3.717759   -3.715326   -3.710397   -3.705325   -3.700087   -3.694661   -3.689040   -3.683220   -3.677003   -3.670535   -3.663859   -3.656972   -3.649866   -3.642146   -3.634121   -3.625899
   -3.762294   -3.762224   -3.762120   -3.761947   -3.761773   -3.761599   -3.761425   -3.761251   -3.761077   -3.760910   -3.760903   -3.760706   -3.760510   -3.760314   -3.760117   -3.759920   -3.759731   -3.759723   -3.759228   -3.758733   -3.758238   -3.755751   -3.753250   -3.748187   -3.742978   -3.737601   -3.732031   -3.726264   -3.720294   -3.713917   -3.707284   -3.700441   -3.693382   -3.686101   -3.678192   -3.669972   -3.661553
   -3.801312   -3.801240   -3.801132   -3.800952   -3.800772   -3.800592   -3.800412   -3.800232   -3.800051   -3.799878   -3.799871   -3.799668   -3.799464   -3.799260   -3.799056   -3.798852   -3.798656   -3.798648   -3.798136   -3.797623   -3.797110   -3.794533   -3.791943   -3.786702   -3.781316   -3.775763   -3.770018   -3.764075   -3.757931   -3.751377   -3.744565   -3.737539   -3.730293   -3.722823   -3.714709   -3.706278   -3.697647
   -3.841382   -3.841307   -3.841195   -3.841008   -3.840821   -3.840633   -3.840446   -3.840258   -3.840071   -3.839890   -3.839883   -3.839671   -3.839460   -3.839248   -3.839036   -3.838824   -3.838620   -3.838611   -3.838078   -3.837545   -3.837010   -3.834332   -3.831639   -3.826192   -3.820599   -3.814835   -3.808876   -3.802716   -3.796351   -3.789563   -3.782517   -3.775260   -3.767789   -3.760097   -3.751754   -3.743093   -3.734231
   -3.882715   -3.882637   -3.882520   -3.882324   -3.882128   -3.881932   -3.881737   -3.881540   -3.881344   -3.881156   -3.881148   -3.880926   -3.880705   -3.880483   -3.880262   -3.880040   -3.879827   -3.879818   -3.879261   -3.878703   -3.878144   -3.875344   -3.872530   -3.866843   -3.861007   -3.854998   -3.848791   -3.842379   -3.835759   -3.828705   -3.821388   -3.813857   -3.806110   -3.798140   -3.789500   -3.780544   -3.771395
   -3.925456   -3.925374   -3.925252   -3.925047   -3.924842   -3.924638   -3.924433   -3.924228   -3.924022   -3.923826   -3.923817   -3.923586   -3.923354   -3.923123   -3.922891   -3.922659   -3.922436   -3.922427   -3.921844   -3.921260   -3.920676   -3.917747   -3.914804   -3.908856   -3.902752   -3.896468   -3.889975   -3.883268   -3.876348   -3.868982   -3.861348   -3.853501   -3.845435   -3.837146   -3.828167   -3.818867   -3.809377
   -3.969767   -3.969681   -3.969552   -3.969337   -3.969121   -3.968905   -3.968690   -3.968474   -3.968258   -3.968050   -3.968042   -3.967798   -3.967555   -3.967311   -3.967067   -3.966823   -3.966588   -3.966579   -3.965965   -3.965351   -3.964736   -3.961654   -3.958561   -3.952313   -3.945910   -3.939324   -3.932528   -3.925515   -3.918282   -3.910581   -3.902600   -3.894395   -3.885961   -3.877297   -3.867922   -3.858224   -3.848341
   -4.016106   -4.016015   -4.015877   -4.015648   -4.015419   -4.015189   -4.014960   -4.014730   -4.014500   -4.014280   -4.014270   -4.014011   -4.013752   -4.013493   -4.013233   -4.012974   -4.012724   -4.012714   -4.012061   -4.011408   -4.010754   -4.007479   -4.004194   -3.997570   -3.990791   -3.983832   -3.976661   -3.969275   -3.961667   -3.953579   -3.945209   -3.936616   -3.927796   -3.918743   -3.908945   -3.898808   -3.888477
   -4.065367   -4.065267   -4.065117   -4.064867   -4.064616   -4.064366   -4.064116   -4.063865   -4.063614   -4.063374   -4.063364   -4.063081   -4.062799   -4.062516   -4.062233   -4.061950   -4.061679   -4.061667   -4.060956   -4.060245   -4.059533   -4.055974   -4.052412   -4.045253   -4.037959   -4.030500   -4.022844   -4.014979   -4.006896   -3.998322   -3.989468   -3.980398   -3.971106   -3.961588   -3.951302   -3.940680   -3.929873
   -4.119452   -4.119338   -4.119168   -4.118883   -4.118599   -4.118315   -4.118031   -4.117746   -4.117462   -4.117189   -4.117178   -4.116858   -4.116537   -4.116217   -4.115896   -4.115576   -4.115268   -4.115255   -4.114450   -4.113645   -4.112841   -4.108826   -4.104823   -4.096816   -4.088708   -4.080464   -4.072048   -4.063453   -4.054673   -4.045410   -4.035896   -4.026200   -4.016307   -4.006201   -3.995308   -3.984088   -3.972701
   -4.182459   -4.182318   -4.182105   -4.181751   -4.181397   -4.181044   -4.180690   -4.180337   -4.179985   -4.179646   -4.179632   -4.179235   -4.178838   -4.178442   -4.178046   -4.177650   -4.177271   -4.177256   -4.176263   -4.175273   -4.174285   -4.169387   -4.164547   -4.154990   -4.145452   -4.135880   -4.126219   -4.116452   -4.106567   -4.096224   -4.085681   -4.075010   -4.064199   -4.053236   -4.041497   -4.029484   -4.017359
   -4.287049   -4.286378   -4.285394   -4.283807   -4.282278   -4.280802   -4.279372   -4.277986   -4.276675   -4.275486   -4.275437   -4.274115   -4.272858   -4.271657   -4.270506   -4.269397   -4.268368   -4.268326   -4.265771   -4.263387   -4.261139   -4.251306   -4.242942   -4.228389   -4.214955   -4.202159   -4.189747   -4.177588   -4.165589   -4.153296   -4.140989   -4.128721   -4.116453   -4.104149   -4.091101   -4.077865   -4.064617
 -999.000000 -999.000000 -999.000000 -999.000000 -999.000000 -999.000000 -999.000000 -999.000000 -999.000000 -999.000000 -999.000000 -999.000000 -999.000000 -999.000000 -999.000000 -999.000000 -999.000000 -999.000000 -999.000000 -999.000000 -999.000000 -999.000000 -999.000000 -999.000000 -999.000000 -999.000000 -999.000000   -4.265142   -4.242461   -4.224231   -4.207460   -4.191638   -4.176431   -4.161633   -4.146306   -4.131064   -4.116051
 -999.000000 -999.000000 -999.000000 -999.000000 -999.000000 -999.000000 -999.000000 -999.000000 -999.000000 -999.000000 -999.000000 -999.000000 -999.000000 -999.000000 -999.000000 -999.000000 -999.000000 -999.000000 -999.000000 -999.000000 -999.000000 -999.000000 -999.000000 -999.000000 -999.000000 -999.000000 -999.000000 -999.000000 -999.000000 -999.000000 -999.000000 -999.000000   -4.259170   -4.234403   -4.213013   -4.193273   -4.174761
 -999.000000 -999.000000 -999.000000 -999.000000 -999.000000 -999.000000 -999.000000 -999.000000 -999.000000 -999.000000 -999.000000 -999.000000 -999.000000 -999.000000 -999.000000 -999.000000 -999.000000 -999.000000 -999.000000 -999.000000 -999.000000 -999.000000 -999.000000 -999.000000 -999.000000 -999.000000 -999.000000 -999.000000 -999.000000 -999.000000 -999.000000 -999.000000 -999.000000 -999.000000 -999.000000   -4.316947   -4.253039
#
# dtdh (rows - delta, columns - depth)
#
   -0.171400   -0.171400   -0.171399   -0.171399   -0.171398   -0.171397   -0.171396   -0.171396   -0.171395   -0.171394   -0.152703   -0.152702   -0.152701   -0.152700   -0.152699   -0.152698   -0.152698   -0.122955   -0.122943   -0.122932   -0.122921   -0.122864   -0.122808   -0.121465   -0.119354   -0.116811   -0.114247 -999.000000 -999.000000 -999.000000 -999.000000 -999.000000 -999.000000 -999.000000 -999.000000 -999.000000 -999.000000
   -0.171380   -0.171380   -0.171380   -0.171379   -0.171378   -0.171377   -0.171377   -0.171376   -0.171375   -0.171374   -0.152680   -0.152679   -0.152679   -0.152678   -0.152677   -0.152676   -0.152675   -0.122927   -0.122915   -0.122904   -0.122893   -0.122836   -0.122779   -0.121435   -0.119323   -0.116779   -0.114214   -0.111747   -0.109384   -0.103384   -0.101485   -0.099649   -0.097870   -0.096154   -0.089357   -0.088183   -0.087380
   -0.171361   -0.171361   -0.171360   -0.171360   -0.171359   -0.171358   -0.171357   -0.171356   -0.171356   -0.171355   -0.152659   -0.152658   -0.152657   -0.152656   -0.152655   -0.152654   -0.152653   -0.122900   -0.122888   -0.122877   -0.122865   -0.122808   -0.122751   -0.121407   -0.119294   -0.116749   -0.114182   -0.111714   -0.109350   -0.103346   -0.101447   -0.099608   -0.097829   -0.096110   -0.089309   -0.088133   -0.087329
   -0.171343   -0.171342   -0.171342   -0.171341   -0.171340   -0.171339   -0.171338   -0.171338   -0.171337   -0.171336   -0.152637   -0.152637   -0.152636   -0.152635   -0.152634   -0.152633   -0.152632   -0.122873   -0.122862   -0.122850   -0.122839   -0.122782   -0.122724   -0.121379   -0.119265   -0.116719   -0.114150   -0.111681   -0.109316   -0.103310   -0.101409   -0.099569   -0.097788   -0.096068   -0.089263   -0.088085   -0.087280
   -0.171324   -0.171324   -0.171324   -0.171323   -0.171322   -0.171321   -0.171320   -0.171319   -0.171319   -0.171318   -0.152617   -0.152616   -0.152615   -0.152614   -0.152613   -0.152612   -0.152611   -0.122847   -0.122836   -0.122825   -0.122813   -0.122756   -0.122698   -0.121352   -0.119237   -0.116690   -0.114120   -0.111650   -0.109283   -0.103275   -0.101372   -0.099531   -0.097748   -0.096027   -0.089218   -0.088039   -0.087232
   -0.171306   -0.171306   -0.171305   -0.171304   -0.171303   -0.171303   -0.171302   -0.171301   -0.171300   -0.171299   -0.152596   -0.152595   -0.152594   -0.152593   -0.152592   -0.152591   -0.152591   -0.122822   -0.122810   -0.122799   -0.122787   -0.122729   -0.122672   -0.121325   -0.119209   -0.116661   -0.114090   -0.111619   -0.109251   -0.103240   -0.101336   -0.099494   -0.097710   -0.095987   -0.089174   -0.087993   -0.087185
   -0.171287   -0.171286   -0.171286   -0.171285   -0.171284   -0.171283   -0.171283   -0.171282   -0.171281   -0.171280   -0.152574   -0.152574   -0.152573   -0.152572   -0.152571   -0.152570   -0.152569   -0.122795   -0.122783   -0.122772   -0.122760   -0.122702   -0.122644   -0.121297   -0.119180   -0.116631   -0.114059   -0.111587   -0.109218   -0.103205   -0.101300   -0.099456   -0.097671   -0.095947   -0.089130   -0.087949   -0.087139
   -0.171267   -0.171266   -0.171266   -0.171265   -0.171264   -0.171263   -0.171262   -0.171261   -0.171261   -0.171260   -0.152552   -0.152551   -0.152550   -0.152549   -0.152548   -0.152547   -0.152546   -0.122766   -0.122755   -0.122743   -0.122732   -0.122674   -0.122616   -0.121267   -0.119150   -0.116599   -0.114027   -0.111553   -0.109183   -0.103167   -0.101261   -0.099417   -0.097630   -0.095905   -0.089085   -0.087902   -0.087092
   -0.171245   -0.171245   -0.171245   -0.171244   -0.171243   -0.171242   -0.171241   -0.171240   -0.171239   -0.171239   -0.152528   -0.152527   -0.152526   -0.152525   -0.152524   -0.152523   -0.152522   -0.122737   -0.122725   -0.122713   -0.122702   -0.122644   -0.122585   -0.121237   -0.119118   -0.116567   -0.113993   -0.111518   -0.109147   -0.103129   -0.101221   -0.099376   -0.097588   -0.095861   -0.089037   -0.087853   -0.087042
   -0.171223   -0.171223   -0.171222   -0.171221   -0.171220   -0.171220   -0.171219   -0.171218   -0.171217   -0.171216   -0.152503   -0.152502   -0.152501   -0.152500   -0.152499   -0.152498   -0.152497   -0.122705   -0.122693   -0.122682   -0.122670   -0.122612   -0.122553   -0.121204   -0.119084   -0.116532   -0.113957   -0.111481   -0.109108   -0.103088   -0.101179   -0.099332   -0.097543   -0.095815   -0.088987   -0.087802   -0.086990
   -0.171200   -0.171200   -0.171199   -0.171198   -0.171197   -0.171196   -0.171195   -0.171194   -0.171194   -0.171193   -0.152476   -0.152475   -0.152474   -0.152473   -0.152472   -0.152471   -0.152470   -0.122672   -0.122661   -0.122649   -0.122637   -0.122579   -0.122520   -0.121170   -0.119049   -0.116495   -0.113919   -0.111442   -0.109068   -0.103044   -0.101135   -0.099286   -0.097496   -0.095767   -0.088934   -0.087748   -0.086935
   -0.171176   -0.171176   -0.171175   -0.171174   -0.171173   -0.171172   -0.171172   -0.171171   -0.171170   -0.171169   -0.152450   -0.152449   -0.152448   -0.152447   -0.152445   -0.152444   -0.152443   -0.122639   -0.122627   -0.122615   -0.122604   -0.122545   -0.122486   -0.121135   -0.119013   -0.116458   -0.113880   -0.111402   -0.109026   -0.103000   -0.101089   -0.099239   -0.097447   -0.095716   -0.088879   -0.087691   -0.086877
   -0.171152   -0.171151   -0.171151   -0.171150   -0.171149   -0.171148   -0.171147   -0.171146   -0.171145   -0.171144   -0.152422   -0.152421   -0.152420   -0.152419   -0.152418   -0.152417   -0.152416   -0.122604   -0.122593   -0.122581   -0.122569   -0.122510   -0.122451   -0.121099   -0.118976   -0.116420   -0.113841   -0.111361   -0.108984   -0.102954   -0.101041   -0.099190   -0.097396   -0.095664   -0.088822   -0.087633   -0.086817
   -0.171127   -0.171126   -0.171126   -0.171125   -0.171124   -0.171123   -0.171122   -0.171121   -0.171120   -0.171119   -0.152394   -0.152393   -0.152392   -0.152391   -0.152390   -0.152389   -0.152388   -0.122569   -0.122557   -0.122546   -0.122534   -0.122474   -0.122415   -0.121062   -0.118938   -0.116380   -0.113800   -0.111318   -0.108940   -0.102907   -0.100993   -0.099140   -0.097345   -0.095611   -0.088764   -0.087574   -0.086756
   -0.171101   -0.171101   -0.171100   -0.171099   -0.171098   -0.171097   -0.171096   -0.171095   -0.171094   -0.171093   -0.152365   -0.152364   -0.152363   -0.152362   -0.152361   -0.152360   -0.152359   -0.122533   -0.122521   -0.122509   -0.122498   -0.122438   -0.122378   -0.121025   -0.118899   -0.116340   -0.113758   -0.111275   -0.108895   -0.102859   -0.100943   -0.099089   -0.097292   -0.095557   -0.088705   -0.087513   -0.086694
   -0.171075   -0.171074   -0.171074   -0.171073   -0.171072   -0.171071   -0.171070   -0.171069   -0.171068   -0.171067   -0.152335   -0.152334   -0.152333   -0.152332   -0.152331   -0.152330   -0.152329   -0.122496   -0.122484   -0.122472   -0.122460   -0.122400   -0.122341   -0.120986   -0.118859   -0.116299   -0.113716   -0.111231   -0.108850   -0.102810   -0.100893   -0.099037   -0.097238   -0.095501   -0.088644   -0.087450   -0.086630
   -0.171047   -0.171047   -0.171046   -0.171045   -0.171044   -0.171043   -0.171042   -0.171041   -0.171040   -0.171039   -0.152304   -0.152303   -0.152302   -0.152301   -0.152300   -0.152299   -0.152298   -0.122457   -0.122446   -0.122434   -0.122422   -0.122361   -0.122301   -0.120946   -0.118818   -0.116256   -0.113671   -0.111185   -0.108802   -0.102759   -0.100840   -0.098983   -0.097183   -0.095444   -0.088581   -0.087386   -0.086564
   -0.171019   -0.171018   -0.171018   -0.171017   -0.171016   -0.171015   -0.171014   -0.171013   -0.171012   -0.171011   -0.152272   -0.152271   -0.152270   -0.152269   -0.152267   -0.152266   -0.152265   -0.122417   -0.122405   -0.122393   -0.122381   -0.122321   -0.122260   -0.120904   -0.118775   -0.116212   -0.113625   -0.111137   -0.108753   -0.102707   -0.100786   -0.098927   -0.097125   -0.095384   -0.088517   -0.087320   -0.086497
   -0.170989   -0.170988   -0.170988   -0.170986   -0.170985   -0.170984   -0.170983   -0.170982   -0.170981   -0.170980   -0.152238   -0.152237   -0.152236   -0.152234   -0.152233   -0.152232   -0.152231   -0.122374   -0.122362   -0.122350   -0.122338   -0.122278   -0.122217   -0.120860   -0.118729   -0.116165   -0.113577   -0.111087   -0.108701   -0.102651   -0.100729   -0.098868   -0.097064   -0.095322   -0.088449   -0.087250   -0.086426
   -0.170957   -0.170956   -0.170956   -0.170955   -0.170953   -0.170952   -0.170951   -0.170950   -0.170949   -0.170948   -0.152202   -0.152201   -0.152200   -0.152198   -0.152197   -0.152196   -0.152195   -0.122330   -0.122317   -0.122305   -0.122293   -0.122232   -0.122171   -0.120813   -0.118682   -0.116115   -0.113526   -0.111034   -0.108647   -0.102593   -0.100669   -0.098806   -0.097001   -0.095257   -0.088378   -0.087178   -0.086352
   -0.170924   -0.170923   -0.170923   -0.170921   -0.170920   -0.170919   -0.170918   -0.170917   -0.170916   -0.170915   -0.152165   -0.152163   -0.152162   -0.152161   -0.152160   -0.152159   -0.152157   -0.122283   -0.122271   -0.122259   -0.122246   -0.122185   -0.122124   -0.120764   -0.118631   -0.116063   -0.113472   -0.110979   -0.108589   -0.102531   -0.100606   -0.098741   -0.096934   -0.095188   -0.088303   -0.087101   -0.086274
   -0.170890   -0.170889   -0.170888   -0.170887   -0.170886   -0.170885   -0.170884   -0.170883   -0.170882   -0.170881   -0.152126   -0.152125   -0.152124   -0.152122   -0.152121   -0.152120   -0.152119   -0.122235   -0.122223   -0.122210   -0.122198   -0.122137   -0.122075   -0.120714   -0.118580   -0.116010   -0.113417   -0.110922   -0.108530   -0.102468   -0.100540   -0.098673   -0.096864   -0.095116   -0.088225   -0.087021   -0.086192
   -0.170854   -0.170854   -0.170853   -0.170852   -0.170851   -0.170850   -0.170849   -0.170848   -0.170846   -0.170845   -0.152086   -0.152085   -0.152084   -0.152083   -0.152081   -0.152080   -0.152079   -0.122185   -0.122173   -0.122161   -0.122148   -0.122086   -0.122025   -0.120663   -0.118527   -0.115955   -0.113360   -0.110863   -0.108469   -0.102402   -0.100473   -0.098604   -0.096792   -0.095042   -0.088144   -0.086938   -0.086108
   -0.170818   -0.170818   -0.170817   -0.170816   -0.170815   -0.170813   -0.170812   -0.170811   -0.170810   -0.170809   -0.152045   -0.152044   -0.152043   -0.152041   -0.152040   -0.152039   -0.152038   -0.122134   -0.122122   -0.122109   -0.122097   -0.122035   -0.121972   -0.120609   -0.118472   -0.115898   -0.113301   -0.110802   -0.108406   -0.102335   -0.100403   -0.098532   -0.096718   -0.094966   -0.088061   -0.086853   -0.086021
   -0.170780   -0.170780   -0.170779   -0.170778   -0.170777   -0.170776   -0.170774   -0.170773   -0.170772   -0.170771   -0.152003   -0.152001   -0.152000   -0.151999   -0.151998   -0.151996   -0.151995   -0.122081   -0.122068   -0.122056   -0.122043   -0.121981   -0.121918   -0.120554   -0.118415   -0.115839   -0.113240   -0.110739   -0.108341   -0.102265   -0.100331   -0.098458   -0.096642   -0.094887   -0.087975   -0.086764   -0.085931
   -0.170742   -0.170741   -0.170741   -0.170739   -0.170738   -0.170737   -0.170736   -0.170735   -0.170733   -0.170732   -0.151959   -0.151958   -0.151957   -0.151955   -0.151954   -0.151952   -0.151951   -0.122026   -0.122014   -0.122001   -0.121989   -0.121926   -0.121863   -0.120497   -0.118356   -0.115778   -0.113177   -0.110673   -0.108273   -0.102193   -0.100256   -0.098381   -0.096562   -0.094805   -0.087886   -0.086673   -0.085837
   -0.170702   -0.170702   -0.170701   -0.170700   -0.170698   -0.170697   -0.170696   -0.170695   -0.170694   -0.170692   -0.151914   -0.151913   -0.151912   -0.151910   -0.151909   -0.151908   -0.151906   -0.121970   -0.121958   -0.121945   -0.121933   -0.121869   -0.121806   -0.120439   -0.118296   -0.115716   -0.113112   -0.110607   -0.108204   -0.102118   -0.100180   -0.098302   -0.096481   -0.094721   -0.087794   -0.086579   -0.085741
   -0.170662   -0.170661   -0.170660   -0.170659   -0.170658   -0.170657   -0.170655   -0.170654   -0.170653   -0.170652   -0.151869   -0.151867   -0.151866   -0.151864   -0.151863   -0.151862   -0.151860   -0.121913   -0.121900   -0.121888   -0.121875   -0.121811   -0.121748   -0.120379   -0.118234   -0.115652   -0.113046   -0.110538   -0.108133   -0.102042   -0.100101   -0.098221   -0.096398   -0.094635   -0.087700   -0.086483   -0.085643
   -0.170620   -0.170619   -0.170619   -0.170617   -0.170616   -0.170615   -0.170613   -0.170612   -0.170611   -0.170610   -0.151821   -0.151820   -0.151819   -0.151817   -0.151816   -0.151814   -0.151813   -0.121854   -0.121841   -0.121829   -0.121816   -0.121752   -0.121688   -0.120318   -0.118171   -0.115587   -0.112978   -0.110468   -0.108061   -0.101964   -0.100021   -0.098138   -0.096312   -0.094547   -0.087604   -0.086384   -0.085542
   -0.170578   -0.170577   -0.170576   -0.170575   -0.170574   -0.170572   -0.170571   -0.170570   -0.170568   -0.170567   -0.151774   -0.151772   -0.151771   -0.151769   -0.151768   -0.151766   -0.151765   -0.121794   -0.121781   -0.121769   -0.121756   -0.121691   -0.121627   -0.120255   -0.118106   -0.115520   -0.112909   -0.110396   -0.107986   -0.101884   -0.099938   -0.098053   -0.096224   -0.094456   -0.087505   -0.086282   -0.085438
   -0.170535   -0.170535   -0.170534   -0.170532   -0.170531   -0.170530   -0.170528   -0.170527   -0.170526   -0.170524   -0.151726   -0.151724   -0.151723   -0.151721   -0.151720   -0.151718   -0.151717   -0.121734   -0.121721   -0.121708   -0.121695   -0.121630   -0.121565   -0.120192   -0.118041   -0.115452   -0.112839   -0.110323   -0.107911   -0.101803   -0.099854   -0.097966   -0.096134   -0.094364   -0.087403   -0.086178   -0.085331
   -0.170493   -0.170492   -0.170491   -0.170490   -0.170488   -0.170487   -0.170486   -0.170484   -0.170483   -0.170482   -0.151678   -0.151676   -0.151675   -0.151673   -0.151671   -0.151670   -0.151668   -0.121674   -0.121661   -0.121648   -0.121635   -0.121569   -0.121504   -0.120129   -0.117976   -0.115385   -0.112769   -0.110250   -0.107835   -0.101722   -0.099770   -0.097879   -0.096044   -0.094270   -0.087301   -0.086073   -0.085223
   -0.170450   -0.170449   -0.170448   -0.170447   -0.170446   -0.170444   -0.170443   -0.170441   -0.170440   -0.170439   -0.151629   -0.151628   -0.151626   -0.151625   -0.151623   -0.151621   -0.151620   -0.121613   -0.121600   -0.121587   -0.121574   -0.121508   -0.121442   -0.120066   -0.117911   -0.115317   -0.112698   -0.110177   -0.107759   -0.101640   -0.099685   -0.097791   -0.095953   -0.094177   -0.087198   -0.085967   -0.085115
   -0.170407   -0.170406   -0.170405   -0.170404   -0.170402   -0.170401   -0.170400   -0.170398   -0.170397   -0.170395   -0.151581   -0.151579   -0.151577   -0.151576   -0.151574   -0.151573   -0.151571   -0.121553   -0.121539   -0.121526   -0.121513   -0.121447   -0.121380   -0.120002   -0.117845   -0.115249   -0.112627   -0.110104   -0.107683   -0.101558   -0.099600   -0.097703   -0.095862   -0.094082   -0.087095   -0.085860   -0.085006
   -0.170363   -0.170362   -0.170362   -0.170360   -0.170359   -0.170357   -0.170356   -0.170354   -0.170353   -0.170351   -0.151531   -0.151529   -0.151528   -0.151526   -0.151525   -0.151523   -0.151521   -0.121491   -0.121477   -0.121464   -0.121451   -0.121384   -0.121317   -0.119937   -0.117778   -0.115179   -0.112556   -0.110029   -0.107606   -0.101475   -0.099515   -0.097615   -0.095771   -0.093988   -0.086991   -0.085754   -0.084896
   -0.170319   -0.170318   -0.170317   -0.170316   -0.170314   -0.170313   -0.170311   -0.170310   -0.170308   -0.170307   -0.151481   -0.151479   -0.151477   -0.151476   -0.151474   -0.151472   -0.151471   -0.121428   -0.121414   -0.121401   -0.121387   -0.121320   -0.121253   -0.119872   -0.117710   -0.115109   -0.112483   -0.109954   -0.107527   -0.101391   -0.099428   -0.097525   -0.095678   -0.093892   -0.086886   -0.085646   -0.084786
   -0.170273   -0.170273   -0.170272   -0.170270   -0.170269   -0.170267   -0.170266   -0.170264   -0.170262   -0.170261   -0.151430   -0.151428   -0.151426   -0.151424   -0.151423   -0.151421   -0.151419   -0.121363   -0.121350   -0.121336   -0.121323   -0.121255   -0.121187   -0.119805   -0.117641   -0.115037   -0.112408   -0.109877   -0.107447   -0.101305   -0.099339   -0.097433   -0.095584   -0.093795   -0.086780   -0.085536   -0.084674
   -0.170227   -0.170227   -0.170226   -0.170224   -0.170222   -0.170221   -0.170219   -0.170218   -0.170216   -0.170215   -0.151377   -0.151376   -0.151374   -0.151372   -0.151370   -0.151369   -0.151367   -0.121298   -0.121285   -0.121271   -0.121257   -0.121189   -0.121121   -0.119736   -0.117571   -0.114965   -0.112333   -0.109798   -0.107366   -0.101218   -0.099249   -0.097340   -0.095488   -0.093695   -0.086671   -0.085425   -0.084560
   -0.170181   -0.170180   -0.170179   -0.170177   -0.170176   -0.170174   -0.170173   -0.170171   -0.170169   -0.170168   -0.151325   -0.151323   -0.151321   -0.151319   -0.151318   -0.151316   -0.151314   -0.121232   -0.121218   -0.121205   -0.121191   -0.121122   -0.121054   -0.119667   -0.117500   -0.114891   -0.112256   -0.109719   -0.107284   -0.101129   -0.099157   -0.097245   -0.095390   -0.093594   -0.086561   -0.085311   -0.084443
   -0.170133   -0.170133   -0.170132   -0.170130   -0.170129   -0.170127   -0.170125   -0.170124   -0.170122   -0.170120   -0.151271   -0.151270   -0.151268   -0.151266   -0.151264   -0.151262   -0.151261   -0.121165   -0.121152   -0.121138   -0.121124   -0.121055   -0.120985   -0.119597   -0.117427   -0.114816   -0.112178   -0.109638   -0.107200   -0.101040   -0.099065   -0.097149   -0.095291   -0.093492   -0.086448   -0.085195   -0.084325
   -0.170086   -0.170085   -0.170084   -0.170083   -0.170081   -0.170079   -0.170078   -0.170076   -0.170074   -0.170073   -0.151218   -0.151216   -0.151214   -0.151212   -0.151210   -0.151208   -0.151207   -0.121098   -0.121084   -0.121070   -0.121056   -0.120987   -0.120917   -0.119527   -0.117355   -0.114740   -0.112100   -0.109557   -0.107116   -0.100949   -0.098971   -0.097052   -0.095190   -0.093388   -0.086334   -0.085078   -0.084205
   -0.170038   -0.170037   -0.170036   -0.170034   -0.170033   -0.170031   -0.170029   -0.170028   -0.170026   -0.170024   -0.151163   -0.151161   -0.151160   -0.151158   -0.151156   -0.151154   -0.151152   -0.121030   -0.121016   -0.121002   -0.120988   -0.120918   -0.120847   -0.119456   -0.117281   -0.114664   -0.112021   -0.109475   -0.107031   -0.100857   -0.098876   -0.096954   -0.095089   -0.093283   -0.086219   -0.084960   -0.084084
   -0.169989   -0.169988   -0.169987   -0.169985   -0.169984   -0.169982   -0.169980   -0.169979   -0.169977   -0.169975   -0.151108   -0.151106   -0.151104   -0.151102   -0.151100   -0.151098   -0.151096   -0.120960   -0.120946   -0.120932   -0.120918   -0.120847   -0.120777   -0.119383   -0.117206   -0.114587   -0.111941   -0.109392   -0.106945   -0.100764   -0.098780   -0.096855   -0.094986   -0.093177   -0.086103   -0.084840   -0.083961
   -0.169939   -0.169938   -0.169937   -0.169935   -0.169934   -0.169932   -0.169930   -0.169928   -0.169926   -0.169925   -0.151051   -0.151049   -0.151047   -0.151045   -0.151043   -0.151042   -0.151040   -0.120889   -0.120875   -0.120861   -0.120847   -0.120776   -0.120704   -0.119309   -0.117130   -0.114508   -0.111859   -0.109307   -0.106857   -0.100670   -0.098683   -0.096755   -0.094882   -0.093070   -0.085985   -0.084719   -0.083837
   -0.169887   -0.169887   -0.169886   -0.169884   -0.169882   -0.169880   -0.169878   -0.169877   -0.169875   -0.169873   -0.150993   -0.150991   -0.150989   -0.150987   -0.150985   -0.150983   -0.150981   -0.120816   -0.120802   -0.120788   -0.120774   -0.120702   -0.120630   -0.119233   -0.117052   -0.114427   -0.111775   -0.109220   -0.106767   -0.100573   -0.098583   -0.096652   -0.094776   -0.092960   -0.085866   -0.084596   -0.083712
   -0.169835   -0.169834   -0.169833   -0.169831   -0.169829   -0.169827   -0.169826   -0.169824   -0.169822   -0.169820   -0.150934   -0.150932   -0.150930   -0.150927   -0.150925   -0.150923   -0.150921   -0.120742   -0.120727   -0.120713   -0.120698   -0.120626   -0.120554   -0.119156   -0.116972   -0.114344   -0.111689   -0.109131   -0.106674   -0.100474   -0.098481   -0.096546   -0.094667   -0.092848   -0.085743   -0.084470   -0.083583
   -0.169781   -0.169780   -0.169779   -0.169777   -0.169775   -0.169773   -0.169771   -0.169770   -0.169768   -0.169766   -0.150873   -0.150871   -0.150869   -0.150866   -0.150864   -0.150862   -0.150860   -0.120665   -0.120651   -0.120636   -0.120622   -0.120549   -0.120476   -0.119076   -0.116889   -0.114258   -0.111600   -0.109039   -0.106580   -0.100373   -0.098376   -0.096438   -0.094556   -0.092733   -0.085617   -0.084341   -0.083451
   -0.169727   -0.169726   -0.169725   -0.169723   -0.169721   -0.169719   -0.169717   -0.169715   -0.169713   -0.169711   -0.150811   -0.150809   -0.150807   -0.150805   -0.150803   -0.150801   -0.150798   -0.120588   -0.120573   -0.120559   -0.120544   -0.120471   -0.120398   -0.118995   -0.116806   -0.114172   -0.111511   -0.108946   -0.106483   -0.100269   -0.098268   -0.096327   -0.094441   -0.092615   -0.085487   -0.084208   -0.083315
   -0.169672   -0.169671   -0.169670   -0.169668   -0.169666   -0.169664   -0.169662   -0.169660   -0.169658   -0.169656   -0.150749   -0.150747   -0.150745   -0.150743   -0.150740   -0.150738   -0.150736   -0.120510   -0.120495   -0.120480   -0.120466   -0.120392   -0.120318   -0.118913   -0.116722   -0.114084   -0.111420   -0.108852   -0.106385   -0.100163   -0.098159   -0.096214   -0.094325   -0.092494   -0.085355   -0.084072   -0.083176
   -0.169616   -0.169616   -0.169614   -0.169612   -0.169610   -0.169608   -0.169606   -0.169604   -0.169602   -0.169600   -0.150687   -0.150684   -0.150682   -0.150680   -0.150678   -0.150675   -0.150673   -0.120431   -0.120416   -0.120402   -0.120387   -0.120312   -0.120238   -0.118831   -0.116637   -0.113996   -0.111328   -0.108757   -0.106287   -0.100057   -0.098049   -0.096101   -0.094207   -0.092373   -0.085222   -0.083935   -0.083035
   -0.169561   -0.169560   -0.169559   -0.169556   -0.169554   -0.169552   -0.169550   -0.169548   -0.169546   -0.169544   -0.150623   -0.150621   -0.150619   -0.150617   -0.150614   -0.150612   -0.150610   -0.120352   -0.120337   -0.120322   -0.120307   -0.120232   -0.120157   -0.118748   -0.116551   -0.113907   -0.111236   -0.108661   -0.106187   -0.099950   -0.097939   -0.095986   -0.094089   -0.092250   -0.085087   -0.083796   -0.082893
   -0.169504   -0.169503   -0.169502   -0.169500   -0.169498   -0.169496   -0.169494   -0.169492   -0.169489   -0.169487   -0.150559   -0.150557   -0.150555   -0.150552   -0.150550   -0.150548   -0.150546   -0.120271   -0.120256   -0.120241   -0.120226   -0.120151   -0.120075   -0.118664   -0.116464   -0.113817   -0.111143   -0.108564   -0.106087   -0.099842   -0.097827   -0.095870   -0.093969   -0.092126   -0.084950   -0.083656   -0.082749
   -0.169446   -0.169445   -0.169444   -0.169442   -0.169440   -0.169438   -0.169435   -0.169433   -0.169431   -0.169429   -0.150494   -0.150491   -0.150489   -0.150487   -0.150484   -0.150482   -0.150480   -0.120189   -0.120174   -0.120159   -0.120143   -0.120067   -0.119991   -0.118578   -0.116376   -0.113726   -0.111048   -0.108466   -0.105985   -0.099732   -0.097713   -0.095753   -0.093848   -0.092001   -0.084813   -0.083514   -0.082604
   -0.169386   -0.169385   -0.169384   -0.169382   -0.169380   -0.169378   -0.169375   -0.169373   -0.169371   -0.169369   -0.150426   -0.150424   -0.150421   -0.150419   -0.150416   -0.150414   -0.150412   -0.120104   -0.120089   -0.120073   -0.120058   -0.119982   -0.119905   -0.118490   -0.116285   -0.113632   -0.110950   -0.108365   -0.105881   -0.099620   -0.097598   -0.095634   -0.093725   -0.091874   -0.084673   -0.083371   -0.082458
   -0.169325   -0.169324   -0.169322   -0.169320   -0.169318   -0.169316   -0.169314   -0.169311   -0.169309   -0.169307   -0.150356   -0.150354   -0.150351   -0.150349   -0.150347   -0.150344   -0.150342   -0.120016   -0.120001   -0.119985   -0.119970   -0.119893   -0.119816   -0.118399   -0.116191   -0.113535   -0.110850   -0.108261   -0.105773   -0.099505   -0.097478   -0.095511   -0.093598   -0.091744   -0.084530   -0.083224   -0.082308
   -0.169261   -0.169260   -0.169259   -0.169257   -0.169254   -0.169252   -0.169250   -0.169248   -0.169245   -0.169243   -0.150284   -0.150282   -0.150279   -0.150277   -0.150275   -0.150272   -0.150270   -0.119926   -0.119910   -0.119895   -0.119879   -0.119802   -0.119724   -0.118305   -0.116094   -0.113434   -0.110746   -0.108154   -0.105662   -0.099386   -0.097356   -0.095384   -0.093467   -0.091609   -0.084383   -0.083073   -0.082154
   -0.169196   -0.169195   -0.169194   -0.169192   -0.169189   -0.169187   -0.169185   -0.169183   -0.169180   -0.169178   -0.150211   -0.150208   -0.150206   -0.150203   -0.150201   -0.150198   -0.150196   -0.119833   -0.119818   -0.119802   -0.119787   -0.119708   -0.119630   -0.118209   -0.115995   -0.113332   -0.110640   -0.108043   -0.105548   -0.099263   -0.097229   -0.095254   -0.093333   -0.091471   -0.084231   -0.082918   -0.081995
   -0.169130   -0.169129   -0.169127   -0.169125   -0.169123   -0.169120   -0.169118   -0.169116   -0.169113   -0.169111   -0.150136   -0.150133   -0.150130   -0.150128   -0.150125   -0.150123   -0.150120   -0.119738   -0.119723   -0.119707   -0.119691   -0.119613   -0.119533   -0.118110   -0.115893   -0.113226   -0.110530   -0.107930   -0.105431   -0.099137   -0.097099   -0.095120   -0.093195   -0.091328   -0.084075   -0.082757   -0.081831
   -0.169061   -0.169060   -0.169059   -0.169057   -0.169054   -0.169052   -0.169049   -0.169047   -0.169045   -0.169042   -0.150058   -0.150056   -0.150053   -0.150050   -0.150048   -0.150045   -0.150043   -0.119641   -0.119625   -0.119609   -0.119594   -0.119514   -0.119434   -0.118009   -0.115789   -0.113118   -0.110419   -0.107815   -0.105311   -0.099008   -0.096966   -0.094982   -0.093053   -0.091182   -0.083915   -0.082593   -0.081663
   -0.168991   -0.168990   -0.168988   -0.168986   -0.168983   -0.168981   -0.168979   -0.168976   -0.168974   -0.168972   -0.149978   -0.149976   -0.149973   -0.149970   -0.149968   -0.149965   -0.149962   -0.119541   -0.119525   -0.119509   -0.119493   -0.119413   -0.119332   -0.117904   -0.115681   -0.113007   -0.110304   -0.107696   -0.105188   -0.098876   -0.096830   -0.094841   -0.092908   -0.091032   -0.083750   -0.082424   -0.081491
   -0.168917   -0.168916   -0.168915   -0.168912   -0.168910   -0.168908   -0.168905   -0.168903   -0.168900   -0.168898   -0.149895   -0.149893   -0.149890   -0.149887   -0.149884   -0.149882   -0.149879   -0.119436   -0.119420   -0.119404   -0.119388   -0.119307   -0.119226   -0.117796   -0.115570   -0.112892   -0.110185   -0.107573   -0.105061   -0.098739   -0.096689   -0.094697   -0.092758   -0.090878   -0.083581   -0.082251   -0.081314
   -0.168841   -0.168840   -0.168838   -0.168836   -0.168833   -0.168831   -0.168828   -0.168826   -0.168824   -0.168821   -0.149809   -0.149806   -0.149803   -0.149800   -0.149798   -0.149795   -0.149792   -0.119327   -0.119311   -0.119295   -0.119279   -0.119198   -0.119116   -0.117683   -0.115454   -0.112772   -0.110061   -0.107445   -0.104929   -0.098598   -0.096543   -0.094547   -0.092604   -0.090720   -0.083407   -0.082073   -0.081133
   -0.168761   -0.168760   -0.168758   -0.168756   -0.168753   -0.168751   -0.168748   -0.168746   -0.168743   -0.168741   -0.149718   -0.149715   -0.149713   -0.149710   -0.149707   -0.149704   -0.149702   -0.119213   -0.119197   -0.119181   -0.119164   -0.119083   -0.119001   -0.117566   -0.115333   -0.112648   -0.109932   -0.107312   -0.104791   -0.098450   -0.096392   -0.094391   -0.092444   -0.090555   -0.083227   -0.081888   -0.080945
   -0.168677   -0.168676   -0.168675   -0.168672   -0.168669   -0.168667   -0.168664   -0.168662   -0.168659   -0.168657   -0.149623   -0.149621   -0.149618   -0.149615   -0.149612   -0.149609   -0.149606   -0.119094   -0.119077   -0.119061   -0.119045   -0.118962   -0.118880   -0.117442   -0.115206   -0.112517   -0.109797   -0.107172   -0.104648   -0.098296   -0.096233   -0.094228   -0.092277   -0.090383   -0.083039   -0.081697   -0.080750
   -0.168588   -0.168587   -0.168586   -0.168583   -0.168581   -0.168578   -0.168575   -0.168573   -0.168570   -0.168568   -0.149523   -0.149520   -0.149517   -0.149514   -0.149511   -0.149509   -0.149506   -0.118967   -0.118951   -0.118934   -0.118918   -0.118835   -0.118752   -0.117312   -0.115073   -0.112379   -0.109655   -0.107026   -0.104497   -0.098135   -0.096068   -0.094058   -0.092102   -0.090204   -0.082843   -0.081496   -0.080546
   -0.168493   -0.168492   -0.168490   -0.168488   -0.168485   -0.168482   -0.168480   -0.168477   -0.168474   -0.168472   -0.149415   -0.149412   -0.149409   -0.149406   -0.149403   -0.149400   -0.149398   -0.118831   -0.118815   -0.118798   -0.118782   -0.118699   -0.118616   -0.117174   -0.114931   -0.112234   -0.109505   -0.106872   -0.104338   -0.097965   -0.095893   -0.093879   -0.091919   -0.090016   -0.082638   -0.081287   -0.080333
   -0.168387   -0.168385   -0.168384   -0.168381   -0.168379   -0.168376   -0.168373   -0.168371   -0.168368   -0.168365   -0.149295   -0.149292   -0.149289   -0.149286   -0.149283   -0.149280   -0.149278   -0.118680   -0.118664   -0.118647   -0.118631   -0.118548   -0.118465   -0.117022   -0.114776   -0.112075   -0.109343   -0.106706   -0.104168   -0.097784   -0.095708   -0.093690   -0.091725   -0.089817   -0.082421   -0.081066   -0.080110
   -0.168261   -0.168260   -0.168258   -0.168256   -0.168253   -0.168250   -0.168248   -0.168245   -0.168243   -0.168240   -0.149154   -0.149151   -0.149148   -0.149145   -0.149142   -0.149139   -0.149137   -0.118503   -0.118487   -0.118471   -0.118455   -0.118373   -0.118291   -0.116847   -0.114601   -0.111897   -0.109162   -0.106522   -0.103981   -0.097586   -0.095507   -0.093485   -0.091517   -0.089605   -0.082191   -0.080833   -0.079874
   -0.168048   -0.168048   -0.168048   -0.168048   -0.168047   -0.168047   -0.168046   -0.168046   -0.168045   -0.168044   -0.148933   -0.148932   -0.148931   -0.148930   -0.148928   -0.148927   -0.148926   -0.118237   -0.118226   -0.118213   -0.118200   -0.118131   -0.118058   -0.116624   -0.114382   -0.111681   -0.108946   -0.106306   -0.103764   -0.097360   -0.095280   -0.093257   -0.091286   -0.089373   -0.081940   -0.080581   -0.079621
 -999.000000 -999.000000 -999.000000 -999.000000 -999.000000 -999.000000 -999.000000 -999.000000 -999.000000 -999.000000 -999.000000 -999.000000 -999.000000 -999.000000 -999.000000 -999.000000 -999.000000 -999.000000 -999.000000 -999.000000 -999.000000 -999.000000 -999.000000 -999.000000 -999.000000 -999.000000 -999.000000   -0.105991   -0.103477   -0.097073   -0.095002   -0.092984   -0.091017   -0.089106   -0.081656   -0.080298   -0.079341
 -999.000000 -999.000000 -999.000000 -999.000000 -999.000000 -999.000000 -999.000000 -999.000000 -999.000000 -999.000000 -999.000000 -999.000000 -999.000000 -999.000000 -999.000000 -999.000000 -999.000000 -999.000000 -999.000000 -999.000000 -999.000000 -999.000000 -999.000000 -999.000000 -999.000000 -999.000000 -999.000000 -999.000000 -999.000000 -999.000000 -999.000000 -999.000000   -0.090638   -0.088761   -0.081307   -0.079963   -0.079016
 -999.000000 -999.000000 -999.000000 -999.000000 -999.000000 -999.000000 -999.000000 -999.000000 -999.000000 -999.000000 -999.000000 -999.000000 -999.000000 -999.000000 -999.000000 -999.000000 -999.000000 -999.000000 -999.000000 -999.000000 -999.000000 -999.000000 -999.000000 -999.000000 -999.000000 -999.000000 -999.000000 -999.000000 -999.000000 -999.000000 -999.000000 -999.000000 -999.000000 -999.000000 -999.000000   -0.079276   -0.078573
#
# ak135 travel-time table for PKKSbc
#
