#
# ak135 travel-time table for PS
#
# number of distance and depth samples
57 37
# delta samples
83.000 84.000 85.000 86.000 87.000 88.000 89.000 90.000 91.000 92.000 93.000 94.000 95.000 96.000 97.000 98.000 99.000 100.000 101.000 102.000 103.000 104.000 105.000 106.000 107.000 
108.000 109.000 110.000 111.000 112.000 113.000 114.000 115.000 116.000 117.000 118.000 119.000 120.000 121.000 122.000 123.000 124.000 125.000 126.000 127.000 128.000 129.000 130.000 131.000 132.000 
133.000 134.000 135.000 136.000 137.000 138.000 139.000 
# depth samples
    0.000000    1.000000    2.500000    5.000000    7.500000   10.000000   12.500000   15.000000   17.500000   19.900000   20.000000   22.500000   25.000000   27.500000   30.000000   32.500000   34.900000   35.000000   40.000000   45.000000   50.000000   75.000000  100.000000  150.000000  200.000000  250.000000  300.000000  350.000000  400.000000  450.000000  500.000000  550.000000  600.000000  650.000000  700.000000  750.000000  800.000000
#
# travel times (rows - delta, columns - depth)
#
 -999.000000 -999.000000 -999.000000 -999.000000 -999.000000 -999.000000 -999.000000 -999.000000 -999.000000 -999.000000 -999.000000 -999.000000 -999.000000 -999.000000 -999.000000 -999.000000 -999.000000 -999.000000 -999.000000 -999.000000 -999.000000 -999.000000 -999.000000 -999.000000 -999.000000 -999.000000 -999.000000 -999.000000 1397.385010 -999.000000 -999.000000 -999.000000 -999.000000 -999.000000 -999.000000 -999.000000 -999.000000
 -999.000000 -999.000000 -999.000000 -999.000000 -999.000000 -999.000000 -999.000000 -999.000000 -999.000000 -999.000000 -999.000000 -999.000000 -999.000000 -999.000000 -999.000000 -999.000000 -999.000000 -999.000000 -999.000000 -999.000000 -999.000000 -999.000000 -999.000000 -999.000000 -999.000000 -999.000000 -999.000000 1410.324707 1408.496338 -999.000000 -999.000000 -999.000000 -999.000000 -999.000000 -999.000000 -999.000000 -999.000000
 -999.000000 -999.000000 -999.000000 -999.000000 -999.000000 -999.000000 -999.000000 -999.000000 -999.000000 -999.000000 -999.000000 -999.000000 -999.000000 -999.000000 -999.000000 -999.000000 -999.000000 -999.000000 -999.000000 -999.000000 -999.000000 -999.000000 -999.000000 -999.000000 -999.000000 -999.000000 -999.000000 1421.438354 1419.596924 -999.000000 -999.000000 -999.000000 -999.000000 -999.000000 -999.000000 -999.000000 -999.000000
 -999.000000 -999.000000 -999.000000 -999.000000 -999.000000 -999.000000 -999.000000 -999.000000 -999.000000 -999.000000 -999.000000 -999.000000 -999.000000 -999.000000 -999.000000 -999.000000 -999.000000 -999.000000 -999.000000 -999.000000 -999.000000 -999.000000 -999.000000 -999.000000 -999.000000 1437.468384 1434.819702 1432.543945 1430.679932 -999.000000 -999.000000 -999.000000 -999.000000 -999.000000 -999.000000 -999.000000 -999.000000
 -999.000000 -999.000000 -999.000000 -999.000000 -999.000000 -999.000000 -999.000000 -999.000000 -999.000000 -999.000000 -999.000000 -999.000000 -999.000000 -999.000000 -999.000000 -999.000000 -999.000000 -999.000000 -999.000000 -999.000000 -999.000000 -999.000000 -999.000000 -999.000000 1451.577148 1448.582275 1445.926392 1443.634277 1441.739136 -999.000000 -999.000000 -999.000000 -999.000000 -999.000000 -999.000000 -999.000000 -999.000000
 -999.000000 -999.000000 -999.000000 -999.000000 -999.000000 -999.000000 -999.000000 -999.000000 -999.000000 -999.000000 -999.000000 -999.000000 -999.000000 -999.000000 -999.000000 -999.000000 -999.000000 -999.000000 -999.000000 -999.000000 -999.000000 -999.000000 -999.000000 1465.969849 1462.690063 1459.688110 1457.018311 1454.702271 1452.769043 1452.043457 -999.000000 -999.000000 -999.000000 -999.000000 -999.000000 -999.000000 -999.000000
 -999.000000 -999.000000 -999.000000 -999.000000 -999.000000 -999.000000 -999.000000 -999.000000 -999.000000 -999.000000 -999.000000 -999.000000 -999.000000 -999.000000 -999.000000 -999.000000 1485.319092 1485.307495 1484.941528 1484.576172 1484.211426 1482.397095 1480.598267 1477.080933 1473.793457 1470.778442 1468.088257 1465.741943 1463.765625 1462.911865 -999.000000 -999.000000 -999.000000 -999.000000 -999.000000 -999.000000 -999.000000
 1500.978027 1500.837524 1500.626831 1500.275757 1499.924683 1499.573730 1499.222778 1498.871948 1498.521118 1498.184448 1498.170410 1497.878662 1497.587036 1497.295532 1497.004028 1496.712646 1496.432983 1496.421387 1496.055176 1495.689453 1495.324463 1493.507935 1491.706299 1488.180298 1484.879883 1481.846191 1479.129761 1476.748291 1474.725464 1473.753540 -999.000000 -999.000000 -999.000000 -999.000000 -999.000000 -999.000000 -999.000000
 1512.086670 1511.946167 1511.735352 1511.384033 1511.032837 1510.681641 1510.330566 1509.979614 1509.628662 1509.291748 1509.277710 1508.985840 1508.693970 1508.402222 1508.110474 1507.818970 1507.539062 1507.527466 1507.160400 1506.793945 1506.428101 1504.607056 1502.800049 1499.260620 1495.942017 1492.884399 1490.137451 1487.717407 1485.645020 1484.561279 1484.167603 -999.000000 -999.000000 -999.000000 -999.000000 -999.000000 -999.000000
 1523.181641 1523.041016 1522.829956 1522.478394 1522.126953 1521.775391 1521.424072 1521.072754 1520.721436 1520.384399 1520.370361 1520.078003 1519.785767 1519.493652 1519.201660 1518.909668 1518.629395 1518.617798 1518.249512 1517.881836 1517.514771 1515.686890 1513.872070 1510.314331 1506.973145 1503.887939 1501.107422 1498.645752 1496.520874 1495.330444 1494.765503 -999.000000 -999.000000 -999.000000 -999.000000 -999.000000 -999.000000
 1534.255127 1534.114258 1533.903076 1533.551147 1533.199219 1532.847290 1532.495483 1532.143799 1531.792114 1531.454590 1531.440552 1531.147705 1530.854980 1530.562378 1530.269775 1529.977295 1529.696533 1529.684937 1529.315063 1528.945679 1528.576782 1526.739746 1524.915039 1521.335327 1517.968262 1514.852783 1512.035767 1509.529541 1507.349487 1506.057495 1505.343262 -999.000000 -999.000000 -999.000000 -999.000000 -999.000000 -999.000000
 1545.299805 1545.158691 1544.947266 1544.594727 1544.242310 1543.889893 1543.537598 1543.185303 1542.833130 1542.495117 1542.481079 1542.187622 1541.894287 1541.600952 1541.307739 1541.014648 1540.733276 1540.721680 1540.349609 1539.978149 1539.607178 1537.759399 1535.923218 1532.318726 1528.923340 1525.774780 1522.918457 1520.364990 1518.127686 1516.739624 1515.891968 -999.000000 -999.000000 -999.000000 -999.000000 -999.000000 -999.000000
 1556.309570 1556.168335 1555.956421 1555.603394 1555.250366 1554.897339 1554.544434 1554.191650 1553.838745 1553.500122 1553.486084 1553.191895 1552.897827 1552.603882 1552.309937 1552.015991 1551.734009 1551.722290 1551.348022 1550.974243 1550.600830 1548.740845 1546.892090 1543.260498 1539.834106 1536.649780 1533.751465 1531.148560 1528.854004 1527.375000 1526.405029 1525.903564 -999.000000 -999.000000 -999.000000 -999.000000 -999.000000
 1567.279785 1567.138306 1566.926025 1566.572266 1566.218628 1565.864990 1565.511353 1565.157837 1564.804443 1564.465210 1564.451050 1564.156128 1563.861206 1563.566406 1563.271606 1562.976929 1562.694214 1562.682373 1562.305542 1561.929199 1561.553223 1559.679932 1557.817383 1554.156128 1550.696289 1547.473877 1544.531494 1541.878540 1539.527222 1537.961426 1536.877075 1536.216309 -999.000000 -999.000000 -999.000000 -999.000000 -999.000000
 1578.206177 1578.064331 1577.851685 1577.497192 1577.142822 1576.788452 1576.434082 1576.079956 1575.725708 1575.385742 1575.371582 1575.075806 1574.780029 1574.484253 1574.188721 1573.893066 1573.609375 1573.597656 1573.218018 1572.838867 1572.460083 1570.572266 1568.694580 1565.001343 1561.505737 1558.243286 1555.256470 1552.553955 1550.146362 1548.497070 1547.303955 1546.499634 1546.182495 -999.000000 -999.000000 -999.000000 -999.000000
 1589.083984 1588.941895 1588.728638 1588.373413 1588.018188 1587.663086 1587.307983 1586.952881 1586.597900 1586.257202 1586.243042 1585.946289 1585.649536 1585.352905 1585.056274 1584.759766 1584.475098 1584.463257 1584.080566 1583.698364 1583.316528 1581.413086 1579.519287 1575.791992 1572.259399 1568.956787 1565.925537 1563.173584 1560.710571 1558.979248 1557.682007 1556.746948 1556.251099 -999.000000 -999.000000 -999.000000 -999.000000
 1599.908691 1599.766113 1599.552490 1599.196411 1598.840332 1598.484253 1598.128296 1597.772461 1597.416626 1597.075073 1597.060791 1596.762939 1596.465210 1596.167480 1595.869873 1595.572266 1595.286743 1595.274902 1594.888916 1594.503418 1594.118286 1592.198364 1590.287720 1586.525757 1582.956055 1579.613159 1576.537720 1573.736694 1571.217896 1569.405884 1568.008545 1566.953613 1566.301880 -999.000000 -999.000000 -999.000000 -999.000000
 1610.676392 1610.533569 1610.319336 1609.962280 1609.605347 1609.248413 1608.891602 1608.534790 1608.178101 1607.835693 1607.821411 1607.522461 1607.223755 1606.924927 1606.626221 1606.327515 1606.040894 1606.029053 1605.639771 1605.250977 1604.862549 1602.925781 1600.998169 1597.201416 1593.594604 1590.211670 1587.091919 1584.241211 1581.666138 1579.774780 1578.281860 1577.116211 1576.325439 1575.553345 -999.000000 -999.000000 -999.000000
 1621.385376 1621.242188 1621.027466 1620.669556 1620.311768 1619.953979 1619.596191 1619.238525 1618.880859 1618.537598 1618.523315 1618.223267 1617.923462 1617.623535 1617.323730 1617.024048 1616.736328 1616.724365 1616.331909 1615.939697 1615.547974 1613.594360 1611.649780 1607.818237 1604.174194 1600.750732 1597.586060 1594.685059 1592.053345 1590.084351 1588.500977 1587.231934 1586.314209 1584.788330 -999.000000 -999.000000 -999.000000
 1632.034790 1631.891235 1631.675903 1631.317139 1630.958374 1630.599731 1630.241089 1629.882446 1629.523926 1629.179688 1629.165405 1628.864380 1628.563354 1628.262451 1627.961548 1627.660767 1627.371948 1627.359985 1626.964111 1626.568726 1626.173584 1624.203247 1622.241577 1618.374878 1614.693115 1611.228271 1608.017944 1605.066162 1602.377686 1600.334229 1598.664917 1597.298828 1595.865356 1594.016968 -999.000000 -999.000000 -999.000000
 1642.623535 1642.479614 1642.263794 1641.904053 1641.544434 1641.184814 1640.825195 1640.465698 1640.106201 1639.761230 1639.746826 1639.444702 1639.142578 1638.840576 1638.538574 1638.236694 1637.946899 1637.934814 1637.535645 1637.136719 1636.738281 1634.750854 1632.771973 1628.869385 1625.148804 1621.642090 1618.385376 1615.382568 1612.638794 1610.523926 1608.773071 1607.244507 1605.095947 1603.235474 -999.000000 -999.000000 -999.000000
 1653.149902 1653.005615 1652.789185 1652.428589 1652.067993 1651.707397 1651.346924 1650.986450 1650.625977 1650.280029 1650.265625 1649.962402 1649.659180 1649.355957 1649.052856 1648.749878 1648.458984 1648.446899 1648.044189 1647.641968 1647.239990 1645.235107 1643.238403 1639.299072 1635.539185 1631.989868 1628.687012 1625.634399 1622.836792 1620.653564 1618.824463 1616.475464 1614.317139 1612.439941 -999.000000 -999.000000 -999.000000
 1663.611450 1663.466797 1663.249878 1662.888184 1662.526611 1662.165039 1661.803589 1661.442139 1661.080811 1660.733887 1660.719482 1660.415039 1660.110596 1659.806274 1659.501953 1659.197754 1658.905762 1658.893677 1658.487549 1658.081665 1657.676147 1655.653442 1653.638672 1649.661987 1645.862305 1642.270752 1638.922729 1635.821777 1632.971924 1630.722900 1628.125610 1625.697144 1623.525024 1621.627075 1620.992065 -999.000000 -999.000000
 1674.005737 1673.860718 1673.643066 1673.280518 1672.917969 1672.555420 1672.192871 1671.830444 1671.468018 1671.120239 1671.105713 1670.800049 1670.494507 1670.188965 1669.883545 1669.578125 1669.284912 1669.272827 1668.863037 1668.453613 1668.044556 1666.003662 1663.970459 1659.956543 1656.117920 1652.485107 1649.093140 1645.944946 1643.002686 1640.025879 1637.346191 1634.905518 1632.716064 1630.794067 1630.064575 -999.000000 -999.000000
 1684.330688 1684.185181 1683.966919 1683.603394 1683.239746 1682.876221 1682.512695 1682.149292 1681.785889 1681.437012 1681.422607 1681.115723 1680.808960 1680.502197 1680.195557 1679.888916 1679.594604 1679.582397 1679.169067 1678.756104 1678.343506 1676.284668 1674.233398 1670.182983 1666.306274 1662.633301 1659.198364 1655.710693 1652.229004 1649.244385 1646.553223 1644.097168 1641.887085 1639.937866 1639.120239 -999.000000 -999.000000
 1694.585815 1694.439941 1694.221191 1693.856567 1693.491943 1693.127441 1692.762939 1692.398560 1692.034180 1691.684326 1691.669800 1691.361816 1691.053833 1690.745972 1690.438110 1690.130249 1689.834839 1689.822632 1689.405762 1688.989258 1688.573120 1686.496826 1684.428101 1680.342041 1676.427979 1672.584961 1668.647339 1664.932983 1661.443848 1658.448242 1655.742920 1653.268433 1651.035034 1649.056030 1648.153564 1647.794067 -999.000000
 1704.771851 1704.625488 1704.406128 1704.040527 1703.675049 1703.309570 1702.944092 1702.578735 1702.213257 1701.862549 1701.848022 1701.538818 1701.229736 1700.920654 1700.611694 1700.302734 1700.006104 1699.993896 1699.573608 1699.153809 1698.734131 1696.640747 1694.554688 1690.326782 1685.972046 1681.808105 1677.864258 1674.141968 1670.642944 1667.634033 1664.911865 1662.416504 1660.157227 1658.145752 1657.159912 1656.677734 -999.000000
 1714.889160 1714.742432 1714.522583 1714.156006 1713.789551 1713.422974 1713.056641 1712.690308 1712.323975 1711.972290 1711.957642 1711.647339 1711.331299 1711.007935 1710.684692 1710.361450 1710.051270 1710.038330 1709.577393 1709.116699 1708.656372 1706.359985 1704.072266 1699.549072 1695.188965 1691.018188 1687.066040 1683.333862 1679.822876 1676.798340 1674.056885 1671.538330 1669.250732 1667.203979 1666.135620 1665.547852 -999.000000
 1724.223145 1724.071899 1723.845215 1723.467285 1723.089478 1722.711792 1722.333984 1721.956299 1721.578613 1721.216064 1721.201050 1720.877441 1720.553955 1720.230469 1719.906982 1719.583618 1719.273315 1719.260376 1718.798828 1718.337769 1717.876953 1715.578003 1713.287598 1708.758179 1704.390747 1700.211304 1696.249146 1692.505005 1688.980103 1685.937988 1683.175049 1680.630981 1678.312378 1676.227905 1675.078125 1674.402100 1674.139038
 1733.434448 1733.283203 1733.056396 1732.678345 1732.300293 1731.922363 1731.544434 1731.166504 1730.788696 1730.426025 1730.410889 1730.087158 1729.763306 1729.439697 1729.115967 1728.792480 1728.481812 1728.468872 1728.006836 1727.545044 1727.083496 1724.781250 1722.487183 1717.949951 1713.573486 1709.383789 1705.409790 1701.652222 1698.111694 1695.049805 1692.263306 1689.691162 1687.339111 1685.214478 1683.989868 1683.239380 1682.879639
 1742.629028 1742.477661 1742.250732 1741.872437 1741.494141 1741.115967 1740.737793 1740.359741 1739.981689 1739.618774 1739.603638 1739.279541 1738.955566 1738.631592 1738.307617 1737.983765 1737.672852 1737.659912 1737.197021 1736.734497 1736.272217 1733.965698 1731.667358 1727.120728 1722.733887 1718.532471 1714.545044 1710.772217 1707.214355 1704.130615 1701.318115 1698.715576 1696.327759 1694.161133 1692.874268 1692.058838 1691.613281
 1751.803101 1751.651733 1751.424561 1751.046021 1750.667480 1750.288940 1749.910522 1749.532104 1749.153809 1748.790649 1748.775513 1748.451050 1748.126709 1747.802368 1747.478149 1747.153931 1746.842773 1746.829834 1746.365967 1745.902466 1745.439209 1743.127930 1740.824585 1736.267334 1731.868530 1727.653809 1723.651489 1719.861816 1716.284546 1713.176880 1710.336304 1707.701050 1705.275513 1703.071411 1701.733521 1700.859741 1700.336548
 1760.953247 1760.801636 1760.574341 1760.195435 1759.816528 1759.437744 1759.059082 1758.680298 1758.301636 1757.938110 1757.922974 1757.598267 1757.273560 1756.948853 1756.624268 1756.299683 1755.988037 1755.975098 1755.510254 1755.045654 1754.581299 1752.264526 1749.955444 1745.386230 1740.974121 1736.744629 1732.725830 1728.917358 1725.318970 1722.185181 1719.314331 1716.644775 1714.185913 1711.951050 1710.569092 1709.641113 1709.046875
 1770.075928 1769.924194 1769.696655 1769.317505 1768.938232 1768.559082 1768.180054 1767.800903 1767.421875 1767.058105 1767.042969 1766.717773 1766.392578 1766.067505 1765.742432 1765.417480 1765.105469 1765.092529 1764.626465 1764.160645 1763.695190 1761.372192 1759.056763 1754.473999 1750.047241 1745.801392 1741.764160 1737.935303 1734.313965 1731.152100 1728.250122 1725.551392 1723.065308 1720.803467 1719.381836 1718.402466 1717.741821
 1779.167969 1779.016113 1778.788208 1778.408691 1778.029053 1777.649536 1777.270020 1776.890503 1776.511108 1776.146851 1776.131714 1775.806030 1775.480469 1775.154907 1774.829346 1774.503906 1774.191406 1774.178467 1773.711060 1773.243896 1772.777100 1770.447266 1768.124756 1763.527100 1759.083984 1754.820190 1750.763062 1746.911987 1743.265991 1740.077271 1737.149902 1734.427124 1731.916992 1729.630859 1728.172119 1727.143188 1726.419189
 1788.225342 1788.073364 1787.845215 1787.465210 1787.085205 1786.705200 1786.325195 1785.945312 1785.565430 1785.200806 1785.185547 1784.859375 1784.533325 1784.207153 1783.881104 1783.555176 1783.242188 1783.229248 1782.760254 1782.291748 1781.823364 1779.485962 1777.155640 1772.541626 1768.080688 1763.797363 1759.718872 1755.845459 1752.178345 1748.968018 1746.019409 1743.275269 1740.743530 1738.434692 1736.939575 1735.862671 1735.077148
 1797.244385 1797.092163 1796.863770 1796.483276 1796.102661 1795.722168 1795.341797 1794.961426 1794.581055 1794.215942 1794.200684 1793.873901 1793.547241 1793.220581 1792.893921 1792.567383 1792.253906 1792.240845 1791.770386 1791.300171 1790.830200 1788.484497 1786.145630 1781.513794 1777.033813 1772.730957 1768.633789 1764.742676 1761.058228 1757.829224 1754.861572 1752.098022 1749.546143 1747.214966 1745.683838 1744.560425 1743.714111
 1806.221069 1806.068604 1805.839966 1805.458862 1805.077759 1804.696777 1804.315796 1803.934814 1803.553955 1803.188354 1803.173096 1802.845703 1802.518433 1802.191162 1801.863892 1801.536621 1801.222534 1801.209473 1800.737305 1800.265259 1799.793579 1797.439087 1795.091431 1790.442505 1785.946167 1781.627930 1777.515503 1773.609253 1769.909546 1766.663818 1763.678833 1760.896973 1758.324829 1755.971313 1754.404663 1753.235840 1752.328613
 1815.153442 1815.000854 1814.771851 1814.390259 1814.008789 1813.627197 1813.245728 1812.864380 1812.482910 1812.116821 1812.101685 1811.773682 1811.445801 1811.117920 1810.790161 1810.462402 1810.147705 1810.134644 1809.660889 1809.187378 1808.714233 1806.352417 1803.997681 1799.335205 1794.825684 1790.494141 1786.368286 1782.448486 1778.734863 1775.473755 1772.471924 1769.671753 1767.079468 1764.703369 1763.101685 1761.887329 1760.919312
 1824.048950 1823.896118 1823.666992 1823.285034 1822.903076 1822.521240 1822.139404 1821.757568 1821.375732 1821.009277 1820.994019 1820.665649 1820.337280 1820.009033 1819.680786 1819.352539 1819.037476 1819.024414 1818.549316 1818.074707 1817.600220 1815.232422 1812.871704 1808.197510 1803.676270 1799.332886 1795.194946 1791.262451 1787.535767 1784.259399 1781.240601 1778.421997 1775.809448 1773.410889 1771.774292 1770.513306 1769.484985
 1832.913574 1832.760620 1832.531250 1832.148926 1831.766602 1831.384399 1831.002197 1830.620117 1830.237915 1829.871216 1829.855957 1829.527100 1829.198364 1828.869629 1828.541016 1828.212402 1827.896973 1827.883911 1827.407837 1826.932007 1826.456543 1824.083252 1821.717285 1817.032593 1812.500610 1808.146240 1803.996826 1800.052124 1796.312134 1793.020264 1789.984619 1787.147461 1784.514526 1782.093262 1780.421021 1779.111938 1778.024902
 1841.750488 1841.597412 1841.367920 1840.985229 1840.602661 1840.220215 1839.837646 1839.455200 1839.072754 1838.705688 1838.690430 1838.361328 1838.032227 1837.703125 1837.374146 1837.045166 1836.729370 1836.716309 1836.239136 1835.762451 1835.285889 1832.907837 1830.536987 1825.842407 1821.300293 1816.935059 1812.774048 1808.816895 1805.063599 1801.756226 1798.703491 1795.847656 1793.194092 1790.749390 1789.039795 1787.681641 1786.538330
 1850.562012 1850.408936 1850.179077 1849.796265 1849.413330 1849.030518 1848.647705 1848.265015 1847.882324 1847.514893 1847.499634 1847.170166 1846.840698 1846.511353 1846.182007 1845.852661 1845.536621 1845.523438 1845.045410 1844.567749 1844.090332 1841.707520 1839.331909 1834.627563 1830.075073 1825.698975 1821.526245 1817.556641 1813.789795 1810.466797 1807.396851 1804.522095 1801.846924 1799.377197 1797.628540 1796.222046 1795.024536
 1859.348755 1859.195435 1858.965576 1858.582397 1858.199219 1857.816040 1857.432983 1857.049927 1856.666992 1856.299316 1856.284058 1855.954224 1855.624390 1855.294678 1854.964966 1854.635376 1854.318970 1854.305786 1853.826782 1853.348145 1852.869751 1850.482178 1848.101807 1843.387573 1838.824707 1834.437500 1830.253052 1826.270752 1822.490356 1819.151611 1816.063843 1813.168945 1810.470825 1807.974731 1806.186279 1804.732910 1803.482910
 1868.110229 1867.956909 1867.726685 1867.343262 1866.959839 1866.576416 1866.192993 1865.809692 1865.426392 1865.058472 1865.043213 1864.713013 1864.382812 1864.052856 1863.722778 1863.392822 1863.076050 1863.062866 1862.583008 1862.103394 1861.624023 1859.231567 1856.846313 1852.122070 1847.548706 1843.150391 1838.953979 1834.958862 1831.164551 1827.809204 1824.702515 1821.786255 1819.063721 1816.540039 1814.712769 1813.213745 1811.912354
 1876.846191 1876.692627 1876.462280 1876.078613 1875.694824 1875.311157 1874.927490 1874.543823 1874.160156 1873.791992 1873.776611 1873.446167 1873.115723 1872.785278 1872.454834 1872.124512 1871.807495 1871.794312 1871.313477 1870.832886 1870.352539 1867.955322 1865.565063 1860.830688 1856.246704 1851.837158 1847.628540 1843.619995 1839.810791 1836.437744 1833.310791 1830.371704 1827.624146 1825.073120 1823.207886 1821.664429 1820.311401
 1885.556030 1885.402466 1885.171997 1884.787842 1884.403809 1884.019775 1883.635864 1883.251953 1882.868042 1882.499512 1882.484131 1882.153320 1881.822510 1881.491699 1881.161011 1880.830322 1880.512817 1880.499634 1880.017822 1879.536255 1879.055054 1876.652832 1874.257690 1869.513062 1864.917969 1860.496582 1856.274780 1852.251831 1848.426758 1845.034668 1841.886353 1838.924194 1836.151733 1833.573853 1831.671387 1830.083496 1828.678955
 1894.239502 1894.085693 1893.855103 1893.470703 1893.086304 1892.702026 1892.317749 1891.933472 1891.549316 1891.180420 1891.165161 1890.833862 1890.502686 1890.171631 1889.840454 1889.509399 1889.191650 1889.178467 1888.695557 1888.213013 1887.730713 1885.323486 1882.922974 1878.167480 1873.560669 1869.126465 1864.890625 1860.852295 1857.010132 1853.598389 1850.428711 1847.443604 1844.646606 1842.042114 1840.102539 1838.469727 -999.000000
 1902.895020 1902.741089 1902.510254 1902.125610 1901.740845 1901.356201 1900.971558 1900.587036 1900.202515 1899.833374 1899.817993 1899.486328 1899.154785 1898.823242 1898.491821 1898.160400 1897.842163 1897.828979 1897.345093 1896.861450 1896.378052 1893.965210 1891.559204 1886.791870 1882.172485 1877.724365 1873.473633 1869.419067 1865.559814 1862.128540 1858.937744 1855.930054 1853.108521 1850.477295 1848.499878 -999.000000 -999.000000
 1911.520386 1911.366333 1911.135376 1910.750244 1910.365234 1909.980225 1909.595215 1909.210327 1908.825439 1908.455933 1908.440552 1908.108521 1907.776489 1907.444580 1907.112671 1906.780762 1906.462280 1906.449097 1905.963989 1905.479126 1904.994629 1902.575806 1900.163696 1895.383789 1890.750854 1886.288452 1882.022583 1877.952026 1874.075684 1870.625122 1867.413330 1864.383057 1861.536743 1858.877930 1856.862061 -999.000000 -999.000000
 1920.113159 1919.958984 1919.727661 1919.342163 1918.956787 1918.571411 1918.186035 1917.800659 1917.415405 1917.045532 1917.030151 1916.697632 1916.365234 1916.032837 1915.700562 1915.368164 1915.049194 1915.036011 1914.549683 1914.063599 1913.577759 1911.152832 1908.734253 1903.941406 1899.294922 1894.818481 1890.537476 1886.451050 1882.557983 1879.088135 1875.855103 1872.801636 1869.929810 1867.242554 -999.000000 -999.000000 -999.000000
 1928.671387 1928.517090 1928.285522 1927.899658 1927.513916 1927.128174 1926.742432 1926.356689 1925.970947 1925.600708 1925.585327 1925.252441 1924.919556 1924.586670 1924.253906 1923.921143 1923.601685 1923.588501 1923.100830 1922.613525 1922.126587 1919.695312 1917.270508 1912.464722 1907.804932 1903.314331 1899.018555 1894.916260 1891.006104 1887.516479 1884.261719 1881.184204 -999.000000 -999.000000 -999.000000 -999.000000 -999.000000
 1937.195190 1937.040649 1936.808960 1936.422729 1936.036499 1935.650391 1935.264160 1934.878174 1934.492065 1934.121460 1934.106079 1933.772705 1933.439331 1933.106079 1932.772827 1932.439575 1932.119751 1932.106445 1931.617676 1931.129150 1930.640869 1928.203369 1925.772339 1920.953857 1916.280640 1911.776001 1907.465088 1903.346558 1899.418823 1895.908813 1892.631348 -999.000000 -999.000000 -999.000000 -999.000000 -999.000000 -999.000000
 1945.684448 1945.529785 1945.297852 1944.911255 1944.524658 1944.138062 1943.751587 1943.365112 1942.978638 1942.607666 1942.592163 1942.258423 1941.924561 1941.590820 1941.257202 1940.923462 1940.603149 1940.589966 1940.099854 1939.610107 1939.120605 1936.677002 1934.239624 1929.408325 1924.721558 1920.202393 1915.875854 1911.740479 1907.794434 -999.000000 -999.000000 -999.000000 -999.000000 -999.000000 -999.000000 -999.000000 -999.000000
 1954.139038 1953.984131 1953.751953 1953.364990 1952.977905 1952.591064 1952.204102 1951.817261 1951.430420 1951.059082 1951.043579 1950.709351 1950.375122 1950.040894 1949.706665 1949.372559 1949.051880 1949.038574 1948.547241 1948.056274 1947.565552 1945.115479 1942.671753 1937.827148 1933.126221 1928.592041 1924.249268 -999.000000 -999.000000 -999.000000 -999.000000 -999.000000 -999.000000 -999.000000 -999.000000 -999.000000 -999.000000
 1962.557495 1962.402466 1962.170044 1961.782593 1961.395264 1961.007935 1960.620605 1960.233276 1959.846069 1959.474365 1959.458862 1959.124146 1958.789429 1958.454712 1958.120117 1957.785522 1957.464355 1957.450928 1956.958374 1956.466064 1955.973999 1953.517456 1951.066895 1946.208496 1941.492920 -999.000000 -999.000000 -999.000000 -999.000000 -999.000000 -999.000000 -999.000000 -999.000000 -999.000000 -999.000000 -999.000000 -999.000000
 1970.938354 1970.783203 1970.550415 1970.162598 1969.774780 1969.387085 1968.999268 1968.611572 1968.223877 1967.851807 1967.836304 1967.500977 1967.165771 1966.830688 1966.495483 1966.160400 1965.838745 1965.825439 1965.331543 1964.837891 1964.344482 1961.880981 -999.000000 -999.000000 -999.000000 -999.000000 -999.000000 -999.000000 -999.000000 -999.000000 -999.000000 -999.000000 -999.000000 -999.000000 -999.000000 -999.000000 -999.000000
#
# dtdd (rows - delta, columns - depth)
#
 -999.000000 -999.000000 -999.000000 -999.000000 -999.000000 -999.000000 -999.000000 -999.000000 -999.000000 -999.000000 -999.000000 -999.000000 -999.000000 -999.000000 -999.000000 -999.000000 -999.000000 -999.000000 -999.000000 -999.000000 -999.000000 -999.000000 -999.000000 -999.000000 -999.000000 -999.000000 -999.000000 -999.000000   11.114427 -999.000000 -999.000000 -999.000000 -999.000000 -999.000000 -999.000000 -999.000000 -999.000000
 -999.000000 -999.000000 -999.000000 -999.000000 -999.000000 -999.000000 -999.000000 -999.000000 -999.000000 -999.000000 -999.000000 -999.000000 -999.000000 -999.000000 -999.000000 -999.000000 -999.000000 -999.000000 -999.000000 -999.000000 -999.000000 -999.000000 -999.000000 -999.000000 -999.000000 -999.000000 -999.000000   11.115247   11.107146 -999.000000 -999.000000 -999.000000 -999.000000 -999.000000 -999.000000 -999.000000 -999.000000
 -999.000000 -999.000000 -999.000000 -999.000000 -999.000000 -999.000000 -999.000000 -999.000000 -999.000000 -999.000000 -999.000000 -999.000000 -999.000000 -999.000000 -999.000000 -999.000000 -999.000000 -999.000000 -999.000000 -999.000000 -999.000000 -999.000000 -999.000000 -999.000000 -999.000000 -999.000000 -999.000000   11.110879   11.092864 -999.000000 -999.000000 -999.000000 -999.000000 -999.000000 -999.000000 -999.000000 -999.000000
 -999.000000 -999.000000 -999.000000 -999.000000 -999.000000 -999.000000 -999.000000 -999.000000 -999.000000 -999.000000 -999.000000 -999.000000 -999.000000 -999.000000 -999.000000 -999.000000 -999.000000 -999.000000 -999.000000 -999.000000 -999.000000 -999.000000 -999.000000 -999.000000 -999.000000   11.115258   11.111673   11.099079   11.072101 -999.000000 -999.000000 -999.000000 -999.000000 -999.000000 -999.000000 -999.000000 -999.000000
 -999.000000 -999.000000 -999.000000 -999.000000 -999.000000 -999.000000 -999.000000 -999.000000 -999.000000 -999.000000 -999.000000 -999.000000 -999.000000 -999.000000 -999.000000 -999.000000 -999.000000 -999.000000 -999.000000 -999.000000 -999.000000 -999.000000 -999.000000 -999.000000   11.115067   11.111111   11.100511   11.080265   11.045345 -999.000000 -999.000000 -999.000000 -999.000000 -999.000000 -999.000000 -999.000000 -999.000000
 -999.000000 -999.000000 -999.000000 -999.000000 -999.000000 -999.000000 -999.000000 -999.000000 -999.000000 -999.000000 -999.000000 -999.000000 -999.000000 -999.000000 -999.000000 -999.000000 -999.000000 -999.000000 -999.000000 -999.000000 -999.000000 -999.000000 -999.000000   11.114287   11.109413   11.099335   11.082106   11.054818   11.013874   10.878504 -999.000000 -999.000000 -999.000000 -999.000000 -999.000000 -999.000000 -999.000000
 -999.000000 -999.000000 -999.000000 -999.000000 -999.000000 -999.000000 -999.000000 -999.000000 -999.000000 -999.000000 -999.000000 -999.000000 -999.000000 -999.000000 -999.000000 -999.000000   11.115262   11.115262   11.115243   11.115193   11.115113   11.114235   11.112539   11.106492   11.096126   11.080211   11.056772   11.023675   10.978696   10.856487 -999.000000 -999.000000 -999.000000 -999.000000 -999.000000 -999.000000 -999.000000
   11.112969   11.112931   11.112872   11.112773   11.112672   11.112569   11.112463   11.112355   11.112246   11.112138   11.112133   11.111996   11.111856   11.111712   11.111566   11.111416   11.111269   11.111262   11.110756   11.110218   11.109648   11.106310   11.102139   11.091069   11.075438   11.054000   11.025351   10.988319   10.940292   10.825622 -999.000000 -999.000000 -999.000000 -999.000000 -999.000000 -999.000000 -999.000000
   11.103065   11.102977   11.102844   11.102621   11.102395   11.102168   11.101937   11.101706   11.101471   11.101244   11.101234   11.100947   11.100657   11.100364   11.100067   11.099768   11.099477   11.099464   11.098481   11.097466   11.096418   11.090690   11.084123   11.068217   11.047584   11.021678   10.989457   10.949387   10.898315   10.789101   10.604252 -999.000000 -999.000000 -999.000000 -999.000000 -999.000000 -999.000000
   11.085454   11.085317   11.085111   11.084766   11.084419   11.084070   11.083718   11.083365   11.083009   11.082665   11.082651   11.082217   11.081781   11.081342   11.080898   11.080452   11.080021   11.080003   11.078557   11.077080   11.075570   11.067529   11.058654   11.038273   11.013908   10.984830   10.949778   10.906730   10.852765   10.748575   10.589436 -999.000000 -999.000000 -999.000000 -999.000000 -999.000000 -999.000000
   11.060261   11.060077   11.059799   11.059337   11.058871   11.058404   11.057934   11.057462   11.056987   11.056530   11.056510   11.055935   11.055356   11.054774   11.054189   11.053600   11.053032   11.053009   11.051117   11.049198   11.047255   11.037153   11.026430   11.002935   10.975757   10.944102   10.906185   10.860195   10.803838   10.705023   10.564513 -999.000000 -999.000000 -999.000000 -999.000000 -999.000000 -999.000000
   11.028084   11.027863   11.027531   11.026976   11.026420   11.025861   11.025301   11.024739   11.024176   11.023633   11.023610   11.022930   11.022247   11.021562   11.020874   11.020185   11.019520   11.019492   11.017297   11.015079   11.012838   11.001307   10.989231   10.963237   10.933657   10.899237   10.858517   10.810005   10.752460   10.659076   10.531857 -999.000000 -999.000000 -999.000000 -999.000000 -999.000000 -999.000000
   10.990747   10.990499   10.990124   10.989498   10.988871   10.988242   10.987612   10.986979   10.986346   10.985737   10.985711   10.984948   10.984182   10.983415   10.982644   10.981873   10.981129   10.981098   10.978655   10.976192   10.973710   10.961007   10.947814   10.919443   10.887198   10.850174   10.807005   10.757010   10.699915   10.611173   10.493311   10.324430 -999.000000 -999.000000 -999.000000 -999.000000 -999.000000
   10.949057   10.948783   10.948372   10.947684   10.946996   10.946304   10.945612   10.944918   10.944222   10.943552   10.943524   10.942686   10.941846   10.941003   10.940157   10.939309   10.938493   10.938458   10.935786   10.933092   10.930376   10.916464   10.902000   10.871136   10.836475   10.797148   10.752681   10.702824   10.646365   10.561459   10.450082   10.299398 -999.000000 -999.000000 -999.000000 -999.000000 -999.000000
   10.902861   10.902558   10.902104   10.901346   10.900587   10.899826   10.899063   10.898298   10.897532   10.896794   10.896764   10.895842   10.894917   10.893991   10.893063   10.892132   10.891236   10.891199   10.888280   10.885341   10.882380   10.867270   10.851640   10.818531   10.781834   10.741661   10.697205   10.647658   10.591932   10.509305   10.403015   10.266218   10.073607 -999.000000 -999.000000 -999.000000 -999.000000
   10.851970   10.851642   10.851149   10.850326   10.849501   10.848674   10.847846   10.847016   10.846185   10.845385   10.845351   10.844353   10.843352   10.842349   10.841344   10.840336   10.839367   10.839327   10.836185   10.833024   10.829844   10.813651   10.796972   10.762399   10.725311   10.685080   10.640770   10.591642   10.536077   10.454797   10.352729   10.227633   10.061478 -999.000000 -999.000000 -999.000000 -999.000000
   10.796627   10.796275   10.795747   10.794866   10.793984   10.793101   10.792217   10.791332   10.790446   10.789596   10.789560   10.788500   10.787437   10.786375   10.785311   10.784245   10.783222   10.783179   10.779885   10.776583   10.773271   10.756579   10.739667   10.704899   10.667734   10.627564   10.583497   10.534183   10.478093   10.398112   10.300113   10.185122   10.038583 -999.000000 -999.000000 -999.000000 -999.000000
   10.738580   10.738223   10.737687   10.736794   10.735901   10.735005   10.734110   10.733213   10.732316   10.731453   10.731417   10.730344   10.729270   10.728194   10.727118   10.726040   10.725004   10.724961   10.721645   10.718323   10.714991   10.698213   10.681233   10.646392   10.609256   10.569146   10.524547   10.474529   10.418050   10.339412   10.246344   10.139596   10.007271    9.236959 -999.000000 -999.000000 -999.000000
   10.679385   10.679025   10.678484   10.677583   10.676680   10.675776   10.674872   10.673967   10.673061   10.672191   10.672154   10.671072   10.669989   10.668904   10.667819   10.666733   10.665689   10.665646   10.662321   10.658989   10.655649   10.638840   10.621843   10.587020   10.549624   10.508719   10.463350   10.412763   10.356016   10.279716   10.191641   10.091657    9.969296    9.232488 -999.000000 -999.000000 -999.000000
   10.619219   10.618856   10.618312   10.617404   10.616496   10.615586   10.614676   10.613765   10.612853   10.611977   10.611940   10.610852   10.609764   10.608674   10.607583   10.606491   10.605442   10.605398   10.602073   10.598741   10.595402   10.578575   10.561445   10.525958   10.487694   10.446010   10.399996   10.348961   10.292704   10.219813   10.136147   10.041545    9.233963    9.224165 -999.000000 -999.000000 -999.000000
   10.557982   10.557612   10.557057   10.556131   10.555203   10.554275   10.553345   10.552414   10.551481   10.550586   10.550548   10.549436   10.548323   10.547208   10.546091   10.544972   10.543898   10.543853   10.540459   10.537052   10.533634   10.516366   10.498798   10.462483   10.423460   10.381110   10.334582   10.284109   10.229536   10.159729   10.079973    9.234251    9.226528    9.212043 -999.000000 -999.000000 -999.000000
   10.494389   10.494007   10.493434   10.492478   10.491522   10.490563   10.489605   10.488645   10.487682   10.486758   10.486720   10.485575   10.484427   10.483279   10.482129   10.480978   10.479871   10.479825   10.476348   10.472858   10.469358   10.451689   10.433735   10.396693   10.357014   10.314326   10.268627   10.219544   10.166541   10.099483   10.022568    9.226983    9.215175    9.196368 -999.000000 -999.000000 -999.000000
   10.428312   10.427919   10.427331   10.426349   10.425364   10.424380   10.423394   10.422407   10.421419   10.420469   10.420429   10.419253   10.418077   10.416898   10.415717   10.414536   10.413400   10.413353   10.409801   10.406240   10.402668   10.384645   10.366352   10.328733   10.289245   10.247568   10.203036   10.155245   10.103701   10.038832    9.226183    9.215729    9.200034    9.177553    9.078636 -999.000000 -999.000000
   10.359854   10.359452   10.358849   10.357841   10.356833   10.355824   10.354814   10.353802   10.352789   10.351816   10.351775   10.350573   10.349367   10.348161   10.346953   10.345744   10.344583   10.344534   10.340919   10.337301   10.333681   10.315540   10.297335   10.260449   10.221897   10.181213   10.137766   10.091180    9.230799    9.224326    9.214519    9.200582    9.181549    9.155837    9.065144 -999.000000 -999.000000
   10.289922   10.289522   10.288924   10.287927   10.286928   10.285929   10.284929   10.283930   10.282929   10.281968   10.281928   10.280742   10.279555   10.278368   10.277180   10.275991   10.274850   10.274802   10.271274   10.267741   10.264207   10.246492   10.228706   10.192656   10.154971   10.115212   10.072781    9.227526    9.221256    9.211846    9.198924    9.181981    9.159974    9.131432    9.045312 -999.000000 -999.000000
   10.220494   10.220102   10.219514   10.218534   10.217552   10.216571   10.215589   10.214605   10.213622   10.212677   10.212638   10.211473   10.210308   10.209143   10.207976   10.206809   10.205688   10.205642   10.202192   10.198740   10.195285   10.177963   10.160565   10.125288   10.088415    9.228213    9.223091    9.216331    9.207584    9.195466    9.179837    9.160182    9.135523    9.104428    9.020496    8.889510 -999.000000
   10.151583   10.151196   10.150619   10.149653   10.148688   10.147723   10.146756   10.145789   10.144822   10.143892   10.143854   10.142710   10.141564   10.140419   10.139273   10.138125   10.137024   10.136978   10.133602   10.130223   10.126842   10.109885   10.092850    9.227633    9.223078    9.217299    9.210023    9.201044    9.190107    9.175589    9.157495    9.135397    9.108337    9.074491    8.991631    8.877296 -999.000000
   10.083123   10.082744   10.082173   10.081224   10.080274   10.079323   10.078371   10.077419   10.076467   10.075552   10.075514   10.074388    9.227886    9.227755    9.227622    9.227489    9.227359    9.227354    9.226972    9.226581    9.226182    9.224069    9.221747    9.216417    9.209959    9.202232    9.193021    9.182088    9.169152    9.152436    9.132105    9.107760    9.078095    9.041580    8.959388    8.862415 -999.000000
    9.218421    9.218358    9.218264    9.218106    9.217947    9.217788    9.217628    9.217466    9.217304    9.217148    9.217141    9.216950    9.216759    9.216565    9.216372    9.216176    9.215987    9.215980    9.215424    9.214860    9.214287    9.211295    9.208094    9.201031    9.192867    9.183421    9.172444    9.159706    9.144931    9.126208    9.103757    9.076941    9.044713    9.005713    8.926335    8.845987    8.742837
    9.203598    9.203515    9.203391    9.203183    9.202974    9.202765    9.202555    9.202344    9.202132    9.201928    9.201920    9.201671    9.201421    9.201170    9.200918    9.200665    9.200421    9.200411    9.199695    9.198971    9.198239    9.194465    9.190491    9.181887    9.172158    9.161116    9.148505    9.134100    9.117631    9.096891    9.072093    9.042852    9.008200    8.966901    8.897633    8.828515    8.737710
    9.184919    9.184818    9.184668    9.184414    9.184160    9.183907    9.183651    9.183395    9.183139    9.182892    9.182881    9.182580    9.182278    9.181975    9.181671    9.181366    9.181071    9.181060    9.180198    9.179329    9.178452    9.173953    9.169260    9.159221    9.148037    9.135514    9.121393    9.105374    9.087046    9.064132    9.037050    9.005493    8.968565    8.927174    8.871563    8.810275    8.728996
    9.162641    9.162523    9.162347    9.162051    9.161756    9.161460    9.161162    9.160865    9.160566    9.160278    9.160267    9.159917    9.159565    9.159213    9.158860    9.158506    9.158165    9.158152    9.157154    9.156149    9.155137    9.149963    9.144600    9.133225    9.120690    9.106733    9.090980    9.073153    9.052928    9.027902    8.998624    8.964868    8.927768    8.894238    8.847176    8.791262    8.717274
    9.136954    9.136821    9.136621    9.136287    9.135952    9.135616    9.135280    9.134942    9.134604    9.134279    9.134266    9.133870    9.133473    9.133075    9.132676    9.132277    9.131892    9.131876    9.130753    9.129622    9.128483    9.122682    9.116691    9.103987    9.089969    9.074394    9.056942    9.037337    9.015258    8.988187    8.956806    8.923835    8.894146    8.865596    8.823984    8.771499    8.702980
    9.107985    9.107836    9.107611    9.107237    9.106861    9.106485    9.106108    9.105730    9.105351    9.104987    9.104972    9.104528    9.104083    9.103638    9.103190    9.102743    9.102312    9.102294    9.101036    9.099770    9.098495    9.091994    9.085279    9.071096    9.055545    9.038373    9.019249    8.997902    8.974015    8.945011    8.916552    8.890419    8.865079    8.839610    8.801559    8.751096    8.686457
    9.075339    9.075172    9.074922    9.074503    9.074083    9.073663    9.073241    9.072819    9.072395    9.071988    9.071971    9.071476    9.070980    9.070482    9.069983    9.069484    9.069003    9.068983    9.067582    9.066173    9.064754    9.057535    9.050097    9.034451    9.017382    8.998634    8.977870    8.954821    8.930689    8.906893    8.883945    8.861438    8.838787    8.815476    8.778918    8.730138    8.667973
    9.038862    9.038677    9.038400    9.037936    9.037473    9.037007    9.036542    9.036075    9.035607    9.035157    9.035139    9.034592    9.034044    9.033495    9.032945    9.032393    9.031862    9.031840    9.030297    9.028746    9.027186    9.019254    9.011098    8.994003    8.975439    8.955143    8.933795    8.914042    8.895228    8.875419    8.855404    8.835182    8.814413    8.792108    8.755928    8.708692    8.647747
    8.998498    8.998296    8.997992    8.997484    8.996977    8.996468    8.995957    8.995446    8.994934    8.994442    8.994421    8.993823    8.993223    8.992623    8.992022    8.991418    8.990838    8.990814    8.989130    8.987438    8.985738    8.977099    8.968236    8.949711    8.931141    8.913946    8.897421    8.881208    8.865061    8.847537    8.829427    8.810814    8.790757    8.768378    8.732613    8.686802    8.625961
    8.954194    8.953974    8.953644    8.953093    8.952540    8.951987    8.951433    8.950878    8.950322    8.949787    8.949765    8.949116    8.948465    8.947813    8.947162    8.946514    8.945894    8.945868    8.944098    8.942352    8.940628    8.932302    8.924393    8.909433    8.895034    8.880890    8.866751    8.852488    8.837984    8.821998    8.805167    8.786890    8.766728    8.744287    8.708990    8.663758    8.602769
    8.912605    8.912434    8.912177    8.911749    8.911322    8.910895    8.910470    8.910045    8.909620    8.909214    8.909197    8.908706    8.908215    8.907725    8.907236    8.906749    8.906281    8.906261    8.904921    8.903586    8.902259    8.895722    8.889336    8.876867    8.864478    8.852018    8.839335    8.826354    8.813000    8.797798    8.780980    8.762586    8.742333    8.719844    8.685055    8.639053    8.578322
    8.879358    8.879214    8.878998    8.878636    8.878276    8.877915    8.877555    8.877195    8.876836    8.876491    8.876476    8.876060    8.875642    8.875226    8.874809    8.874393    8.873995    8.873979    8.872832    8.871691    8.870551    8.864900    8.859317    8.848267    8.837120    8.825769    8.814096    8.801861    8.788684    8.773351    8.756411    8.737912    8.717584    8.695060    8.659928    8.612593    8.552950
    8.850341    8.850212    8.850019    8.849697    8.849376    8.849054    8.848732    8.848411    8.848089    8.847781    8.847768    8.847395    8.847022    8.846649    8.846276    8.845903    8.845546    8.845531    8.844504    8.843479    8.842456    8.837358    8.832293    8.822191    8.811911    8.801155    8.789639    8.777278    8.763974    8.748520    8.731471    8.712882    8.692491    8.669536    8.633039    8.584293    8.526793
    8.823971    8.823853    8.823675    8.823380    8.823084    8.822788    8.822494    8.822198    8.821902    8.821619    8.821608    8.821264    8.820921    8.820578    8.820235    8.819892    8.819563    8.819550    8.818604    8.817660    8.816717    8.812008    8.807266    8.797545    8.787298    8.776423    8.764785    8.752304    8.738883    8.723319    8.706173    8.687501    8.666518    8.642289    8.604166    8.555109    8.499931
    8.799169    8.799053    8.798881    8.798592    8.798304    8.798015    8.797725    8.797436    8.797146    8.796867    8.796855    8.796518    8.796181    8.795842    8.795504    8.795165    8.794840    8.794827    8.793890    8.792953    8.792012    8.787274    8.782475    8.772642    8.762282    8.751293    8.739543    8.726952    8.713424    8.697760    8.680438    8.660954    8.638725    8.613039    8.573336    8.525636    8.472433
    8.774167    8.774050    8.773875    8.773582    8.773291    8.772998    8.772704    8.772411    8.772118    8.771835    8.771824    8.771482    8.771140    8.770798    8.770455    8.770112    8.769783    8.769769    8.768823    8.767874    8.766923    8.762131    8.757279    8.747340    8.736875    8.725780    8.713926    8.701233    8.687601    8.671509    8.653189    8.632482    8.608829    8.581531    8.542110    8.495899    8.444079
    8.748760    8.748642    8.748465    8.748169    8.747873    8.747577    8.747280    8.746984    8.746687    8.746401    8.746389    8.746043    8.745698    8.745352    8.745005    8.744658    8.744325    8.744310    8.743354    8.742395    8.741434    8.736592    8.731691    8.721653    8.711089    8.699898    8.687943    8.674929    8.660564    8.643431    8.623898    8.601784    8.576670    8.549237    8.510779    8.465918    8.414451
    8.722962    8.722843    8.722664    8.722364    8.722066    8.721766    8.721466    8.721166    8.720865    8.720577    8.720565    8.720216    8.719866    8.719516    8.719166    8.718815    8.718477    8.718464    8.717498    8.716529    8.715559    8.710670    8.705723    8.695593    8.684912    8.673373    8.660743    8.646853    8.631500    8.613167    8.592228    8.568989    8.543966    8.516901    8.479349    8.435076    8.383557
    8.696786    8.696665    8.696485    8.696182    8.695880    8.695577    8.695273    8.694970    8.694667    8.694375    8.694364    8.694010    8.693657    8.693303    8.692949    8.692595    8.692255    8.692241    8.691266    8.690289    8.689309    8.684345    8.679269    8.668706    8.657338    8.645000    8.631475    8.616576    8.600075    8.580431    8.558952    8.535955    8.511233    8.484525    8.447557    8.402913    8.351413
    8.669823    8.669695    8.669504    8.669186    8.668866    8.668547    8.668226    8.667906    8.667584    8.667275    8.667263    8.666888    8.666514    8.666139    8.665763    8.665386    8.665025    8.665009    8.663972    8.662930    8.661882    8.656575    8.651143    8.639825    8.627626    8.614365    8.599796    8.583747    8.566527    8.546905    8.525644    8.502899    8.478471    8.451939    8.414492    8.369397 -999.000000
    8.640862    8.640725    8.640519    8.640177    8.639834    8.639490    8.639146    8.638802    8.638456    8.638124    8.638110    8.637709    8.637306    8.636903    8.636498    8.636093    8.635704    8.635688    8.634574    8.633454    8.632329    8.626623    8.620778    8.608582    8.595411    8.581138    8.565968    8.549885    8.532805    8.513366    8.492320    8.469822    8.445346    8.418134    8.380017 -999.000000 -999.000000
    8.609511    8.609364    8.609141    8.608771    8.608400    8.608028    8.607656    8.607284    8.606910    8.606550    8.606536    8.606101    8.605665    8.605229    8.604793    8.604354    8.603933    8.603915    8.602711    8.601501    8.600285    8.594110    8.587779    8.574807    8.561263    8.547032    8.531975    8.516015    8.499074    8.479815    8.458920    8.436069    8.410857    8.382873    8.344062 -999.000000 -999.000000
    8.575563    8.575408    8.575175    8.574786    8.574398    8.574008    8.573619    8.573229    8.572839    8.572464    8.572449    8.571996    8.571543    8.571089    8.570635    8.570181    8.569744    8.569726    8.568482    8.567237    8.565989    8.559718    8.553391    8.540505    8.527053    8.512923    8.497975    8.482139    8.465326    8.445926    8.424420    8.400838    8.374852    8.346056 -999.000000 -999.000000 -999.000000
    8.541038    8.540883    8.540651    8.540264    8.539877    8.539490    8.539103    8.538714    8.538326    8.537953    8.537937    8.537487    8.537037    8.536586    8.536134    8.535683    8.535248    8.535231    8.533995    8.532757    8.531518    8.525287    8.519002    8.506202    8.492840    8.478809    8.463956    8.447983    8.430682    8.410609    8.388379    8.364027 -999.000000 -999.000000 -999.000000 -999.000000 -999.000000
    8.506510    8.506356    8.506125    8.505740    8.505355    8.504970    8.504584    8.504198    8.503812    8.503441    8.503426    8.502977    8.502529    8.502080    8.501632    8.501182    8.500751    8.500732    8.499505    8.498276    8.497044    8.490854    8.484611    8.471894    8.458556    8.444311    8.428967    8.412401    8.394466    8.373683    8.350688 -999.000000 -999.000000 -999.000000 -999.000000 -999.000000 -999.000000
    8.471980    8.471828    8.471598    8.471215    8.470832    8.470448    8.470065    8.469681    8.469296    8.468927    8.468912    8.468466    8.468019    8.467573    8.467126    8.466678    8.466247    8.466229    8.465005    8.463776    8.462543    8.456319    8.449989    8.436940    8.423092    8.408298    8.392367    8.375173    8.356565 -999.000000 -999.000000 -999.000000 -999.000000 -999.000000 -999.000000 -999.000000 -999.000000
    8.436796    8.436638    8.436399    8.436003    8.435604    8.435206    8.434808    8.434408    8.434009    8.433624    8.433608    8.433145    8.432680    8.432215    8.431749    8.431283    8.430834    8.430816    8.429543    8.428266    8.426984    8.420512    8.413932    8.400364    8.385968    8.370591    8.354038 -999.000000 -999.000000 -999.000000 -999.000000 -999.000000 -999.000000 -999.000000 -999.000000 -999.000000 -999.000000
    8.399960    8.399794    8.399546    8.399132    8.398717    8.398302    8.397886    8.397470    8.397054    8.396653    8.396637    8.396153    8.395670    8.395185    8.394700    8.394214    8.393747    8.393727    8.392403    8.391074    8.389740    8.383006    8.376159    8.362040    8.347060 -999.000000 -999.000000 -999.000000 -999.000000 -999.000000 -999.000000 -999.000000 -999.000000 -999.000000 -999.000000 -999.000000 -999.000000
    8.361338    8.361165    8.360907    8.360475    8.360042    8.359609    8.359176    8.358741    8.358307    8.357889    8.357871    8.357368    8.356863    8.356358    8.355851    8.355345    8.354857    8.354837    8.353457    8.352074    8.350685    8.343671 -999.000000 -999.000000 -999.000000 -999.000000 -999.000000 -999.000000 -999.000000 -999.000000 -999.000000 -999.000000 -999.000000 -999.000000 -999.000000 -999.000000 -999.000000
#
# dtdh (rows - delta, columns - depth)
#
 -999.000000 -999.000000 -999.000000 -999.000000 -999.000000 -999.000000 -999.000000 -999.000000 -999.000000 -999.000000 -999.000000 -999.000000 -999.000000 -999.000000 -999.000000 -999.000000 -999.000000 -999.000000 -999.000000 -999.000000 -999.000000 -999.000000 -999.000000 -999.000000 -999.000000 -999.000000 -999.000000 -999.000000   -0.031472 -999.000000 -999.000000 -999.000000 -999.000000 -999.000000 -999.000000 -999.000000 -999.000000
 -999.000000 -999.000000 -999.000000 -999.000000 -999.000000 -999.000000 -999.000000 -999.000000 -999.000000 -999.000000 -999.000000 -999.000000 -999.000000 -999.000000 -999.000000 -999.000000 -999.000000 -999.000000 -999.000000 -999.000000 -999.000000 -999.000000 -999.000000 -999.000000 -999.000000 -999.000000 -999.000000   -0.041152   -0.031708 -999.000000 -999.000000 -999.000000 -999.000000 -999.000000 -999.000000 -999.000000 -999.000000
 -999.000000 -999.000000 -999.000000 -999.000000 -999.000000 -999.000000 -999.000000 -999.000000 -999.000000 -999.000000 -999.000000 -999.000000 -999.000000 -999.000000 -999.000000 -999.000000 -999.000000 -999.000000 -999.000000 -999.000000 -999.000000 -999.000000 -999.000000 -999.000000 -999.000000 -999.000000 -999.000000   -0.041259   -0.032165 -999.000000 -999.000000 -999.000000 -999.000000 -999.000000 -999.000000 -999.000000 -999.000000
 -999.000000 -999.000000 -999.000000 -999.000000 -999.000000 -999.000000 -999.000000 -999.000000 -999.000000 -999.000000 -999.000000 -999.000000 -999.000000 -999.000000 -999.000000 -999.000000 -999.000000 -999.000000 -999.000000 -999.000000 -999.000000 -999.000000 -999.000000 -999.000000 -999.000000   -0.056520   -0.049352   -0.041545   -0.032817 -999.000000 -999.000000 -999.000000 -999.000000 -999.000000 -999.000000 -999.000000 -999.000000
 -999.000000 -999.000000 -999.000000 -999.000000 -999.000000 -999.000000 -999.000000 -999.000000 -999.000000 -999.000000 -999.000000 -999.000000 -999.000000 -999.000000 -999.000000 -999.000000 -999.000000 -999.000000 -999.000000 -999.000000 -999.000000 -999.000000 -999.000000 -999.000000   -0.062964   -0.056591   -0.049575   -0.041997   -0.033637 -999.000000 -999.000000 -999.000000 -999.000000 -999.000000 -999.000000 -999.000000 -999.000000
 -999.000000 -999.000000 -999.000000 -999.000000 -999.000000 -999.000000 -999.000000 -999.000000 -999.000000 -999.000000 -999.000000 -999.000000 -999.000000 -999.000000 -999.000000 -999.000000 -999.000000 -999.000000 -999.000000 -999.000000 -999.000000 -999.000000 -999.000000   -0.068114   -0.063050   -0.056793   -0.049940   -0.042600   -0.034574   -0.003575 -999.000000 -999.000000 -999.000000 -999.000000 -999.000000 -999.000000 -999.000000
 -999.000000 -999.000000 -999.000000 -999.000000 -999.000000 -999.000000 -999.000000 -999.000000 -999.000000 -999.000000 -999.000000 -999.000000 -999.000000 -999.000000 -999.000000 -999.000000   -0.116473   -0.073259   -0.073134   -0.073010   -0.072886   -0.072262   -0.071638   -0.068222   -0.063252   -0.057119   -0.050438   -0.043325   -0.035589   -0.007589 -999.000000 -999.000000 -999.000000 -999.000000 -999.000000 -999.000000 -999.000000
   -0.140493   -0.140482   -0.140466   -0.140438   -0.140411   -0.140384   -0.140356   -0.140329   -0.140301   -0.140275   -0.116700   -0.116667   -0.116634   -0.116601   -0.116568   -0.116535   -0.116504   -0.073308   -0.073190   -0.073072   -0.072954   -0.072363   -0.071772   -0.068434   -0.063564   -0.057563   -0.051047   -0.044131   -0.036662   -0.010966 -999.000000 -999.000000 -999.000000 -999.000000 -999.000000 -999.000000 -999.000000
   -0.140556   -0.140546   -0.140530   -0.140503   -0.140477   -0.140450   -0.140424   -0.140397   -0.140371   -0.140345   -0.116784   -0.116753   -0.116721   -0.116689   -0.116658   -0.116626   -0.116596   -0.073454   -0.073343   -0.073231   -0.073119   -0.072561   -0.072004   -0.068747   -0.063980   -0.058103   -0.051732   -0.044999   -0.037796   -0.013935   -0.001264 -999.000000 -999.000000 -999.000000 -999.000000 -999.000000 -999.000000
   -0.140669   -0.140658   -0.140643   -0.140617   -0.140592   -0.140566   -0.140541   -0.140515   -0.140489   -0.140465   -0.116928   -0.116898   -0.116867   -0.116837   -0.116806   -0.116776   -0.116747   -0.073694   -0.073589   -0.073484   -0.073378   -0.072854   -0.072330   -0.069155   -0.064479   -0.058711   -0.052476   -0.045927   -0.038984   -0.016610   -0.005613 -999.000000 -999.000000 -999.000000 -999.000000 -999.000000 -999.000000
   -0.140829   -0.140819   -0.140804   -0.140780   -0.140755   -0.140730   -0.140705   -0.140681   -0.140656   -0.140632   -0.117129   -0.117100   -0.117071   -0.117042   -0.117013   -0.116984   -0.116956   -0.074025   -0.073926   -0.073827   -0.073728   -0.073234   -0.072740   -0.069631   -0.065037   -0.059374   -0.053278   -0.046915   -0.040216   -0.019063   -0.009040 -999.000000 -999.000000 -999.000000 -999.000000 -999.000000 -999.000000
   -0.141033   -0.141023   -0.141009   -0.140985   -0.140961   -0.140937   -0.140913   -0.140889   -0.140865   -0.140842   -0.117381   -0.117353   -0.117325   -0.117297   -0.117269   -0.117241   -0.117214   -0.074432   -0.074338   -0.074244   -0.074150   -0.073679   -0.073208   -0.070160   -0.065646   -0.060093   -0.054138   -0.047953   -0.041464   -0.021338   -0.012138 -999.000000 -999.000000 -999.000000 -999.000000 -999.000000 -999.000000
   -0.141268   -0.141259   -0.141245   -0.141222   -0.141199   -0.141175   -0.141152   -0.141129   -0.141105   -0.141083   -0.117670   -0.117643   -0.117616   -0.117589   -0.117562   -0.117534   -0.117508   -0.074895   -0.074805   -0.074715   -0.074625   -0.074175   -0.073725   -0.070737   -0.066308   -0.060866   -0.055049   -0.049020   -0.042697   -0.023468   -0.014984   -0.004593 -999.000000 -999.000000 -999.000000 -999.000000 -999.000000
   -0.141530   -0.141521   -0.141507   -0.141485   -0.141462   -0.141439   -0.141417   -0.141394   -0.141371   -0.141349   -0.117990   -0.117963   -0.117937   -0.117911   -0.117885   -0.117858   -0.117833   -0.075403   -0.075318   -0.075232   -0.075146   -0.074717   -0.074289   -0.071365   -0.067020   -0.061686   -0.055988   -0.050083   -0.043913   -0.025481   -0.017628   -0.008433 -999.000000 -999.000000 -999.000000 -999.000000 -999.000000
   -0.141818   -0.141809   -0.141796   -0.141774   -0.141752   -0.141730   -0.141708   -0.141686   -0.141664   -0.141643   -0.118341   -0.118316   -0.118291   -0.118265   -0.118240   -0.118215   -0.118191   -0.075961   -0.075879   -0.075798   -0.075716   -0.075309   -0.074902   -0.072040   -0.067776   -0.062529   -0.056927   -0.051137   -0.045108   -0.027426   -0.020105   -0.011714   -0.000914 -999.000000 -999.000000 -999.000000 -999.000000
   -0.142133   -0.142125   -0.142112   -0.142091   -0.142070   -0.142048   -0.142027   -0.142006   -0.141984   -0.141964   -0.118725   -0.118701   -0.118676   -0.118652   -0.118628   -0.118603   -0.118580   -0.076565   -0.076488   -0.076410   -0.076333   -0.075945   -0.075559   -0.072750   -0.068544   -0.063373   -0.057861   -0.052179   -0.046297   -0.029312   -0.022442   -0.014623   -0.004991 -999.000000 -999.000000 -999.000000 -999.000000
   -0.142474   -0.142466   -0.142453   -0.142433   -0.142412   -0.142391   -0.142371   -0.142350   -0.142329   -0.142309   -0.119138   -0.119115   -0.119091   -0.119067   -0.119044   -0.119020   -0.118998   -0.077211   -0.077136   -0.077062   -0.076987   -0.076614   -0.076237   -0.073466   -0.069315   -0.064215   -0.058790   -0.053222   -0.047493   -0.031143   -0.024640   -0.017260   -0.008383 -999.000000 -999.000000 -999.000000 -999.000000
   -0.142828   -0.142820   -0.142808   -0.142788   -0.142768   -0.142747   -0.142727   -0.142707   -0.142686   -0.142667   -0.119565   -0.119542   -0.119519   -0.119496   -0.119472   -0.119449   -0.119427   -0.077871   -0.077798   -0.077726   -0.077653   -0.077287   -0.076920   -0.074183   -0.070084   -0.065054   -0.059725   -0.054278   -0.048694   -0.032922   -0.026690   -0.019686   -0.011495   -0.033454 -999.000000 -999.000000 -999.000000
   -0.143187   -0.143179   -0.143167   -0.143147   -0.143127   -0.143107   -0.143087   -0.143067   -0.143047   -0.143028   -0.119996   -0.119973   -0.119950   -0.119928   -0.119905   -0.119882   -0.119861   -0.078534   -0.078463   -0.078392   -0.078321   -0.077963   -0.077603   -0.074901   -0.070856   -0.065906   -0.060675   -0.055344   -0.049898   -0.034628   -0.028615   -0.021943   -0.014385   -0.033578 -999.000000 -999.000000 -999.000000
   -0.143548   -0.143540   -0.143529   -0.143509   -0.143490   -0.143470   -0.143450   -0.143431   -0.143411   -0.143392   -0.120429   -0.120407   -0.120385   -0.120363   -0.120341   -0.120318   -0.120297   -0.079199   -0.079129   -0.079059   -0.078990   -0.078639   -0.078288   -0.075627   -0.071644   -0.066774   -0.061637   -0.056417   -0.051090   -0.036251   -0.030434   -0.024068   -0.039985   -0.033807 -999.000000 -999.000000 -999.000000
   -0.143913   -0.143905   -0.143894   -0.143875   -0.143856   -0.143837   -0.143817   -0.143798   -0.143779   -0.143761   -0.120868   -0.120846   -0.120824   -0.120803   -0.120781   -0.120759   -0.120739   -0.079868   -0.079800   -0.079733   -0.079665   -0.079327   -0.078989   -0.076371   -0.072448   -0.067655   -0.062610   -0.057481   -0.052245   -0.037799   -0.032162   -0.045682   -0.040154   -0.034137 -999.000000 -999.000000 -999.000000
   -0.144289   -0.144281   -0.144270   -0.144252   -0.144233   -0.144214   -0.144196   -0.144177   -0.144158   -0.144140   -0.121319   -0.121298   -0.121277   -0.121256   -0.121235   -0.121214   -0.121194   -0.080554   -0.080489   -0.080424   -0.080359   -0.080032   -0.079705   -0.077129   -0.073264   -0.068544   -0.063569   -0.058514   -0.053365   -0.039282   -0.033828   -0.045825   -0.040410   -0.034558 -999.000000 -999.000000 -999.000000
   -0.144676   -0.144668   -0.144658   -0.144639   -0.144621   -0.144603   -0.144585   -0.144567   -0.144548   -0.144531   -0.121783   -0.121763   -0.121742   -0.121722   -0.121701   -0.121681   -0.121661   -0.081256   -0.081193   -0.081130   -0.081067   -0.080752   -0.080436   -0.077900   -0.074083   -0.069416   -0.064503   -0.059519   -0.054453   -0.040711   -0.051032   -0.046043   -0.040749   -0.035056   -0.003057 -999.000000 -999.000000
   -0.145073   -0.145066   -0.145055   -0.145038   -0.145020   -0.145002   -0.144984   -0.144967   -0.144949   -0.144932   -0.122259   -0.122239   -0.122219   -0.122199   -0.122179   -0.122159   -0.122140   -0.081972   -0.081911   -0.081850   -0.081789   -0.081482   -0.081172   -0.078661   -0.074882   -0.070266   -0.065413   -0.060498   -0.067224   -0.055916   -0.051233   -0.046336   -0.041157   -0.035621   -0.005859 -999.000000 -999.000000
   -0.145475   -0.145468   -0.145458   -0.145440   -0.145423   -0.145405   -0.145388   -0.145370   -0.145353   -0.145336   -0.122737   -0.122718   -0.122698   -0.122679   -0.122659   -0.122639   -0.122621   -0.082686   -0.082625   -0.082565   -0.082504   -0.082200   -0.081893   -0.079406   -0.075663   -0.071097   -0.066301   -0.071909   -0.067345   -0.056108   -0.051499   -0.046692   -0.041629   -0.036244   -0.008426 -999.000000 -999.000000
   -0.145870   -0.145863   -0.145853   -0.145836   -0.145819   -0.145801   -0.145784   -0.145767   -0.145750   -0.145733   -0.123207   -0.123188   -0.123169   -0.123149   -0.123130   -0.123111   -0.123092   -0.083383   -0.083323   -0.083264   -0.083204   -0.082902   -0.082599   -0.080133   -0.076427   -0.080982   -0.076526   -0.072039   -0.067517   -0.056359   -0.051822   -0.047105   -0.042155   -0.036919   -0.010805   -0.003225 -999.000000
   -0.146259   -0.146252   -0.146242   -0.146225   -0.146208   -0.146191   -0.146174   -0.146157   -0.146140   -0.146123   -0.123669   -0.123650   -0.123631   -0.123612   -0.123593   -0.123574   -0.123555   -0.084065   -0.084006   -0.083947   -0.083888   -0.083589   -0.083289   -0.088854   -0.085333   -0.081091   -0.076666   -0.072216   -0.067736   -0.056662   -0.052197   -0.047569   -0.042731   -0.037651   -0.013032   -0.005740 -999.000000
   -0.146641   -0.146635   -0.146625   -0.146608   -0.146591   -0.146574   -0.146558   -0.146541   -0.146524   -0.146508   -0.124123   -0.124104   -0.129334   -0.129313   -0.129293   -0.129272   -0.129253   -0.092235   -0.092166   -0.092098   -0.092029   -0.091682   -0.091332   -0.088952   -0.085455   -0.081241   -0.076847   -0.072434   -0.067997   -0.057012   -0.052619   -0.048080   -0.043361   -0.038437   -0.015130   -0.007770 -999.000000
   -0.151174   -0.151167   -0.151157   -0.151140   -0.151123   -0.151106   -0.151088   -0.151071   -0.151054   -0.151038   -0.129438   -0.129418   -0.129398   -0.129378   -0.129358   -0.129338   -0.129319   -0.092328   -0.092261   -0.092194   -0.092126   -0.091788   -0.091447   -0.089087   -0.085613   -0.081427   -0.077066   -0.072690   -0.068297   -0.057404   -0.053085   -0.048641   -0.044043   -0.039272   -0.017008   -0.009519   -0.001391
   -0.151247   -0.151240   -0.151230   -0.151213   -0.151197   -0.151180   -0.151163   -0.151146   -0.151129   -0.151113   -0.129526   -0.129507   -0.129487   -0.129468   -0.129448   -0.129429   -0.129410   -0.092455   -0.092390   -0.092324   -0.092258   -0.091928   -0.091595   -0.089255   -0.085804   -0.081647   -0.077319   -0.072981   -0.068632   -0.057838   -0.053599   -0.049253   -0.044774   -0.040153   -0.018479   -0.011077   -0.003379
   -0.151339   -0.151332   -0.151322   -0.151306   -0.151289   -0.151273   -0.151256   -0.151240   -0.151223   -0.151207   -0.129636   -0.129617   -0.129598   -0.129579   -0.129560   -0.129540   -0.129522   -0.092612   -0.092548   -0.092484   -0.092420   -0.092097   -0.091772   -0.089452   -0.086026   -0.081898   -0.077604   -0.073305   -0.069004   -0.058318   -0.054160   -0.049911   -0.045552   -0.041032   -0.019717   -0.012495   -0.005245
   -0.151448   -0.151442   -0.151432   -0.151416   -0.151399   -0.151383   -0.151367   -0.151351   -0.151334   -0.151319   -0.129766   -0.129748   -0.129729   -0.129710   -0.129691   -0.129673   -0.129655   -0.092798   -0.092735   -0.092672   -0.092610   -0.092295   -0.091977   -0.089677   -0.086276   -0.082178   -0.077921   -0.073666   -0.069416   -0.058842   -0.054766   -0.050615   -0.046335   -0.041743   -0.020806   -0.013816   -0.007011
   -0.151573   -0.151567   -0.151558   -0.151542   -0.151526   -0.151510   -0.151494   -0.151478   -0.151462   -0.151447   -0.129915   -0.129897   -0.129879   -0.129860   -0.129842   -0.129824   -0.129806   -0.093009   -0.092948   -0.092887   -0.092826   -0.092518   -0.092208   -0.089929   -0.086555   -0.082491   -0.078273   -0.074064   -0.069866   -0.059408   -0.055415   -0.051313   -0.046968   -0.042350   -0.021788   -0.015065   -0.008688
   -0.151714   -0.151708   -0.151699   -0.151683   -0.151668   -0.151652   -0.151636   -0.151621   -0.151605   -0.151590   -0.130083   -0.130065   -0.130047   -0.130029   -0.130011   -0.129993   -0.129976   -0.093246   -0.093186   -0.093127   -0.093067   -0.092768   -0.092467   -0.090210   -0.086866   -0.082837   -0.078660   -0.074497   -0.070353   -0.060015   -0.056030   -0.051871   -0.047507   -0.042891   -0.022695   -0.016251   -0.010290
   -0.151873   -0.151866   -0.151857   -0.151842   -0.151827   -0.151812   -0.151796   -0.151781   -0.151766   -0.151751   -0.130270   -0.130253   -0.130235   -0.130218   -0.130200   -0.130183   -0.130166   -0.093511   -0.093453   -0.093395   -0.093337   -0.093047   -0.092754   -0.090522   -0.087207   -0.083215   -0.079080   -0.074966   -0.070859   -0.060544   -0.056521   -0.052350   -0.047987   -0.043386   -0.023573   -0.017383   -0.011824
   -0.152048   -0.152042   -0.152034   -0.152019   -0.152004   -0.151989   -0.151974   -0.151959   -0.151944   -0.151930   -0.130478   -0.130461   -0.130444   -0.130427   -0.130410   -0.130393   -0.130377   -0.093804   -0.093748   -0.093692   -0.093636   -0.093354   -0.093071   -0.090863   -0.087579   -0.083625   -0.079524   -0.075405   -0.071268   -0.060975   -0.056946   -0.052778   -0.048427   -0.043859   -0.024430   -0.018467   -0.013299
   -0.152242   -0.152236   -0.152227   -0.152213   -0.152198   -0.152184   -0.152169   -0.152155   -0.152140   -0.152126   -0.130707   -0.130691   -0.130674   -0.130658   -0.130641   -0.130625   -0.130609   -0.094126   -0.094072   -0.094017   -0.093963   -0.093690   -0.093416   -0.091233   -0.087969   -0.084010   -0.079886   -0.075755   -0.071614   -0.061353   -0.057329   -0.053171   -0.048849   -0.044333   -0.025268   -0.019509   -0.014719
   -0.152453   -0.152447   -0.152439   -0.152425   -0.152411   -0.152397   -0.152382   -0.152368   -0.152354   -0.152341   -0.130956   -0.130940   -0.130924   -0.130908   -0.130892   -0.130876   -0.130861   -0.094476   -0.094423   -0.094369   -0.094316   -0.094044   -0.093765   -0.091567   -0.088284   -0.084316   -0.080189   -0.076059   -0.071921   -0.061697   -0.057683   -0.053553   -0.049273   -0.044808   -0.026087   -0.020546   -0.016091
   -0.152650   -0.152644   -0.152635   -0.152621   -0.152606   -0.152592   -0.152577   -0.152563   -0.152548   -0.152534   -0.131181   -0.131165   -0.131148   -0.131131   -0.131115   -0.131098   -0.131082   -0.094781   -0.094726   -0.094670   -0.094614   -0.094331   -0.094043   -0.091835   -0.088548   -0.084582   -0.080458   -0.076333   -0.072203   -0.062019   -0.058033   -0.053938   -0.049698   -0.045283   -0.026889   -0.021600   -0.017417
   -0.152807   -0.152801   -0.152792   -0.152777   -0.152762   -0.152748   -0.152733   -0.152718   -0.152703   -0.152689   -0.131362   -0.131345   -0.131328   -0.131311   -0.131294   -0.131277   -0.131261   -0.095029   -0.094972   -0.094915   -0.094858   -0.094571   -0.094279   -0.092069   -0.088784   -0.084822   -0.080705   -0.076589   -0.072475   -0.062343   -0.058385   -0.054324   -0.050125   -0.045759   -0.027704   -0.022671   -0.018690
   -0.152943   -0.152937   -0.152928   -0.152913   -0.152898   -0.152884   -0.152869   -0.152854   -0.152839   -0.152825   -0.131519   -0.131502   -0.131485   -0.131468   -0.131451   -0.131434   -0.131417   -0.095245   -0.095188   -0.095131   -0.095073   -0.094784   -0.094491   -0.092281   -0.089000   -0.085045   -0.080942   -0.076844   -0.072750   -0.062669   -0.058740   -0.054712   -0.050553   -0.046242   -0.028548   -0.023760   -0.019914
   -0.153066   -0.153060   -0.153051   -0.153036   -0.153021   -0.153007   -0.152992   -0.152977   -0.152962   -0.152948   -0.131662   -0.131645   -0.131628   -0.131611   -0.131594   -0.131577   -0.131560   -0.095442   -0.095385   -0.095327   -0.095269   -0.094979   -0.094685   -0.092480   -0.089209   -0.085269   -0.081182   -0.077101   -0.073028   -0.062997   -0.059097   -0.055102   -0.050990   -0.046751   -0.029424   -0.024830   -0.021094
   -0.153181   -0.153175   -0.153167   -0.153152   -0.153137   -0.153122   -0.153108   -0.153093   -0.153078   -0.153064   -0.131797   -0.131780   -0.131763   -0.131746   -0.131729   -0.131712   -0.131695   -0.095628   -0.095571   -0.095514   -0.095457   -0.095169   -0.094877   -0.092680   -0.089421   -0.085495   -0.081424   -0.077361   -0.073307   -0.063327   -0.059456   -0.055505   -0.051453   -0.047289   -0.030329   -0.025861   -0.022233
   -0.153297   -0.153291   -0.153283   -0.153268   -0.153253   -0.153239   -0.153224   -0.153209   -0.153195   -0.153181   -0.131933   -0.131916   -0.131899   -0.131882   -0.131865   -0.131848   -0.131832   -0.095816   -0.095760   -0.095703   -0.095646   -0.095360   -0.095072   -0.092883   -0.089635   -0.085723   -0.081668   -0.077623   -0.073589   -0.063663   -0.059833   -0.055933   -0.051945   -0.047860   -0.031215   -0.026859   -0.023346
   -0.153415   -0.153409   -0.153400   -0.153386   -0.153371   -0.153357   -0.153342   -0.153327   -0.153313   -0.153299   -0.132070   -0.132053   -0.132037   -0.132020   -0.132003   -0.131986   -0.131970   -0.096006   -0.095950   -0.095894   -0.095838   -0.095554   -0.095268   -0.093088   -0.089851   -0.085953   -0.081914   -0.077889   -0.073882   -0.064020   -0.060235   -0.056390   -0.052467   -0.048436   -0.032077   -0.027825   -0.024452
   -0.153533   -0.153528   -0.153519   -0.153505   -0.153490   -0.153476   -0.153461   -0.153447   -0.153432   -0.153419   -0.132209   -0.132192   -0.132176   -0.132159   -0.132143   -0.132126   -0.132110   -0.096198   -0.096143   -0.096087   -0.096031   -0.095750   -0.095466   -0.093294   -0.090069   -0.086188   -0.082170   -0.078171   -0.074194   -0.064400   -0.060664   -0.056871   -0.052990   -0.049004   -0.032915   -0.028782   -0.025550
   -0.153653   -0.153648   -0.153639   -0.153625   -0.153611   -0.153596   -0.153582   -0.153568   -0.153553   -0.153540   -0.132349   -0.132333   -0.132317   -0.132300   -0.132284   -0.132267   -0.132251   -0.096392   -0.096337   -0.096282   -0.096226   -0.095948   -0.095667   -0.093506   -0.090298   -0.086437   -0.082444   -0.078474   -0.074530   -0.064808   -0.061111   -0.057351   -0.053507   -0.049564   -0.033739   -0.029743   -0.026640
   -0.153777   -0.153771   -0.153763   -0.153748   -0.153734   -0.153720   -0.153706   -0.153692   -0.153678   -0.153664   -0.132494   -0.132478   -0.132462   -0.132445   -0.132429   -0.132413   -0.132397   -0.096593   -0.096538   -0.096484   -0.096429   -0.096155   -0.095879   -0.093733   -0.090543   -0.086705   -0.082738   -0.078799   -0.074884   -0.065222   -0.061552   -0.057824   -0.054017   -0.050120   -0.034573   -0.030710 -999.000000
   -0.153908   -0.153903   -0.153895   -0.153881   -0.153867   -0.153853   -0.153839   -0.153825   -0.153811   -0.153798   -0.132649   -0.132633   -0.132617   -0.132601   -0.132585   -0.132569   -0.132554   -0.096807   -0.096754   -0.096700   -0.096647   -0.096378   -0.096107   -0.093976   -0.090806   -0.086993   -0.083050   -0.079131   -0.075238   -0.065631   -0.061990   -0.058293   -0.054526   -0.050687   -0.035417 -999.000000 -999.000000
   -0.154050   -0.154045   -0.154037   -0.154023   -0.154010   -0.153996   -0.153982   -0.153969   -0.153955   -0.153942   -0.132816   -0.132800   -0.132785   -0.132769   -0.132753   -0.132738   -0.132723   -0.097038   -0.096986   -0.096934   -0.096881   -0.096618   -0.096354   -0.094238   -0.091084   -0.087287   -0.083361   -0.079461   -0.075589   -0.066037   -0.062423   -0.058765   -0.055049   -0.051270   -0.036273 -999.000000 -999.000000
   -0.154204   -0.154198   -0.154190   -0.154177   -0.154163   -0.154150   -0.154136   -0.154123   -0.154109   -0.154096   -0.132995   -0.132980   -0.132964   -0.132949   -0.132934   -0.132918   -0.132903   -0.097285   -0.097234   -0.097182   -0.097131   -0.096871   -0.096609   -0.094502   -0.091360   -0.087578   -0.083670   -0.079789   -0.075937   -0.066442   -0.062866   -0.059252   -0.055587   -0.051869 -999.000000 -999.000000 -999.000000
   -0.154358   -0.154353   -0.154345   -0.154332   -0.154319   -0.154305   -0.154292   -0.154279   -0.154265   -0.154252   -0.133176   -0.133160   -0.133145   -0.133130   -0.133115   -0.133099   -0.133085   -0.097533   -0.097482   -0.097431   -0.097380   -0.097122   -0.096862   -0.094764   -0.091635   -0.087868   -0.083977   -0.080116   -0.076291   -0.066860   -0.063323   -0.059755 -999.000000 -999.000000 -999.000000 -999.000000 -999.000000
   -0.154513   -0.154507   -0.154499   -0.154486   -0.154473   -0.154460   -0.154447   -0.154433   -0.154420   -0.154407   -0.133355   -0.133340   -0.133325   -0.133310   -0.133295   -0.133280   -0.133265   -0.097779   -0.097728   -0.097678   -0.097627   -0.097372   -0.097114   -0.095024   -0.091907   -0.088159   -0.084289   -0.080455   -0.076658   -0.067293   -0.063796 -999.000000 -999.000000 -999.000000 -999.000000 -999.000000 -999.000000
   -0.154666   -0.154661   -0.154653   -0.154640   -0.154627   -0.154614   -0.154601   -0.154587   -0.154574   -0.154562   -0.133534   -0.133519   -0.133504   -0.133489   -0.133474   -0.133459   -0.133445   -0.098023   -0.097973   -0.097923   -0.097873   -0.097620   -0.097365   -0.095288   -0.092188   -0.088460   -0.084614   -0.080806   -0.077038 -999.000000 -999.000000 -999.000000 -999.000000 -999.000000 -999.000000 -999.000000 -999.000000
   -0.154821   -0.154816   -0.154809   -0.154796   -0.154783   -0.154770   -0.154757   -0.154744   -0.154731   -0.154719   -0.133716   -0.133701   -0.133686   -0.133672   -0.133657   -0.133642   -0.133628   -0.098273   -0.098223   -0.098174   -0.098125   -0.097876   -0.097626   -0.095561   -0.092479   -0.088772   -0.084951 -999.000000 -999.000000 -999.000000 -999.000000 -999.000000 -999.000000 -999.000000 -999.000000 -999.000000 -999.000000
   -0.154983   -0.154978   -0.154971   -0.154958   -0.154945   -0.154933   -0.154920   -0.154907   -0.154895   -0.154882   -0.133905   -0.133890   -0.133876   -0.133862   -0.133847   -0.133833   -0.133819   -0.098532   -0.098484   -0.098435   -0.098386   -0.098142   -0.097896   -0.095846   -0.092782 -999.000000 -999.000000 -999.000000 -999.000000 -999.000000 -999.000000 -999.000000 -999.000000 -999.000000 -999.000000 -999.000000 -999.000000
   -0.155152   -0.155147   -0.155140   -0.155127   -0.155115   -0.155102   -0.155090   -0.155077   -0.155065   -0.155053   -0.134102   -0.134088   -0.134074   -0.134060   -0.134045   -0.134031   -0.134018   -0.098802   -0.098754   -0.098707   -0.098659   -0.098420 -999.000000 -999.000000 -999.000000 -999.000000 -999.000000 -999.000000 -999.000000 -999.000000 -999.000000 -999.000000 -999.000000 -999.000000 -999.000000 -999.000000 -999.000000
#
# ak135 travel-time table for PS
#
