#
# ak135 travel-time table for PKKPbc
#
# number of distance and depth samples
56 37
# delta samples
72.000 73.000 74.000 75.000 76.000 77.000 78.000 79.000 80.000 81.000 82.000 83.000 84.000 85.000 86.000 87.000 88.000 89.000 90.000 91.000 92.000 93.000 94.000 95.000 96.000 
97.000 98.000 99.000 100.000 101.000 102.000 103.000 104.000 105.000 106.000 107.000 108.000 109.000 110.000 111.000 112.000 113.000 114.000 115.000 116.000 117.000 118.000 119.000 120.000 121.000 
122.000 123.000 124.000 125.000 126.000 127.000 
# depth samples
    0.000000    1.000000    2.500000    5.000000    7.500000   10.000000   12.500000   15.000000   17.500000   19.900000   20.000000   22.500000   25.000000   27.500000   30.000000   32.500000   34.900000   35.000000   40.000000   45.000000   50.000000   75.000000  100.000000  150.000000  200.000000  250.000000  300.000000  350.000000  400.000000  450.000000  500.000000  550.000000  600.000000  650.000000  700.000000  750.000000  800.000000
#
# travel times (rows - delta, columns - depth)
#
 1873.057007 1872.885620 1872.628540 1872.199951 1871.771484 1871.342896 1870.914429 1870.485840 1870.057373 1869.645996 1869.628906 1869.247070 1868.865356 1868.483521 1868.101807 1867.719971 1867.353516 1867.338257 1866.723389 1866.108643 -999.000000 -999.000000 -999.000000 -999.000000 -999.000000 -999.000000 -999.000000 -999.000000 -999.000000 -999.000000 -999.000000 -999.000000 -999.000000 -999.000000 -999.000000 -999.000000 -999.000000
 1870.979492 1870.808105 1870.551025 1870.122559 1869.694092 1869.265625 1868.837158 1868.408691 1867.980225 1867.568970 1867.551880 1867.170044 1866.788330 1866.406616 1866.024902 1865.643188 1865.276733 1865.261597 1864.646851 1864.032227 1863.417725 1860.345825 1857.275391 1851.157715 1845.138428 1839.233276 1833.458374 1827.808960 1822.280273 1817.021606 1811.899292 1806.870117 1801.931030 -999.000000 -999.000000 -999.000000 -999.000000
 1868.880493 1868.709106 1868.452026 1868.023682 1867.595215 1867.166870 1866.738403 1866.310059 1865.881592 1865.470337 1865.453247 1865.071533 1864.689941 1864.308228 1863.926636 1863.544922 1863.178589 1863.163330 1862.548828 1861.934326 1861.319946 1858.248779 1855.179077 1849.062988 1843.045288 1837.141724 1831.368408 1825.720947 1820.194092 1814.937378 1809.817017 1804.790039 1799.853149 1795.003906 1790.452148 1786.015259 1781.629517
 1866.760864 1866.589600 1866.332520 1865.904175 1865.475830 1865.047485 1864.619141 1864.190796 1863.762451 1863.351196 1863.334106 1862.952393 1862.570801 1862.189209 1861.807617 1861.426025 1861.059692 1861.044556 1860.430054 1859.815796 1859.201538 1856.131104 1853.062134 1846.947510 1840.931274 1835.029297 1829.257690 1823.611938 1818.086792 1812.832031 1807.713745 1802.688721 1797.754150 1792.906982 1788.357788 1783.923340 1779.540283
 1864.621582 1864.450317 1864.193359 1863.765015 1863.336670 1862.908325 1862.480103 1862.051758 1861.623413 1861.212280 1861.195190 1860.813599 1860.432007 1860.050537 1859.668945 1859.287476 1858.921143 1858.906006 1858.291626 1857.677490 1857.063354 1853.993652 1850.925415 1844.812134 1838.797485 1832.896973 1827.127075 1821.482788 1815.959473 1810.706543 1805.590210 1800.567261 1795.634644 1790.789795 1786.242798 1781.810913 1777.430420
 1862.463257 1862.291870 1862.034912 1861.606689 1861.178467 1860.750122 1860.321899 1859.893677 1859.465454 1859.054321 1859.037231 1858.655640 1858.274170 1857.892700 1857.511230 1857.129639 1856.763428 1856.748291 1856.134155 1855.520142 1854.906128 1851.837036 1848.769531 1842.657715 1836.644409 1830.745483 1824.977051 1819.334473 1813.812866 1808.561768 1803.447266 1798.426270 1793.495728 1788.652954 1784.108276 1779.678833 1775.300659
 1860.285278 1860.114014 1859.857056 1859.428833 1859.000610 1858.572388 1858.144287 1857.716064 1857.287842 1856.876709 1856.859619 1856.478149 1856.096802 1855.715332 1855.333862 1854.952515 1854.586304 1854.571045 1853.957153 1853.343262 1852.729370 1849.661133 1846.594238 1840.483887 1834.472168 1828.574829 1822.807983 1817.167114 1811.647217 1806.397949 1801.285400 1796.266357 1791.337769 1786.497070 1781.954712 1777.527588 1773.151978
 1858.087036 1857.915771 1857.658813 1857.230713 1856.802490 1856.374390 1855.946167 1855.518066 1855.089844 1854.678833 1854.661743 1854.280396 1853.899048 1853.517578 1853.136230 1852.754883 1852.388794 1852.373657 1851.759766 1851.145996 1850.532349 1847.464844 1844.398682 1838.289917 1832.279785 1826.384155 1820.619019 1814.979858 1809.461792 1804.214478 1799.103882 1794.086914 1789.160522 1784.322021 1779.781982 1775.357422 1770.984253
 1855.867432 1855.696167 1855.439331 1855.011230 1854.583130 1854.155029 1853.726929 1853.298828 1852.870728 1852.459717 1852.442627 1852.061279 1851.679932 1851.298706 1850.917358 1850.536011 1850.170044 1850.154785 1849.541138 1848.927612 1848.314087 1845.247314 1842.182007 1836.074951 1830.066528 1824.172485 1818.409180 1812.771973 1807.255859 1802.010498 1796.902100 1791.887329 1786.963257 1782.126953 1777.589478 1773.167358 1768.796875
 1853.625366 1853.454102 1853.197266 1852.769287 1852.341187 1851.913208 1851.485107 1851.057129 1850.629028 1850.218140 1850.201050 1849.819824 1849.438599 1849.057373 1848.676025 1848.294800 1847.928833 1847.913696 1847.300171 1846.686768 1846.073364 1843.007568 1839.943115 1833.837769 1827.831177 1821.939087 1816.177612 1810.542358 1805.028320 1799.785156 1794.678955 1789.666504 1784.744751 1779.911011 1775.376099 1770.956787 1766.589111
 1851.359863 1851.188599 1850.931885 1850.503906 1850.075928 1849.647949 1849.219971 1848.791992 1848.364014 1847.953125 1847.936035 1847.554810 1847.173706 1846.792480 1846.411377 1846.030151 1845.664307 1845.649048 1845.035767 1844.422485 1843.809326 1840.744385 1837.680908 1831.577393 1825.572632 1819.682495 1813.923218 1808.290039 1802.778076 1797.537231 1792.433472 1787.423462 1782.504272 1777.673096 1773.140991 1768.724609 1764.359863
 1849.070312 1848.899170 1848.642456 1848.214478 1847.786621 1847.358765 1846.930786 1846.502930 1846.074951 1845.664185 1845.647095 1845.265991 1844.884888 1844.503784 1844.122681 1843.741699 1843.375854 1843.360596 1842.747437 1842.134399 1841.521484 1838.457397 1835.394897 1829.293213 1823.290405 1817.402344 1811.645020 1806.014038 1800.504395 1795.265869 1790.164551 1785.157104 1780.240601 1775.412109 1770.883057 1766.469604 1762.108032
 1846.756592 1846.585449 1846.328735 1845.900879 1845.473022 1845.045166 1844.617310 1844.189453 1843.761719 1843.350952 1843.333862 1842.952881 1842.571777 1842.190796 1841.809814 1841.428711 1841.062988 1841.047852 1840.434814 1839.822021 1839.209229 1836.146118 1833.084473 1826.984863 1820.984131 1815.098022 1809.342896 1803.714111 1798.206665 1792.970703 1787.871948 1782.867188 1777.953369 1773.127686 1768.601562 1764.191284 1759.832886
 1844.417969 1844.246826 1843.990234 1843.562378 1843.134644 1842.706909 1842.279053 1841.851318 1841.423584 1841.012939 1840.995850 1840.614868 1840.233887 1839.853027 1839.472046 1839.091064 1838.725464 1838.710205 1838.097534 1837.484863 1836.872192 1833.810181 1830.749512 1824.651855 1818.653076 1812.769165 1807.016235 1801.389771 1795.884766 1790.651245 1785.555176 1780.553101 1775.641968 1770.819214 1766.296265 1761.889160 1757.534058
 1842.054077 1841.883057 1841.626343 1841.198608 1840.770996 1840.343262 1839.915527 1839.487915 1839.060181 1838.649536 1838.632568 1838.251587 1837.870728 1837.489868 1837.109009 1836.728149 1836.362549 1836.347412 1835.734863 1835.122437 1834.510010 1831.448975 1828.389282 1822.293701 1816.297119 1810.415405 1804.664795 1799.040649 1793.537964 1788.307129 1783.213745 1778.214478 1773.306274 1768.486450 1763.966675 1759.562988 1755.211182
 1839.664307 1839.493286 1839.236694 1838.808960 1838.381348 1837.953735 1837.526123 1837.098511 1836.670898 1836.260376 1836.243286 1835.862549 1835.481689 1835.100952 1834.720215 1834.339478 1833.973877 1833.958740 1833.346313 1832.734131 1832.121948 1829.061890 1826.003418 1819.909912 1813.915527 1808.036011 1802.287842 1796.666138 1791.166016 1785.937866 1780.847168 1775.850830 1770.945557 1766.128784 1761.612305 1757.212036 1752.863892
 1837.247559 1837.076538 1836.819946 1836.392456 1835.964844 1835.537354 1835.109741 1834.682251 1834.254639 1833.844238 1833.827148 1833.446411 1833.065796 1832.685059 1832.304443 1831.923706 1831.558350 1831.543091 1830.931030 1830.318970 1829.707031 1826.648071 1823.590698 1817.499512 1811.507446 1805.630371 1799.884644 1794.265503 1788.768066 1783.542725 1778.454956 1773.461548 1768.559448 1763.745850 1759.232788 1754.836060 1750.491455
 1834.802490 1834.631470 1834.375000 1833.947510 1833.520142 1833.092651 1832.665161 1832.237671 1831.810303 1831.399902 1831.382812 1831.002197 1830.621582 1830.241089 1829.860474 1829.479858 1829.114502 1829.099365 1828.487427 1827.875610 1827.263916 1824.206177 1821.150024 1815.061157 1809.071655 1803.197144 1797.453979 1791.837524 1786.342896 1781.120605 1776.035889 1771.045654 1766.146851 1761.336548 1756.827148 1752.434204 1748.093384
 1832.327637 1832.156738 1831.900269 1831.472900 1831.045532 1830.618164 1830.190796 1829.763428 1829.336060 1828.925781 1828.908691 1828.528198 1828.147705 1827.767212 1827.386719 1827.006226 1826.640991 1826.625854 1826.014160 1825.402710 1824.791260 1821.734741 1818.679810 1812.593628 1806.606689 1800.734863 1794.994507 1789.380981 1783.889404 1778.670166 1773.588867 1768.601929 1763.706543 1758.899902 1754.394287 1750.005249 1745.668579
 1829.821655 1829.650757 1829.394409 1828.967163 1828.539795 1828.112549 1827.685303 1827.258057 1826.830688 1826.420532 1826.403442 1826.023071 1825.642700 1825.262329 1824.881958 1824.501587 1824.136353 1824.121216 1823.509888 1822.898560 1822.287354 1819.232300 1816.178711 1810.095215 1804.111084 1798.242188 1792.504761 1786.894287 1781.405884 1776.190063 1771.112183 1766.128906 1761.237183 1756.434326 1751.932861 1747.547974 1743.215576
 1827.283691 1827.112793 1826.856445 1826.429321 1826.002075 1825.574951 1825.147705 1824.720581 1824.293457 1823.883301 1823.866211 1823.485962 1823.105713 1822.725464 1822.345093 1821.964844 1821.599854 1821.584717 1820.973633 1820.362549 1819.751709 1816.697876 1813.645752 1807.565063 1801.583862 1795.717896 1789.983643 1784.376343 1778.891235 1773.678955 1768.604736 1763.625244 1758.737427 1753.938477 1749.441284 1745.060913 1740.733032
 1824.712769 1824.541870 1824.285645 1823.858521 1823.431519 1823.004395 1822.577271 1822.150269 1821.723145 1821.313232 1821.296143 1820.915894 1820.535767 1820.155640 1819.775513 1819.395264 1819.030396 1819.015259 1818.404419 1817.793701 1817.183105 1814.130737 1811.079956 1805.002319 1799.024048 1793.161255 1787.430176 1781.826294 1776.344604 1771.135986 1766.065552 1761.089966 1756.206177 1751.411499 1746.918823 1742.543091 1738.219971
 1822.107788 1821.937012 1821.680786 1821.253906 1820.826904 1820.399902 1819.972900 1819.546021 1819.119019 1818.709106 1818.692017 1818.312012 1817.932007 1817.551880 1817.171875 1816.791870 1816.427002 1816.411865 1815.801392 1815.190918 1814.580688 1811.529785 1808.480591 1802.406006 1796.430908 1790.571411 1784.843628 1779.243286 1773.765137 1768.560303 1763.493896 1758.522339 1753.642822 1748.852417 1744.364380 1739.993530 1735.675293
 1819.467896 1819.297241 1819.041016 1818.614258 1818.187378 1817.760498 1817.333618 1816.906738 1816.479858 1816.070190 1816.053101 1815.673096 1815.293213 1814.913330 1814.533447 1814.153564 1813.788818 1813.773682 1813.163452 1812.553345 1811.943359 1808.894165 1805.846436 1799.775024 1793.803223 1787.947144 1782.222900 1776.626099 1771.151855 1765.950928 1760.888672 1755.921509 1751.046265 1746.260376 1741.777222 1737.411377 1733.098389
 1816.792358 1816.621704 1816.365601 1815.938843 1815.512085 1815.085327 1814.658569 1814.231812 1813.805176 1813.395508 1813.378418 1812.998657 1812.618774 1812.239014 1811.859253 1811.479492 1811.114868 1811.099731 1810.489868 1809.880127 1809.270386 1806.222778 1803.176758 1797.108643 1791.140381 1785.287720 1779.567139 1773.974121 1768.503662 1763.307007 1758.249023 1753.286255 1748.415649 1743.634399 1739.156372 1734.795776 1730.488159
 1814.080322 1813.909668 1813.653687 1813.227051 1812.800415 1812.373779 1811.947144 1811.520508 1811.093872 1810.684326 1810.667358 1810.287598 1809.907959 1809.528320 1809.148682 1808.769043 1808.404663 1808.389526 1807.779907 1807.170532 1806.561157 1803.515259 1800.470947 1794.406128 1788.441406 1782.592407 1776.875610 1771.286499 1765.820068 1760.627686 1755.574097 1750.615967 1745.750000 1740.973755 1736.500854 1732.145752 1727.843750
 1811.330933 1811.160400 1810.904419 1810.477905 1810.051392 1809.624878 1809.198364 1808.771973 1808.345459 1807.936035 1807.918945 1807.539429 1807.159912 1806.780396 1806.400879 1806.021362 1805.657104 1805.641968 1805.032715 1804.423706 1803.814697 1800.770508 1797.727905 1791.666748 1785.705566 1779.860352 1774.147461 1768.562378 1763.100220 1757.912231 1752.863403 1747.909912 1743.048950 1738.277710 1733.810303 1729.460815 1725.164429
 1808.543823 1808.373291 1808.117432 1807.691040 1807.264648 1806.838379 1806.411987 1805.985596 1805.559204 1805.149902 1805.132812 1804.753418 1804.374146 1803.994751 1803.615356 1803.235962 1802.871826 1802.856689 1802.247803 1801.639160 1801.030396 1797.988037 1794.947266 1788.889771 1782.932373 1777.090942 1771.382080 1765.801147 1760.343262 1755.159912 1750.115845 1745.167358 1740.311401 1735.545410 1731.083618 1726.739990 1722.449707
 1805.719238 1805.548706 1805.292969 1804.866699 1804.440430 1804.014160 1803.587891 1803.161621 1802.735474 1802.326294 1802.309204 1801.929932 1801.550781 1801.171509 1800.792236 1800.413086 1800.049072 1800.033936 1799.425415 1798.817017 1798.208740 1795.168091 1792.129150 1786.075317 1780.121704 1774.284180 1768.579346 1763.002686 1757.549072 1752.370361 1747.331177 1742.387573 1737.536865 1732.776245 1728.320312 1723.982666 1719.698486
 1802.857300 1802.686890 1802.431152 1802.005005 1801.578857 1801.152710 1800.726685 1800.300537 1799.874390 1799.465332 1799.448364 1799.069214 1798.690063 1798.311035 1797.932007 1797.552856 1797.188965 1797.173828 1796.565674 1795.957764 1795.349731 1792.310913 1789.273804 1783.223633 1777.273804 1771.440186 1765.739502 1760.166992 1754.717773 1749.543823 1744.509399 1739.570923 1734.725464 1729.970215 1725.520020 1721.188599 1716.910767
 1799.958374 1799.787964 1799.532349 1799.106323 1798.680298 1798.254272 1797.828369 1797.402344 1796.976318 1796.567383 1796.550415 1796.171387 1795.792480 1795.413574 1795.034546 1794.655640 1794.291870 1794.276733 1793.669067 1793.061401 1792.453735 1789.416748 1786.381470 1780.334961 1774.388916 1768.559326 1762.862671 1757.294434 1751.849731 1746.680420 1741.651001 1736.717529 1731.877319 1727.127563 1722.683350 1718.357910 1714.086426
 1797.022217 1796.851807 1796.596313 1796.170410 1795.744507 1795.318604 1794.892822 1794.466919 1794.041016 1793.632202 1793.615234 1793.236450 1792.857666 1792.478882 1792.099976 1791.721191 1791.357666 1791.342529 1790.735107 1790.127808 1789.520630 1786.485474 1783.452026 1777.409302 1771.467285 1765.641724 1759.949219 1754.385254 1748.944946 1743.780518 1738.755981 1733.827759 1728.992798 1724.248413 1719.810181 1715.491089 1711.225830
 1794.048218 1793.877930 1793.622559 1793.196777 1792.770996 1792.345337 1791.919556 1791.493774 1791.068115 1790.659424 1790.642456 1790.263794 1789.885132 1789.506470 1789.127808 1788.749146 1788.385742 1788.370605 1787.763550 1787.156738 1786.549805 1783.516602 1780.485107 1774.446289 1768.508179 1762.686768 1756.998657 1751.439087 1746.003418 1740.843872 1735.824463 1730.901367 1726.071899 1721.333130 1716.900879 1712.588013 1708.329224
 1791.036133 1790.865845 1790.610474 1790.184937 1789.759277 1789.333740 1788.908081 1788.482544 1788.056885 1787.648315 1787.631348 1787.252808 1786.874390 1786.495850 1786.117432 1785.738892 1785.375610 1785.360474 1784.753906 1784.147339 1783.540894 1780.509644 1777.480103 1771.445312 1765.511353 1759.694214 1754.010376 1748.455444 1743.024536 1737.869873 1732.855713 1727.938110 1723.114136 1718.381104 1713.955078 1709.648682 1705.396484
 1787.985229 1787.815063 1787.559814 1787.134277 1786.708862 1786.283447 1785.857910 1785.432495 1785.007080 1784.598633 1784.581665 1784.203247 1783.824951 1783.446655 1783.068359 1782.689941 1782.326782 1782.311768 1781.705444 1781.099365 1780.493286 1777.464111 1774.436523 1768.405884 1762.476074 1756.663330 1750.984131 1745.433838 1740.007690 1734.858276 1729.849487 1724.937378 1720.119141 1715.391968 1710.972412 1706.672607 1702.427124
 1784.895386 1784.725220 1784.470093 1784.044800 1783.619385 1783.194092 1782.768799 1782.343506 1781.918213 1781.509888 1781.492920 1781.114746 1780.736572 1780.358398 1779.980225 1779.602051 1779.239014 1779.223999 1778.618164 1778.012451 1777.406860 1774.379639 1771.354126 1765.327637 1759.402222 1753.593872 1747.919189 1742.373779 1736.952637 1731.808472 1726.805176 1721.898804 1717.086426 1712.365356 1707.952148 1703.659180 1699.420776
 1781.766357 1781.596313 1781.341187 1780.916016 1780.490845 1780.065674 1779.640503 1779.215332 1778.790161 1778.382080 1778.365112 1777.987061 1777.609009 1777.231079 1776.853027 1776.475098 1776.112183 1776.097168 1775.491699 1774.886475 1774.281250 1771.256104 1768.232666 1762.210449 1756.289429 1750.485596 1744.815674 1739.275024 1733.858887 1728.720215 1723.722534 1718.821899 1714.015503 1709.300537 1704.894165 1700.608154 1696.376709
 1778.597900 1778.427856 1778.172852 1777.747803 1777.322876 1776.897827 1776.472778 1776.047729 1775.622803 1775.214722 1775.197754 1774.819946 1774.442139 1774.064331 1773.686401 1773.308594 1772.945923 1772.930908 1772.325928 1771.721069 1771.116211 1768.093262 1765.072021 1759.054077 1753.137573 1747.338379 1741.673218 1736.137573 1730.726562 1725.593384 1720.601318 1715.706665 1710.906372 1706.197632 1701.798096 1697.519043 1693.295044
 1775.389404 1775.219482 1774.964478 1774.539673 1774.114746 1773.689941 1773.265015 1772.840210 1772.415405 1772.007568 1771.990601 1771.612915 1771.235229 1770.857544 1770.479858 1770.102295 1769.739746 1769.724731 1769.120117 1768.515747 1767.911377 1764.890625 1761.871582 1755.858154 1749.946167 1744.151733 1738.491577 1732.960938 1727.555176 1722.427612 1717.441406 1712.552734 1707.758667 1703.056396 1698.663696 1694.391968 1690.175293
 1772.139648 1771.969849 1771.714966 1771.290283 1770.865601 1770.440918 1770.016113 1769.591431 1769.166748 1768.759033 1768.742188 1768.364624 1767.987183 1767.609741 1767.232178 1766.854736 1766.492432 1766.477417 1765.873291 1765.269287 1764.665405 1761.646973 1758.630249 1752.621582 1746.714355 1740.924927 1735.269775 1729.744507 1724.344238 1719.222534 1714.242310 1709.359863 1704.572144 1699.876465 1695.490967 1691.226562 1687.017334
 1768.847412 1768.677612 1768.422852 1767.998291 1767.573853 1767.149292 1766.724731 1766.300171 1765.875732 1765.468140 1765.451172 1765.073853 1764.696655 1764.319336 1763.942017 1763.564819 1763.202637 1763.187622 1762.583984 1761.980469 1761.377075 1758.361084 1755.346802 1749.343018 1743.440918 1737.656616 1732.006836 1726.487183 1721.092529 1715.976807 1711.003052 1706.127075 1701.345947 1696.657104 1692.278931 1688.022217 1683.820923
 1765.511353 1765.341553 1765.086914 1764.662598 1764.238281 1763.813843 1763.389526 1762.965210 1762.540894 1762.133423 1762.116577 1761.739380 1761.362305 1760.985229 1760.608154 1760.231079 1759.869141 1759.854126 1759.250977 1758.648071 1758.045044 1755.031616 1752.019775 1746.021118 1740.124268 1734.345459 1728.701294 1723.187378 1717.798828 1712.689453 1707.722290 1702.853027 1698.078857 1693.397217 1689.026855 1684.778076 1680.584839
 1762.130859 1761.961182 1761.706665 1761.282593 1760.858398 1760.434204 1760.010010 1759.585815 1759.161743 1758.754517 1758.737549 1758.360596 1757.983765 1757.606934 1757.229980 1756.853149 1756.491333 1756.476318 1755.873779 1755.271240 1754.668823 1751.657959 1748.648682 1742.655273 1736.763794 1730.990479 1725.352173 1719.844238 1714.461792 1709.359009 1704.398682 1699.536499 1694.769653 1690.095459 1685.733154 1681.492798 1677.308105
 1758.705688 1758.536133 1758.281738 1757.857666 1757.433716 1757.009766 1756.585693 1756.161743 1755.737793 1755.330811 1755.313843 1754.937134 1754.560425 1754.183838 1753.807129 1753.430420 1753.068848 1753.053833 1752.451782 1751.849854 1751.247925 1748.239624 1745.233154 1739.244995 1733.359009 1727.591431 1721.958984 1716.457153 1711.081055 1705.984985 1701.031738 1696.176758 1691.417358 1686.750977 1682.396973 1678.165161 1673.989502
 1755.235229 1755.065674 1754.811401 1754.387573 1753.963745 1753.540039 1753.116211 1752.692383 1752.268677 1751.861816 1751.844849 1751.468384 1751.091919 1750.715454 1750.338989 1749.962524 1749.601196 1749.586182 1748.984619 1748.383179 1747.781860 1744.776245 1741.772461 1735.789795 1729.909546 1724.147827 1718.521362 1713.025757 1707.656128 1702.567017 1697.620850 1692.773438 1688.021606 1683.363037 1679.017578 1674.794800 1670.628052
 1751.718506 1751.549072 1751.294922 1750.871338 1750.447632 1750.024048 1749.600464 1749.176880 1748.753296 1748.346680 1748.329712 1747.953491 1747.577271 1747.201050 1746.824829 1746.448608 1746.087402 1746.072388 1745.471436 1744.870605 1744.269775 1741.266968 1738.265991 1732.289062 1726.414673 1720.658936 1715.038696 1709.549561 1704.186646 1699.104614 1694.165894 1689.325928 1684.582031 1679.931519 1675.594849 1671.381104 1667.223633
 1748.153442 1747.984131 1747.730103 1747.306641 1746.883301 1746.459839 1746.036499 1745.613037 1745.189697 1744.783325 1744.766357 1744.390381 1744.014404 1743.638306 1743.262329 1742.886353 1742.525513 1742.510498 1741.910156 1741.309814 1740.709595 1737.709839 1734.711914 1728.741089 1722.872925 1717.123535 1711.509888 1706.027588 1700.671631 1695.597046 1690.665894 1685.833862 1681.098022 1676.455811 1672.128052 1667.923706 1663.775879
 1744.537109 1744.367798 1744.113892 1743.690796 1743.267578 1742.844482 1742.421265 1741.998169 1741.574951 1741.168823 1741.151855 1740.776123 1740.400391 1740.024658 1739.648926 1739.273193 1738.912476 1738.897583 1738.297852 1737.698242 1737.098633 1734.102051 1731.107422 1725.143188 1719.281616 1713.539185 1707.932617 1702.457520 1697.109009 1692.042358 1687.119385 1682.295654 1677.568481 1672.934937 1668.616699 1664.421997 1660.284058
 1740.866211 1740.697021 1740.443237 1740.020386 1739.597412 1739.174561 1738.751587 1738.328735 1737.905762 1737.499878 1737.482910 1737.107422 1736.731934 1736.356567 1735.981079 1735.605591 1735.245239 1735.230225 1734.631226 1734.032349 1733.433472 1730.440430 1727.449341 1721.492188 1715.637939 1709.902832 1704.303955 1698.836670 1693.496216 1688.438110 1683.523926 1678.709106 1673.991089 1669.366943 1665.058716 1660.874390 1656.746826
 1737.136597 1736.967529 1736.713867 1736.291260 1735.868652 1735.445923 1735.023315 1734.600708 1734.178101 1733.772339 1733.755493 1733.380371 1733.005127 1732.630005 1732.254883 1731.879761 1731.519653 1731.504639 1730.906372 1730.308350 1729.710205 1726.721069 1723.733765 1717.784424 1711.938110 1706.211182 1700.620483 1695.161743 1689.830078 1684.781006 1679.876343 1675.071289 1670.363037 1665.749023 1661.451660 1657.278442 1653.162231
 1733.342285 1733.173340 1732.919922 1732.497681 1732.075317 1731.652954 1731.230591 1730.808350 1730.385986 1729.980591 1729.963745 1729.588867 1729.214111 1728.839355 1728.464478 1728.089722 1727.729980 1727.714966 1727.117676 1726.520386 1725.923218 1722.938477 1719.955444 1714.014893 1708.177490 1702.459595 1696.878174 1691.428833 1686.106689 1681.067749 1676.173462 1671.378906 1666.681396 1662.078247 1657.792603 1653.631348 1649.527222
 1729.473511 1729.304688 1729.051514 1728.629517 1728.207642 1727.785645 1727.363770 1726.941772 1726.519897 1726.114746 1726.097900 1725.723511 1725.349121 1724.974854 1724.600464 1724.226074 1723.866699 1723.851807 1723.255493 1722.659302 1722.063232 1719.083740 1716.105957 1710.175781 1704.348755 1698.641357 1693.070557 1687.631958 1682.320679 1677.293213 1672.410522 1667.627686 1662.942017 1658.350952 1654.078003 1649.929810 1645.838989
 1725.508057 1725.339478 1725.086670 1724.665283 1724.243896 1723.822510 1723.401123 1722.979736 1722.558350 1722.153809 1722.136963 1721.763306 1721.389526 1721.015747 1720.642090 1720.268311 1719.909546 1719.894653 1719.299927 1718.705200 1718.110718 1715.138672 1712.168335 1706.252197 1700.438843 1694.744751 1689.187256 1683.761841 1678.463745 1673.449707 1668.580566 1663.811401 1659.139282 1654.561768 1650.303345 1646.169800 1642.093384
 -999.000000 -999.000000 -999.000000 -999.000000 -999.000000 -999.000000 -999.000000 -999.000000 -999.000000 -999.000000 -999.000000 -999.000000 -999.000000 -999.000000 -999.000000 -999.000000 -999.000000 -999.000000 -999.000000 -999.000000 -999.000000 -999.000000 -999.000000 -999.000000 -999.000000 -999.000000 1685.202637 1679.797729 1674.518311 1669.522583 1664.671143 1659.919067 1655.263672 1650.702637 1646.461182 1642.344604 1638.284912
 -999.000000 -999.000000 -999.000000 -999.000000 -999.000000 -999.000000 -999.000000 -999.000000 -999.000000 -999.000000 -999.000000 -999.000000 -999.000000 -999.000000 -999.000000 -999.000000 -999.000000 -999.000000 -999.000000 -999.000000 -999.000000 -999.000000 -999.000000 -999.000000 -999.000000 -999.000000 -999.000000 -999.000000 -999.000000 -999.000000 -999.000000 1655.923462 1651.294922 1646.757080 1642.538330 1638.443237 1634.404297
 -999.000000 -999.000000 -999.000000 -999.000000 -999.000000 -999.000000 -999.000000 -999.000000 -999.000000 -999.000000 -999.000000 -999.000000 -999.000000 -999.000000 -999.000000 -999.000000 -999.000000 -999.000000 -999.000000 -999.000000 -999.000000 -999.000000 -999.000000 -999.000000 -999.000000 -999.000000 -999.000000 -999.000000 -999.000000 -999.000000 -999.000000 -999.000000 -999.000000 -999.000000 -999.000000 -999.000000 1630.431519
#
# dtdd (rows - delta, columns - depth)
#
   -2.066424   -2.066402   -2.066369   -2.066314   -2.066259   -2.066204   -2.066149   -2.066093   -2.066038   -2.065985   -2.065983   -2.065921   -2.065859   -2.065796   -2.065734   -2.065672   -2.065612   -2.065609   -2.065454   -2.065299 -999.000000 -999.000000 -999.000000 -999.000000 -999.000000 -999.000000 -999.000000 -999.000000 -999.000000 -999.000000 -999.000000 -999.000000 -999.000000 -999.000000 -999.000000 -999.000000 -999.000000
   -2.088427   -2.088406   -2.088374   -2.088321   -2.088268   -2.088215   -2.088162   -2.088109   -2.088055   -2.088004   -2.088002   -2.087942   -2.087882   -2.087822   -2.087762   -2.087702   -2.087645   -2.087642   -2.087493   -2.087343   -2.087193   -2.086438   -2.085677   -2.084127   -2.082524   -2.080860   -2.079127   -2.077322   -2.075442   -2.073427   -2.071319   -2.069129   -2.066854 -999.000000 -999.000000 -999.000000 -999.000000
   -2.109432   -2.109412   -2.109381   -2.109330   -2.109279   -2.109227   -2.109176   -2.109125   -2.109073   -2.109024   -2.109022   -2.108964   -2.108906   -2.108848   -2.108790   -2.108732   -2.108676   -2.108674   -2.108530   -2.108385   -2.108240   -2.107511   -2.106776   -2.105279   -2.103730   -2.102123   -2.100450   -2.098707   -2.096893   -2.094949   -2.092915   -2.090802   -2.088608   -2.086330   -2.083851   -2.081257   -2.078578
   -2.129553   -2.129534   -2.129504   -2.129454   -2.129405   -2.129355   -2.129305   -2.129255   -2.129205   -2.129158   -2.129156   -2.129100   -2.129044   -2.128988   -2.128931   -2.128875   -2.128821   -2.128819   -2.128679   -2.128539   -2.128398   -2.127692   -2.126980   -2.125530   -2.124031   -2.122475   -2.120855   -2.119168   -2.117412   -2.115530   -2.113562   -2.111518   -2.109396   -2.107193   -2.104796   -2.102288   -2.099699
   -2.148884   -2.148865   -2.148836   -2.148787   -2.148739   -2.148691   -2.148643   -2.148594   -2.148546   -2.148499   -2.148498   -2.148443   -2.148389   -2.148335   -2.148280   -2.148225   -2.148173   -2.148171   -2.148035   -2.147899   -2.147763   -2.147077   -2.146385   -2.144979   -2.143523   -2.142013   -2.140441   -2.138804   -2.137100   -2.135275   -2.133366   -2.131384   -2.129326   -2.127190   -2.124866   -2.122435   -2.119926
   -2.168044   -2.168024   -2.167994   -2.167944   -2.167894   -2.167844   -2.167794   -2.167744   -2.167694   -2.167645   -2.167643   -2.167587   -2.167531   -2.167474   -2.167418   -2.167361   -2.167307   -2.167305   -2.167164   -2.167023   -2.166882   -2.166174   -2.165462   -2.164019   -2.162536   -2.161005   -2.159422   -2.157784   -2.156090   -2.154287   -2.152416   -2.150486   -2.148486   -2.146411   -2.144153   -2.141792   -2.139354
   -2.187969   -2.187948   -2.187916   -2.187864   -2.187811   -2.187758   -2.187706   -2.187653   -2.187600   -2.187549   -2.187547   -2.187488   -2.187428   -2.187369   -2.187310   -2.187250   -2.187193   -2.187191   -2.187043   -2.186895   -2.186746   -2.186002   -2.185253   -2.183736   -2.182177   -2.180569   -2.178906   -2.177187   -2.175409   -2.173519   -2.171556   -2.169535   -2.167454   -2.165311   -2.163000   -2.160606   -2.158157
   -2.208783   -2.208760   -2.208727   -2.208672   -2.208616   -2.208560   -2.208505   -2.208449   -2.208393   -2.208339   -2.208337   -2.208275   -2.208212   -2.208149   -2.208086   -2.208023   -2.207963   -2.207961   -2.207804   -2.207648   -2.207491   -2.206704   -2.205913   -2.204311   -2.202665   -2.200969   -2.199215   -2.197402   -2.195529   -2.193537   -2.191472   -2.189345   -2.187156   -2.184904   -2.182477   -2.179963   -2.177394
   -2.230632   -2.230609   -2.230573   -2.230514   -2.230455   -2.230396   -2.230337   -2.230277   -2.230218   -2.230161   -2.230159   -2.230092   -2.230025   -2.229959   -2.229892   -2.229825   -2.229761   -2.229758   -2.229592   -2.229425   -2.229259   -2.228423   -2.227582   -2.225881   -2.224134   -2.222334   -2.220475   -2.218554   -2.216570   -2.214463   -2.212277   -2.210029   -2.207717   -2.205339   -2.202778   -2.200127   -2.197420
   -2.253684   -2.253659   -2.253621   -2.253558   -2.253495   -2.253433   -2.253370   -2.253307   -2.253244   -2.253184   -2.253181   -2.253110   -2.253040   -2.252969   -2.252898   -2.252827   -2.252759   -2.252756   -2.252579   -2.252403   -2.252225   -2.251336   -2.250441   -2.248625   -2.246758   -2.244836   -2.242851   -2.240803   -2.238689   -2.236445   -2.234120   -2.231730   -2.229273   -2.226749   -2.224032   -2.221223   -2.218356
   -2.277413   -2.277387   -2.277349   -2.277284   -2.277220   -2.277155   -2.277091   -2.277026   -2.276962   -2.276900   -2.276897   -2.276824   -2.276752   -2.276679   -2.276606   -2.276533   -2.276463   -2.276460   -2.276278   -2.276097   -2.275915   -2.275001   -2.274081   -2.272215   -2.270294   -2.268310   -2.266253   -2.264123   -2.261917   -2.259566   -2.257120   -2.254596   -2.251992   -2.249305   -2.246404   -2.243408   -2.240353
   -2.301549   -2.301523   -2.301483   -2.301417   -2.301350   -2.301284   -2.301218   -2.301151   -2.301085   -2.301021   -2.301018   -2.300943   -2.300869   -2.300794   -2.300719   -2.300644   -2.300572   -2.300569   -2.300382   -2.300195   -2.300008   -2.299068   -2.298122   -2.296203   -2.294228   -2.292187   -2.290073   -2.287883   -2.285616   -2.283199   -2.280686   -2.278092   -2.275416   -2.272656   -2.269673   -2.266574   -2.263399
   -2.326121   -2.326093   -2.326052   -2.325984   -2.325916   -2.325848   -2.325779   -2.325711   -2.325642   -2.325577   -2.325574   -2.325497   -2.325420   -2.325343   -2.325266   -2.325189   -2.325114   -2.325111   -2.324919   -2.324727   -2.324534   -2.323566   -2.322592   -2.320617   -2.318583   -2.316483   -2.314308   -2.312054   -2.309722   -2.307235   -2.304650   -2.301983   -2.299231   -2.296392   -2.293325   -2.290140   -2.286876
   -2.351160   -2.351132   -2.351090   -2.351020   -2.350949   -2.350879   -2.350808   -2.350738   -2.350667   -2.350600   -2.350597   -2.350517   -2.350438   -2.350358   -2.350279   -2.350199   -2.350123   -2.350120   -2.349922   -2.349723   -2.349525   -2.348527   -2.347523   -2.345488   -2.343392   -2.341228   -2.338987   -2.336666   -2.334264   -2.331703   -2.329041   -2.326295   -2.323462   -2.320541   -2.317384   -2.314107   -2.310750
   -2.376705   -2.376676   -2.376633   -2.376560   -2.376487   -2.376415   -2.376342   -2.376269   -2.376196   -2.376127   -2.376124   -2.376042   -2.375960   -2.375878   -2.375796   -2.375714   -2.375635   -2.375631   -2.375427   -2.375222   -2.375017   -2.373988   -2.372951   -2.370851   -2.368689   -2.366457   -2.364146   -2.361752   -2.359274   -2.356635   -2.353891   -2.351060   -2.348141   -2.345131   -2.341879   -2.338504   -2.335046
   -2.403079   -2.403048   -2.403002   -2.402925   -2.402849   -2.402772   -2.402695   -2.402619   -2.402542   -2.402468   -2.402465   -2.402379   -2.402292   -2.402206   -2.402119   -2.402033   -2.401949   -2.401946   -2.401730   -2.401514   -2.401298   -2.400213   -2.399123   -2.396915   -2.394647   -2.392311   -2.389895   -2.387400   -2.384822   -2.382082   -2.379239   -2.376314   -2.373302   -2.370197   -2.366843   -2.363362   -2.359797
   -2.430653   -2.430621   -2.430572   -2.430491   -2.430410   -2.430328   -2.430247   -2.430166   -2.430084   -2.430006   -2.430003   -2.429911   -2.429819   -2.429728   -2.429636   -2.429544   -2.429456   -2.429452   -2.429224   -2.428995   -2.428766   -2.427616   -2.426460   -2.424122   -2.421721   -2.419249   -2.416695   -2.414057   -2.411335   -2.408441   -2.405443   -2.402358   -2.399187   -2.395926   -2.392414   -2.388780   -2.385069
   -2.459641   -2.459607   -2.459555   -2.459468   -2.459381   -2.459294   -2.459208   -2.459121   -2.459034   -2.458950   -2.458947   -2.458849   -2.458751   -2.458653   -2.458555   -2.458457   -2.458364   -2.458359   -2.458116   -2.457871   -2.457627   -2.456400   -2.455168   -2.452676   -2.450119   -2.447488   -2.444771   -2.441968   -2.439076   -2.436006   -2.432825   -2.429557   -2.426198   -2.422749   -2.419035   -2.415196   -2.411279
   -2.490247   -2.490211   -2.490155   -2.490063   -2.489971   -2.489879   -2.489787   -2.489695   -2.489603   -2.489514   -2.489510   -2.489406   -2.489302   -2.489198   -2.489094   -2.488990   -2.488890   -2.488886   -2.488627   -2.488367   -2.488107   -2.486802   -2.485489   -2.482828   -2.480092   -2.477271   -2.474361   -2.471360   -2.468268   -2.464987   -2.461592   -2.458107   -2.454529   -2.450857   -2.446908   -2.442830   -2.438673
   -2.521858   -2.521819   -2.521762   -2.521666   -2.521570   -2.521475   -2.521379   -2.521283   -2.521187   -2.521095   -2.521091   -2.520983   -2.520875   -2.520767   -2.520659   -2.520551   -2.520447   -2.520443   -2.520173   -2.519903   -2.519633   -2.518277   -2.516912   -2.514148   -2.511305   -2.508373   -2.505339   -2.502201   -2.498956   -2.495502   -2.491915   -2.488219   -2.484411   -2.480490   -2.476262   -2.471899   -2.467459
   -2.554326   -2.554286   -2.554227   -2.554127   -2.554028   -2.553928   -2.553828   -2.553728   -2.553628   -2.553532   -2.553528   -2.553416   -2.553303   -2.553191   -2.553078   -2.552965   -2.552857   -2.552853   -2.552572   -2.552291   -2.552009   -2.550596   -2.549175   -2.546296   -2.543337   -2.540286   -2.537129   -2.533865   -2.530491   -2.526899   -2.523171   -2.519331   -2.515376   -2.511305   -2.506910   -2.502355   -2.497698
   -2.587754   -2.587712   -2.587650   -2.587545   -2.587441   -2.587337   -2.587233   -2.587129   -2.587024   -2.586924   -2.586920   -2.586802   -2.586685   -2.586567   -2.586450   -2.586332   -2.586219   -2.586214   -2.585921   -2.585627   -2.585333   -2.583857   -2.582373   -2.579368   -2.576280   -2.573096   -2.569804   -2.566400   -2.562883   -2.559141   -2.555258   -2.551259   -2.547142   -2.542906   -2.538334   -2.533598   -2.528757
   -2.622253   -2.622210   -2.622144   -2.622036   -2.621927   -2.621818   -2.621709   -2.621600   -2.621490   -2.621386   -2.621381   -2.621258   -2.621135   -2.621013   -2.620890   -2.620767   -2.620648   -2.620643   -2.620337   -2.620029   -2.619721   -2.618177   -2.616622   -2.613476   -2.610243   -2.606911   -2.603468   -2.599909   -2.596233   -2.592323   -2.588267   -2.584093   -2.579797   -2.575378   -2.570612   -2.565676   -2.560632
   -2.657605   -2.657560   -2.657492   -2.657380   -2.657267   -2.657155   -2.657042   -2.656929   -2.656816   -2.656708   -2.656703   -2.656577   -2.656450   -2.656322   -2.656195   -2.656068   -2.655946   -2.655941   -2.655623   -2.655306   -2.654987   -2.653390   -2.651783   -2.648528   -2.645179   -2.641724   -2.638148   -2.634447   -2.630620   -2.626543   -2.622308   -2.617943   -2.613448   -2.608825   -2.603842   -2.598683   -2.593416
   -2.693682   -2.693636   -2.693566   -2.693449   -2.693333   -2.693216   -2.693099   -2.692983   -2.692866   -2.692754   -2.692749   -2.692618   -2.692486   -2.692355   -2.692223   -2.692091   -2.691965   -2.691959   -2.691631   -2.691302   -2.690972   -2.689318   -2.687654   -2.684284   -2.680819   -2.677243   -2.673544   -2.669716   -2.665758   -2.661542   -2.657164   -2.652653   -2.648004   -2.643217   -2.638045   -2.632682   -2.627195
   -2.730557   -2.730509   -2.730436   -2.730315   -2.730195   -2.730074   -2.729953   -2.729831   -2.729710   -2.729594   -2.729589   -2.729453   -2.729316   -2.729180   -2.729043   -2.728907   -2.728776   -2.728770   -2.728429   -2.728088   -2.727746   -2.726031   -2.724305   -2.720810   -2.717217   -2.713512   -2.709678   -2.705712   -2.701612   -2.697247   -2.692714   -2.688044   -2.683234   -2.678281   -2.672932   -2.667386   -2.661714
   -2.768239   -2.768190   -2.768116   -2.767991   -2.767867   -2.767743   -2.767618   -2.767494   -2.767369   -2.767249   -2.767245   -2.767104   -2.766964   -2.766824   -2.766683   -2.766542   -2.766407   -2.766402   -2.766050   -2.765699   -2.765347   -2.763578   -2.761796   -2.758180   -2.754452   -2.750604   -2.746624   -2.742508   -2.738254   -2.733725   -2.729024   -2.724183   -2.719197   -2.714065   -2.708523   -2.702780   -2.696907
   -2.805913   -2.805864   -2.805789   -2.805664   -2.805538   -2.805413   -2.805288   -2.805162   -2.805037   -2.804917   -2.804912   -2.804770   -2.804629   -2.804487   -2.804346   -2.804204   -2.804068   -2.804063   -2.803709   -2.803355   -2.803000   -2.801219   -2.799424   -2.795782   -2.792026   -2.788141   -2.784109   -2.779926   -2.775588   -2.770952   -2.766122   -2.761128   -2.755966   -2.750639   -2.744888   -2.738929   -2.732839
   -2.843324   -2.843274   -2.843198   -2.843073   -2.842947   -2.842821   -2.842695   -2.842568   -2.842442   -2.842321   -2.842316   -2.842174   -2.842031   -2.841889   -2.841746   -2.841604   -2.841467   -2.841461   -2.841105   -2.840749   -2.840391   -2.838598   -2.836791   -2.833124   -2.829342   -2.825430   -2.821369   -2.817156   -2.812786   -2.808115   -2.803249   -2.798217   -2.793015   -2.787638   -2.781806   -2.775733   -2.769497
   -2.880468   -2.880417   -2.880342   -2.880215   -2.880088   -2.879961   -2.879834   -2.879708   -2.879580   -2.879458   -2.879453   -2.879310   -2.879167   -2.879024   -2.878881   -2.878737   -2.878599   -2.878594   -2.878235   -2.877877   -2.877517   -2.875712   -2.873893   -2.870203   -2.866396   -2.862458   -2.858370   -2.854128   -2.849728   -2.845025   -2.840124   -2.835056   -2.829815   -2.824398   -2.818521   -2.812401   -2.806115
   -2.917499   -2.917448   -2.917371   -2.917242   -2.917112   -2.916983   -2.916854   -2.916725   -2.916595   -2.916471   -2.916466   -2.916320   -2.916174   -2.916029   -2.915883   -2.915737   -2.915596   -2.915591   -2.915226   -2.914860   -2.914495   -2.912659   -2.910811   -2.907066   -2.903212   -2.899232   -2.895110   -2.890840   -2.886411   -2.881677   -2.876743   -2.871639   -2.866363   -2.860907   -2.854987   -2.848821   -2.842488
   -2.954959   -2.954906   -2.954827   -2.954695   -2.954562   -2.954429   -2.954297   -2.954164   -2.954031   -2.953904   -2.953898   -2.953749   -2.953599   -2.953449   -2.953300   -2.953150   -2.953006   -2.953000   -2.952625   -2.952250   -2.951875   -2.949990   -2.948093   -2.944250   -2.940294   -2.936210   -2.931980   -2.927600   -2.923067   -2.918233   -2.913208   -2.908024   -2.902678   -2.897166   -2.891201   -2.884991   -2.878613
   -2.992926   -2.992872   -2.992790   -2.992654   -2.992518   -2.992382   -2.992245   -2.992109   -2.991973   -2.991842   -2.991836   -2.991683   -2.991529   -2.991375   -2.991221   -2.991067   -2.990919   -2.990913   -2.990528   -2.990143   -2.989757   -2.987821   -2.985872   -2.981923   -2.977859   -2.973665   -2.969321   -2.964824   -2.960170   -2.955207   -2.950048   -2.944728   -2.939242   -2.933586   -2.927466   -2.921112   -2.914605
   -3.031442   -3.031386   -3.031302   -3.031163   -3.031023   -3.030883   -3.030742   -3.030602   -3.030462   -3.030327   -3.030322   -3.030164   -3.030005   -3.029847   -3.029689   -3.029531   -3.029379   -3.029372   -3.028976   -3.028580   -3.028183   -3.026191   -3.024187   -3.020127   -3.015948   -3.011636   -3.007171   -3.002549   -2.997766   -2.992667   -2.987367   -2.981902   -2.976267   -2.970459   -2.964174   -2.957650   -2.950971
   -3.070336   -3.070279   -3.070193   -3.070051   -3.069909   -3.069766   -3.069623   -3.069481   -3.069338   -3.069201   -3.069195   -3.069034   -3.068873   -3.068712   -3.068551   -3.068389   -3.068234   -3.068228   -3.067825   -3.067421   -3.067017   -3.064986   -3.062942   -3.058797   -3.054528   -3.050117   -3.045544   -3.040805   -3.035895   -3.030653   -3.025203   -3.019583   -3.013791   -3.007821   -3.001362   -2.994657   -2.987795
   -3.109419   -3.109361   -3.109274   -3.109129   -3.108984   -3.108839   -3.108694   -3.108548   -3.108403   -3.108263   -3.108258   -3.108094   -3.107930   -3.107766   -3.107602   -3.107437   -3.107280   -3.107273   -3.106862   -3.106451   -3.106039   -3.103971   -3.101890   -3.097669   -3.093321   -3.088829   -3.084172   -3.079346   -3.074347   -3.069008   -3.063453   -3.057717   -3.051795   -3.045683   -3.039058   -3.032170   -3.025114
   -3.148704   -3.148644   -3.148556   -3.148408   -3.148261   -3.148113   -3.147965   -3.147817   -3.147669   -3.147527   -3.147521   -3.147354   -3.147187   -3.147020   -3.146853   -3.146686   -3.146525   -3.146518   -3.146100   -3.145681   -3.145261   -3.143155   -3.141034   -3.136735   -3.132307   -3.127732   -3.122988   -3.118073   -3.112981   -3.107544   -3.101886   -3.096043   -3.090012   -3.083786   -3.077038   -3.070022   -3.062829
   -3.188300   -3.188239   -3.188148   -3.187996   -3.187844   -3.187692   -3.187540   -3.187388   -3.187235   -3.187089   -3.187083   -3.186912   -3.186740   -3.186568   -3.186396   -3.186224   -3.186059   -3.186052   -3.185622   -3.185192   -3.184761   -3.182598   -3.180423   -3.176022   -3.171499   -3.166836   -3.162004   -3.156997   -3.151809   -3.146270   -3.140506   -3.134554   -3.128410   -3.122068   -3.115193   -3.108045   -3.100717
   -3.228893   -3.228830   -3.228734   -3.228576   -3.228418   -3.228259   -3.228101   -3.227942   -3.227783   -3.227630   -3.227624   -3.227445   -3.227266   -3.227087   -3.226908   -3.226728   -3.226556   -3.226549   -3.226100   -3.225651   -3.225202   -3.222947   -3.220679   -3.216092   -3.211381   -3.206527   -3.201509   -3.196325   -3.190969   -3.185268   -3.179353   -3.173266   -3.167001   -3.160540   -3.153533   -3.146249   -3.138782
   -3.270749   -3.270682   -3.270583   -3.270417   -3.270251   -3.270085   -3.269919   -3.269753   -3.269587   -3.269427   -3.269421   -3.269233   -3.269046   -3.268858   -3.268671   -3.268483   -3.268303   -3.268296   -3.267826   -3.267356   -3.266885   -3.264525   -3.262153   -3.257356   -3.252432   -3.247360   -3.242121   -3.236710   -3.231124   -3.225180   -3.219016   -3.212676   -3.206156   -3.199451   -3.192209   -3.184709   -3.177052
   -3.314055   -3.313986   -3.313882   -3.313708   -3.313534   -3.313361   -3.313187   -3.313013   -3.312839   -3.312672   -3.312665   -3.312469   -3.312272   -3.312076   -3.311879   -3.311683   -3.311494   -3.311486   -3.310994   -3.310501   -3.310007   -3.307529   -3.305037   -3.299999   -3.294830   -3.289511   -3.284019   -3.278350   -3.272502   -3.266283   -3.259838   -3.253213   -3.246404   -3.239408   -3.231854   -3.224037   -3.216062
   -3.358182   -3.358111   -3.358005   -3.357827   -3.357649   -3.357472   -3.357294   -3.357116   -3.356938   -3.356767   -3.356760   -3.356559   -3.356358   -3.356157   -3.355956   -3.355755   -3.355562   -3.355554   -3.355050   -3.354545   -3.354040   -3.351504   -3.348953   -3.343782   -3.338460   -3.332965   -3.327273   -3.321378   -3.315275   -3.308761   -3.301996   -3.295045   -3.287908   -3.280581   -3.272674   -3.264499   -3.256166
   -3.402733   -3.402660   -3.402551   -3.402370   -3.402188   -3.402006   -3.401824   -3.401642   -3.401459   -3.401284   -3.401277   -3.401071   -3.400866   -3.400660   -3.400454   -3.400248   -3.400050   -3.400042   -3.399526   -3.399009   -3.398492   -3.395895   -3.393282   -3.387987   -3.382539   -3.376913   -3.371086   -3.365052   -3.358806   -3.352140   -3.345208   -3.338057   -3.330681   -3.323076   -3.314831   -3.306266   -3.297525
   -3.447750   -3.447675   -3.447564   -3.447377   -3.447191   -3.447005   -3.446818   -3.446631   -3.446445   -3.446265   -3.446258   -3.446047   -3.445836   -3.445626   -3.445415   -3.445203   -3.445001   -3.444992   -3.444463   -3.443933   -3.443403   -3.440742   -3.438063   -3.432637   -3.427054   -3.421290   -3.415321   -3.409141   -3.402743   -3.395916   -3.388817   -3.381495   -3.373944   -3.366158   -3.357717   -3.348950   -3.339974
   -3.493307   -3.493230   -3.493115   -3.492923   -3.492731   -3.492538   -3.492346   -3.492153   -3.491961   -3.491776   -3.491768   -3.491551   -3.491334   -3.491117   -3.490899   -3.490682   -3.490473   -3.490464   -3.489919   -3.489374   -3.488828   -3.486091   -3.483342   -3.477777   -3.472050   -3.466140   -3.460019   -3.453682   -3.447125   -3.440127   -3.432851   -3.425348   -3.417611   -3.409635   -3.400988   -3.392008   -3.382815
   -3.540471   -3.540389   -3.540267   -3.540062   -3.539858   -3.539654   -3.539449   -3.539244   -3.539039   -3.538843   -3.538835   -3.538604   -3.538373   -3.538142   -3.537911   -3.537680   -3.537458   -3.537449   -3.536869   -3.536289   -3.535709   -3.532801   -3.529882   -3.523992   -3.517959   -3.511762   -3.505375   -3.498794   -3.492015   -3.484816   -3.477353   -3.469657   -3.461723   -3.453545   -3.444679   -3.435473   -3.426051
   -3.590163   -3.590075   -3.589944   -3.589724   -3.589505   -3.589285   -3.589065   -3.588845   -3.588626   -3.588414   -3.588406   -3.588158   -3.587910   -3.587662   -3.587414   -3.587166   -3.586927   -3.586917   -3.586295   -3.585673   -3.585050   -3.581930   -3.578800   -3.572492   -3.566042   -3.559425   -3.552616   -3.545610   -3.538404   -3.530761   -3.522866   -3.514775   -3.506485   -3.497992   -3.488838   -3.479385   -3.469720
   -3.643040   -3.642945   -3.642803   -3.642565   -3.642328   -3.642090   -3.641852   -3.641614   -3.641376   -3.641148   -3.641138   -3.640870   -3.640602   -3.640334   -3.640065   -3.639796   -3.639539   -3.639528   -3.638855   -3.638181   -3.637506   -3.634130   -3.630743   -3.623918   -3.616940   -3.609794   -3.602454   -3.594917   -3.587181   -3.578991   -3.570548   -3.561911   -3.553079   -3.544047   -3.534329   -3.524319   -3.514156
   -3.699482   -3.699378   -3.699223   -3.698964   -3.698705   -3.698446   -3.698187   -3.697927   -3.697668   -3.697419   -3.697408   -3.697116   -3.696824   -3.696531   -3.696239   -3.695946   -3.695665   -3.695653   -3.694919   -3.694185   -3.693450   -3.689775   -3.686093   -3.678687   -3.671133   -3.663403   -3.655467   -3.647321   -3.638961   -3.630111   -3.620990   -3.611667   -3.602157   -3.592457   -3.582043   -3.571343   -3.560507
   -3.760736   -3.760621   -3.760447   -3.760158   -3.759868   -3.759578   -3.759289   -3.758999   -3.758709   -3.758431   -3.758420   -3.758093   -3.757767   -3.757440   -3.757114   -3.756787   -3.756474   -3.756461   -3.755642   -3.754823   -3.754004   -3.749912   -3.745821   -3.737616   -3.729278   -3.720777   -3.712078   -3.703178   -3.694074   -3.684466   -3.674591   -3.664523   -3.654257   -3.643790   -3.632552   -3.621008   -3.609328
   -3.829353   -3.829218   -3.829015   -3.828677   -3.828339   -3.828001   -3.827663   -3.827326   -3.826988   -3.826663   -3.826650   -3.826270   -3.825889   -3.825509   -3.825129   -3.824749   -3.824384   -3.824369   -3.823416   -3.822464   -3.821513   -3.816770   -3.812048   -3.802628   -3.793120   -3.783488   -3.773691   -3.763723   -3.753580   -3.742928   -3.732033   -3.720976   -3.709749   -3.698349   -3.686153   -3.673672   -3.661079
   -3.911425   -3.911251   -3.910990   -3.910555   -3.910120   -3.909686   -3.909252   -3.908818   -3.908385   -3.907970   -3.907952   -3.907465   -3.906978   -3.906492   -3.906006   -3.905521   -3.905056   -3.905036   -3.903821   -3.902610   -3.901402   -3.895411   -3.889497   -3.877840   -3.866259   -3.854693   -3.843076   -3.831392   -3.819626   -3.807385   -3.794976   -3.782483   -3.769892   -3.757192   -3.743688   -3.729949   -3.716163
   -4.032568   -4.032206   -4.031666   -4.030774   -4.029891   -4.029017   -4.028151   -4.027294   -4.026443   -4.025635   -4.025602   -4.024660   -4.023726   -4.022799   -4.021879   -4.020967   -4.020097   -4.020061   -4.017812   -4.015603   -4.013431   -4.003057   -3.993352   -3.975366   -3.958568   -3.942553   -3.927046   -3.911905   -3.897027   -3.881867   -3.866800   -3.851898   -3.837107   -3.822383   -3.806907   -3.791329   -3.775846
 -999.000000 -999.000000 -999.000000 -999.000000 -999.000000 -999.000000 -999.000000 -999.000000 -999.000000 -999.000000 -999.000000 -999.000000 -999.000000 -999.000000 -999.000000 -999.000000 -999.000000 -999.000000 -999.000000 -999.000000 -999.000000 -999.000000 -999.000000 -999.000000 -999.000000 -999.000000   -4.063157   -4.027607   -4.001503   -3.978015   -3.956456   -3.936273   -3.917037   -3.898477   -3.879452   -3.860744   -3.842515
 -999.000000 -999.000000 -999.000000 -999.000000 -999.000000 -999.000000 -999.000000 -999.000000 -999.000000 -999.000000 -999.000000 -999.000000 -999.000000 -999.000000 -999.000000 -999.000000 -999.000000 -999.000000 -999.000000 -999.000000 -999.000000 -999.000000 -999.000000 -999.000000 -999.000000 -999.000000 -999.000000 -999.000000 -999.000000 -999.000000 -999.000000   -4.083730   -4.031737   -3.999725   -3.971238   -3.945467   -3.921685
 -999.000000 -999.000000 -999.000000 -999.000000 -999.000000 -999.000000 -999.000000 -999.000000 -999.000000 -999.000000 -999.000000 -999.000000 -999.000000 -999.000000 -999.000000 -999.000000 -999.000000 -999.000000 -999.000000 -999.000000 -999.000000 -999.000000 -999.000000 -999.000000 -999.000000 -999.000000 -999.000000 -999.000000 -999.000000 -999.000000 -999.000000 -999.000000 -999.000000 -999.000000 -999.000000 -999.000000   -4.034718
#
# dtdh (rows - delta, columns - depth)
#
   -0.171409   -0.171409   -0.171409   -0.171408   -0.171407   -0.171406   -0.171406   -0.171405   -0.171404   -0.171403   -0.152713   -0.152712   -0.152711   -0.152710   -0.152710   -0.152709   -0.152708   -0.122967   -0.122956   -0.122945 -999.000000 -999.000000 -999.000000 -999.000000 -999.000000 -999.000000 -999.000000 -999.000000 -999.000000 -999.000000 -999.000000 -999.000000 -999.000000 -999.000000 -999.000000 -999.000000 -999.000000
   -0.171388   -0.171387   -0.171387   -0.171386   -0.171385   -0.171385   -0.171384   -0.171383   -0.171382   -0.171382   -0.152689   -0.152688   -0.152687   -0.152686   -0.152685   -0.152684   -0.152684   -0.122937   -0.122926   -0.122915   -0.122903   -0.122847   -0.122790   -0.121447   -0.119335   -0.116792   -0.114227   -0.111761   -0.109399   -0.103400   -0.101503   -0.099667   -0.097890 -999.000000 -999.000000 -999.000000 -999.000000
   -0.171367   -0.171367   -0.171366   -0.171365   -0.171365   -0.171364   -0.171363   -0.171362   -0.171362   -0.171361   -0.152665   -0.152664   -0.152663   -0.152662   -0.152662   -0.152661   -0.152660   -0.122908   -0.122896   -0.122885   -0.122874   -0.122817   -0.122760   -0.121416   -0.119303   -0.116759   -0.114192   -0.111725   -0.109361   -0.103360   -0.101460   -0.099623   -0.097844   -0.096127   -0.089327   -0.088153   -0.087350
   -0.171347   -0.171347   -0.171346   -0.171345   -0.171344   -0.171344   -0.171343   -0.171342   -0.171341   -0.171340   -0.152642   -0.152641   -0.152641   -0.152640   -0.152639   -0.152638   -0.152637   -0.122879   -0.122868   -0.122857   -0.122845   -0.122788   -0.122731   -0.121386   -0.119272   -0.116726   -0.114159   -0.111690   -0.109325   -0.103320   -0.101420   -0.099581   -0.097800   -0.096081   -0.089277   -0.088101   -0.087296
   -0.171327   -0.171327   -0.171327   -0.171326   -0.171325   -0.171324   -0.171323   -0.171322   -0.171322   -0.171321   -0.152620   -0.152619   -0.152618   -0.152618   -0.152617   -0.152616   -0.152615   -0.122852   -0.122840   -0.122829   -0.122817   -0.122760   -0.122703   -0.121357   -0.119242   -0.116695   -0.114126   -0.111656   -0.109290   -0.103282   -0.101380   -0.099540   -0.097757   -0.096037   -0.089229   -0.088051   -0.087245
   -0.171308   -0.171307   -0.171307   -0.171306   -0.171305   -0.171304   -0.171304   -0.171303   -0.171302   -0.171301   -0.152598   -0.152597   -0.152596   -0.152595   -0.152595   -0.152594   -0.152593   -0.122824   -0.122813   -0.122801   -0.122790   -0.122732   -0.122675   -0.121328   -0.119212   -0.116664   -0.114094   -0.111623   -0.109255   -0.103245   -0.101342   -0.099500   -0.097716   -0.095994   -0.089182   -0.088002   -0.087195
   -0.171287   -0.171287   -0.171286   -0.171286   -0.171285   -0.171284   -0.171283   -0.171282   -0.171281   -0.171281   -0.152575   -0.152574   -0.152573   -0.152572   -0.152571   -0.152570   -0.152570   -0.122795   -0.122784   -0.122772   -0.122761   -0.122703   -0.122645   -0.121298   -0.119182   -0.116632   -0.114061   -0.111589   -0.109220   -0.103208   -0.101303   -0.099460   -0.097675   -0.095951   -0.089135   -0.087954   -0.087146
   -0.171266   -0.171265   -0.171265   -0.171264   -0.171263   -0.171262   -0.171261   -0.171261   -0.171260   -0.171259   -0.152551   -0.152550   -0.152549   -0.152548   -0.152547   -0.152546   -0.152545   -0.122765   -0.122754   -0.122742   -0.122730   -0.122673   -0.122615   -0.121267   -0.119149   -0.116599   -0.114026   -0.111553   -0.109183   -0.103168   -0.101262   -0.099418   -0.097632   -0.095907   -0.089087   -0.087905   -0.087095
   -0.171243   -0.171242   -0.171242   -0.171241   -0.171240   -0.171239   -0.171238   -0.171238   -0.171237   -0.171236   -0.152525   -0.152524   -0.152523   -0.152522   -0.152521   -0.152520   -0.152519   -0.122733   -0.122721   -0.122710   -0.122698   -0.122640   -0.122582   -0.121233   -0.119115   -0.116563   -0.113990   -0.111515   -0.109144   -0.103126   -0.101219   -0.099373   -0.097586   -0.095860   -0.089036   -0.087852   -0.087042
   -0.171218   -0.171218   -0.171218   -0.171217   -0.171216   -0.171215   -0.171214   -0.171213   -0.171212   -0.171211   -0.152497   -0.152496   -0.152495   -0.152494   -0.152493   -0.152492   -0.152491   -0.122698   -0.122687   -0.122675   -0.122664   -0.122605   -0.122547   -0.121198   -0.119078   -0.116526   -0.113951   -0.111475   -0.109102   -0.103082   -0.101173   -0.099326   -0.097538   -0.095810   -0.088982   -0.087797   -0.086986
   -0.171193   -0.171193   -0.171192   -0.171191   -0.171190   -0.171189   -0.171188   -0.171188   -0.171187   -0.171186   -0.152469   -0.152468   -0.152467   -0.152466   -0.152465   -0.152464   -0.152463   -0.122663   -0.122651   -0.122639   -0.122628   -0.122569   -0.122511   -0.121160   -0.119040   -0.116486   -0.113909   -0.111432   -0.109058   -0.103034   -0.101125   -0.099276   -0.097486   -0.095757   -0.088924   -0.087739   -0.086926
   -0.171167   -0.171166   -0.171166   -0.171165   -0.171164   -0.171163   -0.171162   -0.171161   -0.171160   -0.171160   -0.152439   -0.152438   -0.152437   -0.152436   -0.152435   -0.152434   -0.152433   -0.122626   -0.122614   -0.122602   -0.122591   -0.122532   -0.122473   -0.121122   -0.119000   -0.116445   -0.113867   -0.111388   -0.109013   -0.102986   -0.101074   -0.099224   -0.097433   -0.095702   -0.088864   -0.087677   -0.086863
   -0.171140   -0.171140   -0.171139   -0.171138   -0.171137   -0.171136   -0.171135   -0.171134   -0.171133   -0.171133   -0.152409   -0.152408   -0.152407   -0.152406   -0.152405   -0.152404   -0.152403   -0.122588   -0.122576   -0.122565   -0.122553   -0.122494   -0.122435   -0.121082   -0.118959   -0.116403   -0.113823   -0.111343   -0.108966   -0.102935   -0.101022   -0.099171   -0.097377   -0.095645   -0.088802   -0.087613   -0.086798
   -0.171112   -0.171112   -0.171111   -0.171110   -0.171109   -0.171109   -0.171108   -0.171107   -0.171106   -0.171105   -0.152378   -0.152377   -0.152376   -0.152374   -0.152373   -0.152372   -0.152371   -0.122549   -0.122537   -0.122525   -0.122514   -0.122454   -0.122395   -0.121042   -0.118917   -0.116359   -0.113778   -0.111296   -0.108918   -0.102884   -0.100969   -0.099116   -0.097321   -0.095587   -0.088738   -0.087548   -0.086731
   -0.171084   -0.171083   -0.171083   -0.171082   -0.171081   -0.171080   -0.171079   -0.171078   -0.171077   -0.171076   -0.152345   -0.152344   -0.152343   -0.152342   -0.152341   -0.152340   -0.152339   -0.122509   -0.122497   -0.122485   -0.122473   -0.122414   -0.122354   -0.121000   -0.118874   -0.116315   -0.113732   -0.111248   -0.108868   -0.102830   -0.100914   -0.099059   -0.097262   -0.095527   -0.088673   -0.087480   -0.086662
   -0.171054   -0.171054   -0.171053   -0.171052   -0.171051   -0.171050   -0.171049   -0.171048   -0.171047   -0.171046   -0.152312   -0.152311   -0.152310   -0.152308   -0.152307   -0.152306   -0.152305   -0.122467   -0.122455   -0.122443   -0.122431   -0.122371   -0.122311   -0.120956   -0.118829   -0.116268   -0.113684   -0.111199   -0.108817   -0.102776   -0.100858   -0.099001   -0.097202   -0.095465   -0.088605   -0.087411   -0.086591
   -0.171022   -0.171022   -0.171021   -0.171020   -0.171019   -0.171018   -0.171017   -0.171016   -0.171015   -0.171014   -0.152276   -0.152275   -0.152274   -0.152273   -0.152272   -0.152271   -0.152269   -0.122422   -0.122411   -0.122399   -0.122387   -0.122326   -0.122266   -0.120910   -0.118782   -0.116219   -0.113634   -0.111147   -0.108763   -0.102718   -0.100798   -0.098940   -0.097139   -0.095400   -0.088535   -0.087339   -0.086518
   -0.170989   -0.170989   -0.170988   -0.170987   -0.170986   -0.170985   -0.170984   -0.170983   -0.170982   -0.170981   -0.152238   -0.152237   -0.152236   -0.152235   -0.152234   -0.152233   -0.152232   -0.122375   -0.122363   -0.122351   -0.122339   -0.122279   -0.122218   -0.120861   -0.118732   -0.116168   -0.113580   -0.111092   -0.108706   -0.102657   -0.100736   -0.098876   -0.097073   -0.095332   -0.088461   -0.087263   -0.086441
   -0.170953   -0.170953   -0.170952   -0.170951   -0.170950   -0.170949   -0.170948   -0.170947   -0.170946   -0.170945   -0.152198   -0.152197   -0.152196   -0.152194   -0.152193   -0.152192   -0.152191   -0.122325   -0.122313   -0.122301   -0.122289   -0.122228   -0.122167   -0.120809   -0.118678   -0.116112   -0.113523   -0.111033   -0.108645   -0.102592   -0.100669   -0.098807   -0.097003   -0.095260   -0.088383   -0.087183   -0.086359
   -0.170916   -0.170915   -0.170915   -0.170913   -0.170912   -0.170911   -0.170910   -0.170909   -0.170908   -0.170907   -0.152156   -0.152154   -0.152153   -0.152152   -0.152151   -0.152150   -0.152149   -0.122272   -0.122260   -0.122248   -0.122235   -0.122175   -0.122114   -0.120754   -0.118622   -0.116054   -0.113463   -0.110970   -0.108581   -0.102523   -0.100598   -0.098734   -0.096928   -0.095183   -0.088299   -0.087098   -0.086273
   -0.170877   -0.170876   -0.170876   -0.170874   -0.170873   -0.170872   -0.170871   -0.170870   -0.170869   -0.170868   -0.152112   -0.152110   -0.152109   -0.152108   -0.152107   -0.152106   -0.152104   -0.122217   -0.122205   -0.122193   -0.122180   -0.122119   -0.122058   -0.120697   -0.118563   -0.115993   -0.113400   -0.110905   -0.108514   -0.102451   -0.100524   -0.098658   -0.096849   -0.095102   -0.088211   -0.087008   -0.086181
   -0.170836   -0.170835   -0.170835   -0.170834   -0.170833   -0.170831   -0.170830   -0.170829   -0.170828   -0.170827   -0.152066   -0.152064   -0.152063   -0.152062   -0.152061   -0.152059   -0.152058   -0.122160   -0.122147   -0.122135   -0.122123   -0.122061   -0.121999   -0.120637   -0.118501   -0.115929   -0.113334   -0.110837   -0.108444   -0.102376   -0.100447   -0.098578   -0.096767   -0.095018   -0.088119   -0.086914   -0.086085
   -0.170793   -0.170793   -0.170792   -0.170791   -0.170790   -0.170789   -0.170788   -0.170786   -0.170785   -0.170784   -0.152018   -0.152016   -0.152015   -0.152014   -0.152013   -0.152011   -0.152010   -0.122100   -0.122087   -0.122075   -0.122062   -0.122001   -0.121938   -0.120575   -0.118437   -0.115863   -0.113266   -0.110766   -0.108370   -0.102298   -0.100366   -0.098495   -0.096682   -0.094930   -0.088023   -0.086816   -0.085985
   -0.170749   -0.170749   -0.170748   -0.170747   -0.170746   -0.170744   -0.170743   -0.170742   -0.170741   -0.170740   -0.151968   -0.151966   -0.151965   -0.151964   -0.151963   -0.151961   -0.151960   -0.122037   -0.122025   -0.122012   -0.122000   -0.121938   -0.121875   -0.120510   -0.118370   -0.115794   -0.113194   -0.110693   -0.108294   -0.102216   -0.100282   -0.098409   -0.096593   -0.094838   -0.087924   -0.086714   -0.085881
   -0.170703   -0.170703   -0.170702   -0.170701   -0.170700   -0.170699   -0.170697   -0.170696   -0.170695   -0.170694   -0.151916   -0.151915   -0.151913   -0.151912   -0.151911   -0.151909   -0.151908   -0.121973   -0.121960   -0.121948   -0.121935   -0.121872   -0.121809   -0.120443   -0.118301   -0.115723   -0.113120   -0.110616   -0.108215   -0.102131   -0.100195   -0.098319   -0.096500   -0.094743   -0.087820   -0.086607   -0.085773
   -0.170656   -0.170656   -0.170655   -0.170654   -0.170652   -0.170651   -0.170650   -0.170649   -0.170647   -0.170646   -0.151863   -0.151861   -0.151860   -0.151858   -0.151857   -0.151856   -0.151854   -0.121906   -0.121893   -0.121881   -0.121868   -0.121805   -0.121741   -0.120374   -0.118230   -0.115649   -0.113044   -0.110537   -0.108133   -0.102044   -0.100104   -0.098225   -0.096404   -0.094644   -0.087712   -0.086497   -0.085660
   -0.170607   -0.170606   -0.170606   -0.170604   -0.170603   -0.170602   -0.170601   -0.170599   -0.170598   -0.170597   -0.151807   -0.151806   -0.151804   -0.151803   -0.151801   -0.151800   -0.151799   -0.121836   -0.121824   -0.121811   -0.121798   -0.121735   -0.121671   -0.120301   -0.118155   -0.115572   -0.112964   -0.110455   -0.108048   -0.101953   -0.100010   -0.098129   -0.096305   -0.094542   -0.087600   -0.086383   -0.085543
   -0.170557   -0.170557   -0.170556   -0.170555   -0.170553   -0.170552   -0.170551   -0.170549   -0.170548   -0.170547   -0.151751   -0.151749   -0.151748   -0.151746   -0.151745   -0.151744   -0.151742   -0.121766   -0.121753   -0.121740   -0.121728   -0.121663   -0.121599   -0.120228   -0.118079   -0.115493   -0.112882   -0.110370   -0.107960   -0.101859   -0.099913   -0.098029   -0.096202   -0.094436   -0.087485   -0.086264   -0.085423
   -0.170507   -0.170507   -0.170506   -0.170504   -0.170503   -0.170502   -0.170500   -0.170499   -0.170498   -0.170496   -0.151694   -0.151693   -0.151691   -0.151690   -0.151688   -0.151687   -0.151685   -0.121695   -0.121682   -0.121669   -0.121656   -0.121592   -0.121527   -0.120154   -0.118003   -0.115414   -0.112800   -0.110284   -0.107872   -0.101763   -0.099815   -0.097927   -0.096096   -0.094327   -0.087366   -0.086142   -0.085298
   -0.170457   -0.170456   -0.170455   -0.170454   -0.170452   -0.170451   -0.170450   -0.170448   -0.170447   -0.170446   -0.151637   -0.151636   -0.151634   -0.151633   -0.151631   -0.151629   -0.151628   -0.121624   -0.121611   -0.121598   -0.121585   -0.121519   -0.121454   -0.120079   -0.117926   -0.115334   -0.112717   -0.110198   -0.107782   -0.101667   -0.099715   -0.097824   -0.095990   -0.094217   -0.087245   -0.086018   -0.085171
   -0.170406   -0.170405   -0.170404   -0.170403   -0.170401   -0.170400   -0.170399   -0.170397   -0.170396   -0.170394   -0.151580   -0.151578   -0.151576   -0.151575   -0.151573   -0.151572   -0.151570   -0.121552   -0.121538   -0.121525   -0.121512   -0.121446   -0.121381   -0.120004   -0.117848   -0.115253   -0.112633   -0.110112   -0.107692   -0.101571   -0.099615   -0.097721   -0.095883   -0.094106   -0.087124   -0.085894   -0.085043
   -0.170353   -0.170353   -0.170352   -0.170351   -0.170349   -0.170348   -0.170346   -0.170345   -0.170343   -0.170342   -0.151521   -0.151519   -0.151517   -0.151516   -0.151514   -0.151513   -0.151511   -0.121478   -0.121464   -0.121451   -0.121438   -0.121372   -0.121305   -0.119927   -0.117769   -0.115171   -0.112548   -0.110024   -0.107601   -0.101473   -0.099514   -0.097616   -0.095775   -0.093995   -0.087002   -0.085768   -0.084915
   -0.170300   -0.170299   -0.170298   -0.170297   -0.170295   -0.170294   -0.170292   -0.170291   -0.170289   -0.170288   -0.151460   -0.151458   -0.151457   -0.151455   -0.151453   -0.151452   -0.151450   -0.121402   -0.121389   -0.121375   -0.121362   -0.121295   -0.121228   -0.119848   -0.117687   -0.115087   -0.112461   -0.109933   -0.107508   -0.101373   -0.099411   -0.097510   -0.095665   -0.093882   -0.086878   -0.085641   -0.084785
   -0.170245   -0.170244   -0.170243   -0.170242   -0.170240   -0.170239   -0.170237   -0.170236   -0.170234   -0.170233   -0.151398   -0.151396   -0.151394   -0.151393   -0.151391   -0.151389   -0.151388   -0.121324   -0.121310   -0.121297   -0.121284   -0.121216   -0.121149   -0.119767   -0.117604   -0.115000   -0.112372   -0.109841   -0.107412   -0.101270   -0.099305   -0.097400   -0.095553   -0.093765   -0.086751   -0.085511   -0.084652
   -0.170188   -0.170188   -0.170187   -0.170185   -0.170184   -0.170182   -0.170181   -0.170179   -0.170177   -0.170176   -0.151334   -0.151332   -0.151331   -0.151329   -0.151327   -0.151325   -0.151324   -0.121244   -0.121230   -0.121217   -0.121203   -0.121136   -0.121068   -0.119683   -0.117518   -0.114911   -0.112279   -0.109745   -0.107313   -0.101164   -0.099196   -0.097288   -0.095437   -0.093646   -0.086621   -0.085377   -0.084515
   -0.170131   -0.170130   -0.170129   -0.170128   -0.170126   -0.170125   -0.170123   -0.170121   -0.170120   -0.170118   -0.151269   -0.151267   -0.151266   -0.151264   -0.151262   -0.151260   -0.151258   -0.121163   -0.121149   -0.121135   -0.121122   -0.121053   -0.120985   -0.119599   -0.117430   -0.114821   -0.112186   -0.109648   -0.107212   -0.101055   -0.099084   -0.097172   -0.095317   -0.093523   -0.086486   -0.085239   -0.084374
   -0.170073   -0.170072   -0.170071   -0.170069   -0.170068   -0.170066   -0.170064   -0.170063   -0.170061   -0.170060   -0.151203   -0.151201   -0.151199   -0.151198   -0.151196   -0.151194   -0.151192   -0.121080   -0.121066   -0.121052   -0.121039   -0.120970   -0.120901   -0.119512   -0.117341   -0.114728   -0.112090   -0.109549   -0.107110   -0.100945   -0.098970   -0.097055   -0.095196   -0.093398   -0.086349   -0.085098   -0.084230
   -0.170013   -0.170012   -0.170011   -0.170010   -0.170008   -0.170006   -0.170004   -0.170003   -0.170001   -0.170000   -0.151135   -0.151134   -0.151132   -0.151130   -0.151128   -0.151126   -0.151124   -0.120995   -0.120981   -0.120967   -0.120954   -0.120884   -0.120815   -0.119424   -0.117250   -0.114634   -0.111992   -0.109448   -0.107005   -0.100833   -0.098854   -0.096935   -0.095072   -0.093270   -0.086209   -0.084955   -0.084084
   -0.169951   -0.169950   -0.169949   -0.169947   -0.169946   -0.169944   -0.169942   -0.169941   -0.169939   -0.169937   -0.151065   -0.151064   -0.151062   -0.151060   -0.151058   -0.151056   -0.151054   -0.120907   -0.120893   -0.120880   -0.120866   -0.120796   -0.120725   -0.119333   -0.117157   -0.114538   -0.111892   -0.109344   -0.106898   -0.100718   -0.098735   -0.096813   -0.094946   -0.093140   -0.086067   -0.084808   -0.083934
   -0.169886   -0.169885   -0.169884   -0.169883   -0.169881   -0.169879   -0.169877   -0.169876   -0.169874   -0.169872   -0.150992   -0.150990   -0.150988   -0.150986   -0.150985   -0.150983   -0.150981   -0.120816   -0.120802   -0.120788   -0.120774   -0.120703   -0.120632   -0.119238   -0.117059   -0.114437   -0.111788   -0.109237   -0.106787   -0.100599   -0.098613   -0.096687   -0.094817   -0.093007   -0.085921   -0.084659   -0.083782
   -0.169818   -0.169818   -0.169816   -0.169815   -0.169813   -0.169811   -0.169809   -0.169808   -0.169806   -0.169804   -0.150916   -0.150914   -0.150912   -0.150910   -0.150908   -0.150906   -0.150904   -0.120719   -0.120705   -0.120691   -0.120677   -0.120606   -0.120535   -0.119139   -0.116957   -0.114331   -0.111679   -0.109124   -0.106671   -0.100475   -0.098485   -0.096555   -0.094682   -0.092868   -0.085770   -0.084504   -0.083624
   -0.169748   -0.169747   -0.169746   -0.169744   -0.169743   -0.169741   -0.169739   -0.169737   -0.169735   -0.169734   -0.150836   -0.150834   -0.150832   -0.150830   -0.150828   -0.150826   -0.150824   -0.120620   -0.120606   -0.120591   -0.120577   -0.120506   -0.120434   -0.119035   -0.116850   -0.114221   -0.111565   -0.109006   -0.106549   -0.100344   -0.098351   -0.096418   -0.094540   -0.092723   -0.085612   -0.084343   -0.083460
   -0.169676   -0.169676   -0.169674   -0.169673   -0.169671   -0.169669   -0.169667   -0.169665   -0.169663   -0.169661   -0.150755   -0.150753   -0.150751   -0.150749   -0.150747   -0.150745   -0.150743   -0.120518   -0.120504   -0.120489   -0.120475   -0.120403   -0.120330   -0.118929   -0.116741   -0.114108   -0.111448   -0.108885   -0.106424   -0.100210   -0.098212   -0.096274   -0.094393   -0.092571   -0.085446   -0.084174   -0.083288
   -0.169603   -0.169602   -0.169601   -0.169599   -0.169597   -0.169595   -0.169593   -0.169591   -0.169589   -0.169587   -0.150672   -0.150670   -0.150668   -0.150665   -0.150663   -0.150661   -0.150659   -0.120414   -0.120399   -0.120384   -0.120370   -0.120297   -0.120224   -0.118820   -0.116629   -0.113992   -0.111328   -0.108761   -0.106295   -0.100071   -0.098070   -0.096127   -0.094241   -0.092415   -0.085275   -0.083998   -0.083109
   -0.169527   -0.169527   -0.169525   -0.169523   -0.169521   -0.169520   -0.169518   -0.169516   -0.169514   -0.169512   -0.150587   -0.150584   -0.150582   -0.150580   -0.150578   -0.150576   -0.150574   -0.120306   -0.120292   -0.120277   -0.120262   -0.120189   -0.120115   -0.118709   -0.116514   -0.113873   -0.111205   -0.108633   -0.106163   -0.099930   -0.097924   -0.095977   -0.094086   -0.092255   -0.085100   -0.083818   -0.082925
   -0.169448   -0.169447   -0.169446   -0.169444   -0.169442   -0.169440   -0.169438   -0.169436   -0.169434   -0.169432   -0.150497   -0.150495   -0.150493   -0.150490   -0.150488   -0.150486   -0.150484   -0.120194   -0.120179   -0.120165   -0.120150   -0.120076   -0.120002   -0.118593   -0.116395   -0.113751   -0.111078   -0.108503   -0.106028   -0.099785   -0.097774   -0.095822   -0.093927   -0.092091   -0.084920   -0.083634   -0.082737
   -0.169364   -0.169363   -0.169362   -0.169360   -0.169358   -0.169355   -0.169353   -0.169351   -0.169349   -0.169347   -0.150402   -0.150399   -0.150397   -0.150395   -0.150393   -0.150390   -0.150388   -0.120074   -0.120059   -0.120045   -0.120030   -0.119955   -0.119881   -0.118470   -0.116269   -0.113621   -0.110944   -0.108365   -0.105887   -0.099633   -0.097619   -0.095663   -0.093763   -0.091922   -0.084736   -0.083445   -0.082545
   -0.169272   -0.169271   -0.169270   -0.169268   -0.169266   -0.169264   -0.169262   -0.169260   -0.169258   -0.169256   -0.150298   -0.150296   -0.150294   -0.150291   -0.150289   -0.150287   -0.150285   -0.119945   -0.119930   -0.119915   -0.119900   -0.119825   -0.119750   -0.118337   -0.116133   -0.113481   -0.110801   -0.108218   -0.105735   -0.099472   -0.097454   -0.095494   -0.093590   -0.091745   -0.084543   -0.083249   -0.082345
   -0.169173   -0.169172   -0.169171   -0.169169   -0.169167   -0.169165   -0.169163   -0.169161   -0.169158   -0.169156   -0.150187   -0.150184   -0.150182   -0.150180   -0.150177   -0.150175   -0.150173   -0.119804   -0.119789   -0.119774   -0.119759   -0.119684   -0.119609   -0.118194   -0.115987   -0.113331   -0.110647   -0.108059   -0.105572   -0.099299   -0.097276   -0.095313   -0.093405   -0.091556   -0.084338   -0.083041   -0.082135
   -0.169064   -0.169063   -0.169062   -0.169060   -0.169058   -0.169055   -0.169053   -0.169051   -0.169049   -0.169047   -0.150063   -0.150061   -0.150059   -0.150056   -0.150054   -0.150051   -0.150049   -0.119649   -0.119635   -0.119620   -0.119605   -0.119529   -0.119454   -0.118037   -0.115827   -0.113167   -0.110478   -0.107887   -0.105396   -0.099111   -0.097084   -0.095117   -0.093205   -0.091352   -0.084117   -0.082817   -0.081909
   -0.168939   -0.168939   -0.168937   -0.168935   -0.168933   -0.168931   -0.168929   -0.168927   -0.168924   -0.168922   -0.149923   -0.149920   -0.149918   -0.149916   -0.149913   -0.149911   -0.149909   -0.119473   -0.119459   -0.119444   -0.119429   -0.119354   -0.119279   -0.117861   -0.115648   -0.112984   -0.110292   -0.107697   -0.105202   -0.098906   -0.096876   -0.094905   -0.092989   -0.091132   -0.083879   -0.082576   -0.081666
   -0.168787   -0.168786   -0.168785   -0.168783   -0.168781   -0.168779   -0.168777   -0.168775   -0.168773   -0.168771   -0.149752   -0.149750   -0.149748   -0.149745   -0.149743   -0.149741   -0.149739   -0.119260   -0.119245   -0.119231   -0.119216   -0.119143   -0.119070   -0.117653   -0.115439   -0.112773   -0.110079   -0.107480   -0.104983   -0.098675   -0.096642   -0.094669   -0.092750   -0.090890   -0.083618   -0.082313   -0.081402
   -0.168557   -0.168556   -0.168555   -0.168554   -0.168553   -0.168551   -0.168550   -0.168548   -0.168547   -0.168546   -0.149498   -0.149497   -0.149495   -0.149494   -0.149492   -0.149491   -0.149490   -0.118947   -0.118935   -0.118923   -0.118910   -0.118848   -0.118783   -0.117376   -0.115169   -0.112507   -0.109815   -0.107217   -0.104721   -0.098403   -0.096371   -0.094397   -0.092478   -0.090617   -0.083327   -0.082021   -0.081111
 -999.000000 -999.000000 -999.000000 -999.000000 -999.000000 -999.000000 -999.000000 -999.000000 -999.000000 -999.000000 -999.000000 -999.000000 -999.000000 -999.000000 -999.000000 -999.000000 -999.000000 -999.000000 -999.000000 -999.000000 -999.000000 -999.000000 -999.000000 -999.000000 -999.000000 -999.000000   -0.109373   -0.106829   -0.104357   -0.098043   -0.096024   -0.094059   -0.092147   -0.090292   -0.082984   -0.081684   -0.080779
 -999.000000 -999.000000 -999.000000 -999.000000 -999.000000 -999.000000 -999.000000 -999.000000 -999.000000 -999.000000 -999.000000 -999.000000 -999.000000 -999.000000 -999.000000 -999.000000 -999.000000 -999.000000 -999.000000 -999.000000 -999.000000 -999.000000 -999.000000 -999.000000 -999.000000 -999.000000 -999.000000 -999.000000 -999.000000 -999.000000 -999.000000   -0.093448   -0.091658   -0.089846   -0.082540   -0.081262   -0.080376
 -999.000000 -999.000000 -999.000000 -999.000000 -999.000000 -999.000000 -999.000000 -999.000000 -999.000000 -999.000000 -999.000000 -999.000000 -999.000000 -999.000000 -999.000000 -999.000000 -999.000000 -999.000000 -999.000000 -999.000000 -999.000000 -999.000000 -999.000000 -999.000000 -999.000000 -999.000000 -999.000000 -999.000000 -999.000000 -999.000000 -999.000000 -999.000000 -999.000000 -999.000000 -999.000000 -999.000000   -0.079782
#
# ak135 travel-time table for PKKPbc
#
