#
# ak135 travel-time table for sPb
#
# number of distance and depth samples
26 33
# delta samples
0.750 1.000 1.500 2.000 2.500 3.000 3.500 4.000 4.500 5.000 5.500 6.000 6.500 7.000 7.500 8.000 8.500 9.000 10.000 11.000 12.000 13.000 14.000 15.000 16.000 
17.000 
# depth samples
    1.000000    2.500000    5.000000    7.500000   10.000000   12.500000   15.000000   17.500000   19.900000   20.000000   22.500000   25.000000   27.500000   30.000000   32.500000   34.900000   35.000000   40.000000   45.000000   50.000000   75.000000  100.000000  150.000000  200.000000  250.000000  300.000000  350.000000  400.000000  450.000000  500.000000  550.000000  600.000000  650.000000
#
# travel times (rows - delta, columns - depth)
#
   16.167152   16.534571   17.146856   17.759048 -999.000000 -999.000000 -999.000000 -999.000000 -999.000000 -999.000000 -999.000000 -999.000000 -999.000000 -999.000000 -999.000000 -999.000000 -999.000000 -999.000000 -999.000000 -999.000000 -999.000000 -999.000000 -999.000000 -999.000000 -999.000000 -999.000000 -999.000000 -999.000000 -999.000000 -999.000000 -999.000000 -999.000000 -999.000000
   20.430450   20.797867   21.410154   22.022346   22.634443   23.246447   23.858355   24.470167   25.057417   25.081842   25.605013   26.128035   26.650946   27.173746   27.696432   28.198107   28.218925   29.025400 -999.000000 -999.000000 -999.000000 -999.000000 -999.000000 -999.000000 -999.000000 -999.000000 -999.000000 -999.000000 -999.000000 -999.000000 -999.000000 -999.000000 -999.000000
   28.956955   29.324375   29.936666   30.548862   31.160965   31.772972   32.384884   32.996700   33.583954   33.608379   34.131554   34.654583   35.177498   35.700302   36.222992   36.724670   36.745487   37.551971   38.357399   39.161835   43.169052   47.151123 -999.000000 -999.000000 -999.000000 -999.000000 -999.000000 -999.000000 -999.000000 -999.000000 -999.000000 -999.000000 -999.000000
   37.483204   37.850628   38.462929   39.075134   39.687248   40.299263   40.911182   41.523010   42.110271   42.134697   42.657883   43.180920   43.703842   44.226658   44.749355   45.251041   45.271862   46.078369   46.883820   47.688274   51.695576   55.677700   63.566433 -999.000000 -999.000000 -999.000000 -999.000000 -999.000000 -999.000000 -999.000000 -999.000000 -999.000000 -999.000000
   46.009033   46.376469   46.988781   47.601002   48.213127   48.825157   49.437092   50.048931   50.636204   50.660633   51.183830   51.706882   52.229824   52.752651   53.275364   53.777065   53.797886   54.604427   55.409912   56.214405   60.221863   64.204109   72.093002   79.883080 -999.000000 -999.000000 -999.000000 -999.000000 -999.000000 -999.000000 -999.000000 -999.000000 -999.000000
   54.534283   54.901730   55.514061   56.126301   56.738441   57.350491   57.962444   58.574299   59.161591   59.186020   59.709240   60.232311   60.755272   61.278122   61.800854   62.302574   62.323395   63.129990   63.935524   64.740067   68.747749   72.730194   80.619385   88.409645   95.999931 -999.000000 -999.000000 -999.000000 -999.000000 -999.000000 -999.000000 -999.000000 -999.000000
   63.058788   63.426247   64.038605   64.650864   65.263031   65.875099   66.487076   67.098953   67.686272   67.710701   68.233948   68.757042   69.280029   69.802902   70.325661   70.827408   70.848228   71.654884   72.460487   73.265091   77.273071   81.255791   89.145432   96.936012  104.526489  111.747337 -999.000000 -999.000000 -999.000000 -999.000000 -999.000000 -999.000000 -999.000000
   71.582390   71.949867   72.562248   73.174538   73.786728   74.398827   75.010834   75.622742   76.210075   76.234505   76.757782   77.280914   77.803932   78.326836   78.849625   79.351402   79.372223   80.178963   80.984642   81.789322   85.797668   89.780731   97.670975  105.462036  113.052856  120.273895  127.116844 -999.000000 -999.000000 -999.000000 -999.000000 -999.000000 -999.000000
   80.104919   80.472420   81.084831   81.697159   82.309380   82.921509   83.533546   84.145485   84.732857   84.757286   85.280602   85.803764   86.326820   86.849762   87.372589   87.874397   87.895218   88.702049   89.507820   90.312592   94.321381   98.304855  106.195847  113.987534  121.578865  128.800278  135.643417 -999.000000 -999.000000 -999.000000 -999.000000 -999.000000 -999.000000
   88.626228   88.993744   89.606194   90.218552   90.830818   91.442986   92.055054   92.667030   93.254433   93.278862   93.802223   94.325432   94.848526   95.371506   95.894379   96.396225   96.417053   97.223991   98.029861   98.834740  102.844040  106.828003  114.719894  122.512360  130.104355  137.326309  144.169830  150.628433 -999.000000 -999.000000 -999.000000 -999.000000 -999.000000
   97.146133   97.513680   98.126167   98.738571   99.350876   99.963081  100.575195  101.187210  101.774651  101.799088  102.322487  102.845749  103.368889  103.891922  104.414833  104.916725  104.937553  105.744614  106.550613  107.355606  111.365494  115.350014  123.242943  131.036346  138.629166  145.851822  152.695908  159.154892  164.606750 -999.000000 -999.000000 -999.000000 -999.000000
  105.664482  106.032051  106.644592  107.257042  107.869385  108.481644  109.093796  109.705856  110.293350  110.317780  110.841240  111.364548  111.887749  112.410828  112.933800  113.435738  113.456573  114.263763  115.069893  115.875023  119.885567  123.870720  131.764832  139.559326  147.153122  154.376663  161.221481  167.681046  173.133286 -999.000000 -999.000000 -999.000000 -999.000000
  114.181114  114.548714  115.161301  115.773796  116.386200  116.998505  117.610710  118.222824  118.810356  118.834793  119.358315  119.881676  120.404930  120.928078  121.451103  121.953102  121.973930  122.781273  123.587555  124.392830  128.404099  132.389954  140.285416  148.081146  155.676071  162.900650  169.746414  176.206741  181.659592  186.472534 -999.000000 -999.000000 -999.000000
  122.695862  123.063492  123.676140  124.288689  124.901146  125.513504  126.125763  126.737930  127.325523  127.349960  127.873543  128.396973  128.920288  129.443497  129.966583  130.468643  130.489471  131.296982  132.103424  132.908859  136.920929  140.907562  148.804504  156.601624  164.197861  171.423660  178.270523  184.731827  190.185532  194.999023 -999.000000 -999.000000 -999.000000
  131.208557  131.576233  132.188934  132.801544  133.414062  134.026474  134.638794  135.251022  135.838669  135.863113  136.386765  136.910263  137.433655  137.956924  138.480087  138.982208  139.003036  139.810730  140.617340  141.422958  145.435883  149.423370  157.321960  165.120621  172.718307  179.945496  186.793655  193.256119  198.710907  203.525223  207.809998 -999.000000 -999.000000
  139.719055  140.086761  140.699524  141.312210  141.924789  142.537262  143.149658  143.761948  144.349655  144.374084  144.897812  145.421387  145.944855  146.468201  146.991425  147.493622  147.514465  148.322342  149.129150  149.934952  153.948822  157.937225  165.837585  173.637955  181.237259  188.466003  195.315643  201.779449  207.235580  212.050995  216.336472 -999.000000 -999.000000
  148.227173  148.594925  149.207764  149.820511  150.433151  151.045700  151.658157  152.270523  152.858292  152.882736  153.406540  153.930191  154.453735  154.977158  155.500473  156.002747  156.023590  156.831665  157.638687  158.444687  162.459564  166.448959  174.351257  182.153458  189.754547  196.985016  203.836304  210.301682  215.759384  220.576157  224.862640  228.568619 -999.000000
 -999.000000 -999.000000 -999.000000 -999.000000 -999.000000 -999.000000 -999.000000 -999.000000 -999.000000 -999.000000 -999.000000 -999.000000 -999.000000 -999.000000 -999.000000 -999.000000 -999.000000 -999.000000 -999.000000 -999.000000  170.967957  174.958420  182.862793  190.666992  198.270004  205.502380  212.355515  218.822647  224.282135  229.100571  233.388367  237.095123 -999.000000
 -999.000000 -999.000000 -999.000000 -999.000000 -999.000000 -999.000000 -999.000000 -999.000000 -999.000000 -999.000000 -999.000000 -999.000000 -999.000000 -999.000000 -999.000000 -999.000000 -999.000000 -999.000000 -999.000000 -999.000000 -999.000000 -999.000000 -999.000000  207.687439  215.294800  222.531464  229.388824  235.860062  241.323883  246.146423  250.437805  254.147247  257.191315
 -999.000000 -999.000000 -999.000000 -999.000000 -999.000000 -999.000000 -999.000000 -999.000000 -999.000000 -999.000000 -999.000000 -999.000000 -999.000000 -999.000000 -999.000000 -999.000000 -999.000000 -999.000000 -999.000000 -999.000000 -999.000000 -999.000000 -999.000000 -999.000000 -999.000000  239.551971  246.414276  252.890396  258.359497  263.187256  267.483459  271.197083  274.243988
 -999.000000 -999.000000 -999.000000 -999.000000 -999.000000 -999.000000 -999.000000 -999.000000 -999.000000 -999.000000 -999.000000 -999.000000 -999.000000 -999.000000 -999.000000 -999.000000 -999.000000 -999.000000 -999.000000 -999.000000 -999.000000 -999.000000 -999.000000 -999.000000 -999.000000 -999.000000 -999.000000  269.912323  275.387665  280.221710  284.524017  288.243286  291.294861
 -999.000000 -999.000000 -999.000000 -999.000000 -999.000000 -999.000000 -999.000000 -999.000000 -999.000000 -999.000000 -999.000000 -999.000000 -999.000000 -999.000000 -999.000000 -999.000000 -999.000000 -999.000000 -999.000000 -999.000000 -999.000000 -999.000000 -999.000000 -999.000000 -999.000000 -999.000000 -999.000000 -999.000000  292.407074  297.248505  301.558167  305.284546  308.342651
 -999.000000 -999.000000 -999.000000 -999.000000 -999.000000 -999.000000 -999.000000 -999.000000 -999.000000 -999.000000 -999.000000 -999.000000 -999.000000 -999.000000 -999.000000 -999.000000 -999.000000 -999.000000 -999.000000 -999.000000 -999.000000 -999.000000 -999.000000 -999.000000 -999.000000 -999.000000 -999.000000 -999.000000 -999.000000 -999.000000  318.584534  322.319519  325.386017
 -999.000000 -999.000000 -999.000000 -999.000000 -999.000000 -999.000000 -999.000000 -999.000000 -999.000000 -999.000000 -999.000000 -999.000000 -999.000000 -999.000000 -999.000000 -999.000000 -999.000000 -999.000000 -999.000000 -999.000000 -999.000000 -999.000000 -999.000000 -999.000000 -999.000000 -999.000000 -999.000000 -999.000000 -999.000000 -999.000000 -999.000000  339.346863  342.423584
 -999.000000 -999.000000 -999.000000 -999.000000 -999.000000 -999.000000 -999.000000 -999.000000 -999.000000 -999.000000 -999.000000 -999.000000 -999.000000 -999.000000 -999.000000 -999.000000 -999.000000 -999.000000 -999.000000 -999.000000 -999.000000 -999.000000 -999.000000 -999.000000 -999.000000 -999.000000 -999.000000 -999.000000 -999.000000 -999.000000 -999.000000  356.365234  359.454041
 -999.000000 -999.000000 -999.000000 -999.000000 -999.000000 -999.000000 -999.000000 -999.000000 -999.000000 -999.000000 -999.000000 -999.000000 -999.000000 -999.000000 -999.000000 -999.000000 -999.000000 -999.000000 -999.000000 -999.000000 -999.000000 -999.000000 -999.000000 -999.000000 -999.000000 -999.000000 -999.000000 -999.000000 -999.000000 -999.000000 -999.000000 -999.000000  376.475952
#
# dtdd (rows - delta, columns - depth)
#
   17.053207   17.053207   17.053209   17.053209 -999.000000 -999.000000 -999.000000 -999.000000 -999.000000 -999.000000 -999.000000 -999.000000 -999.000000 -999.000000 -999.000000 -999.000000 -999.000000 -999.000000 -999.000000 -999.000000 -999.000000 -999.000000 -999.000000 -999.000000 -999.000000 -999.000000 -999.000000 -999.000000 -999.000000 -999.000000 -999.000000 -999.000000 -999.000000
   17.053156   17.053158   17.053164   17.053167   17.053173   17.053177   17.053181   17.053185   17.053188   17.053188   17.053192   17.053194   17.053198   17.053200   17.053204   17.053204   17.053205   17.053207 -999.000000 -999.000000 -999.000000 -999.000000 -999.000000 -999.000000 -999.000000 -999.000000 -999.000000 -999.000000 -999.000000 -999.000000 -999.000000 -999.000000 -999.000000
   17.052807   17.052814   17.052828   17.052843   17.052856   17.052870   17.052883   17.052896   17.052908   17.052908   17.052923   17.052937   17.052950   17.052965   17.052977   17.052990   17.052990   17.053022   17.053051   17.053078   17.053175   17.053209 -999.000000 -999.000000 -999.000000 -999.000000 -999.000000 -999.000000 -999.000000 -999.000000 -999.000000 -999.000000 -999.000000
   17.052132   17.052147   17.052170   17.052193   17.052216   17.052238   17.052259   17.052282   17.052303   17.052303   17.052330   17.052355   17.052380   17.052402   17.052427   17.052450   17.052450   17.052509   17.052567   17.052622   17.052862   17.053041   17.053207 -999.000000 -999.000000 -999.000000 -999.000000 -999.000000 -999.000000 -999.000000 -999.000000 -999.000000 -999.000000
   17.051132   17.051153   17.051186   17.051216   17.051249   17.051281   17.051311   17.051344   17.051373   17.051374   17.051411   17.051447   17.051481   17.051517   17.051552   17.051584   17.051586   17.051674   17.051760   17.051842   17.052225   17.052549   17.053009   17.053204 -999.000000 -999.000000 -999.000000 -999.000000 -999.000000 -999.000000 -999.000000 -999.000000 -999.000000
   17.049809   17.049833   17.049875   17.049917   17.049957   17.049999   17.050039   17.050079   17.050119   17.050121   17.050167   17.050213   17.050261   17.050306   17.050352   17.050394   17.050396   17.050512   17.050627   17.050737   17.051262   17.051731   17.052488   17.052986   17.053204 -999.000000 -999.000000 -999.000000 -999.000000 -999.000000 -999.000000 -999.000000 -999.000000
   17.048161   17.048191   17.048243   17.048292   17.048342   17.048393   17.048443   17.048492   17.048540   17.048542   17.048599   17.048656   17.048714   17.048771   17.048826   17.048880   17.048882   17.049026   17.049168   17.049307   17.049974   17.050589   17.051641   17.052443   17.052977   17.053205 -999.000000 -999.000000 -999.000000 -999.000000 -999.000000 -999.000000 -999.000000
   17.046188   17.046225   17.046284   17.046343   17.046402   17.046463   17.046520   17.046579   17.046637   17.046638   17.046707   17.046776   17.046843   17.046909   17.046978   17.047041   17.047045   17.047216   17.047386   17.047554   17.048363   17.049120   17.050468   17.051575   17.052427   17.052994   17.053209 -999.000000 -999.000000 -999.000000 -999.000000 -999.000000 -999.000000
   17.043890   17.043932   17.044001   17.044069   17.044138   17.044207   17.044275   17.044342   17.044407   17.044411   17.044489   17.044569   17.044647   17.044725   17.044804   17.044878   17.044880   17.045080   17.045279   17.045475   17.046427   17.047327   17.048971   17.050381   17.051550   17.052458   17.053036 -999.000000 -999.000000 -999.000000 -999.000000 -999.000000 -999.000000
   17.041264   17.041311   17.041389   17.041468   17.041546   17.041624   17.041700   17.041779   17.041853   17.041855   17.041945   17.042034   17.042124   17.042213   17.042303   17.042387   17.042391   17.042620   17.042845   17.043070   17.044165   17.045210   17.047148   17.048862   17.050348   17.051596   17.052538   17.053099 -999.000000 -999.000000 -999.000000 -999.000000 -999.000000
   17.038311   17.038364   17.038452   17.038540   17.038626   17.038713   17.038799   17.038887   17.038969   17.038973   17.039074   17.039175   17.039274   17.039373   17.039474   17.039570   17.039574   17.039829   17.040085   17.040337   17.041574   17.042767   17.045000   17.047020   17.048822   17.050407   17.051716   17.052668   17.053186 -999.000000 -999.000000 -999.000000 -999.000000
   17.035032   17.035091   17.035187   17.035284   17.035379   17.035477   17.035572   17.035667   17.035759   17.035763   17.035875   17.035986   17.036097   17.036207   17.036318   17.036425   17.036428   17.036713   17.036997   17.037277   17.038658   17.039995   17.042526   17.044849   17.046970   17.048895   17.050566   17.051910   17.052906 -999.000000 -999.000000 -999.000000 -999.000000
   17.031429   17.031492   17.031599   17.031704   17.031809   17.031914   17.032019   17.032124   17.032225   17.032228   17.032351   17.032473   17.032595   17.032717   17.032839   17.032955   17.032959   17.033272   17.033583   17.033892   17.035414   17.036896   17.039724   17.042355   17.044792   17.047056   17.049091   17.050829   17.052299   17.053131 -999.000000 -999.000000 -999.000000
   17.027500   17.027571   17.027685   17.027800   17.027914   17.028028   17.028143   17.028255   17.028366   17.028370   17.028503   17.028635   17.028769   17.028900   17.029032   17.029160   17.029165   17.029505   17.029844   17.030182   17.031845   17.033470   17.036594   17.039530   17.042288   17.044891   17.047291   17.049421   17.051367   17.052744 -999.000000 -999.000000 -999.000000
   17.023247   17.023321   17.023445   17.023569   17.023693   17.023817   17.023939   17.024063   17.024181   17.024187   17.024330   17.024473   17.024616   17.024759   17.024902   17.025040   17.025045   17.025414   17.025780   17.026146   17.027952   17.029720   17.033136   17.036375   17.039454   17.042400   17.045164   17.047688   17.050108   17.052031   17.053110 -999.000000 -999.000000
   17.018669   17.018747   17.018881   17.019014   17.019146   17.019279   17.019411   17.019545   17.019670   17.019676   17.019831   17.019985   17.020140   17.020292   17.020447   17.020594   17.020599   17.020996   17.021391   17.021784   17.023731   17.025644   17.029354   17.032896   17.036291   17.039577   17.042709   17.045626   17.048523   17.050991   17.052696 -999.000000 -999.000000
   17.013763   17.013849   17.013990   17.014133   17.014275   17.014416   17.014559   17.014700   17.014835   17.014841   17.015007   17.015171   17.015335   17.015501   17.015665   17.015821   17.015829   17.016253   17.016676   17.017097   17.019186   17.021242   17.025248   17.029091   17.032803   17.036428   17.039927   17.043238   17.046610   17.049625   17.051954   17.053165 -999.000000
 -999.000000 -999.000000 -999.000000 -999.000000 -999.000000 -999.000000 -999.000000 -999.000000 -999.000000 -999.000000 -999.000000 -999.000000 -999.000000 -999.000000 -999.000000 -999.000000 -999.000000 -999.000000 -999.000000 -999.000000   17.014315   17.016514   17.020813   17.024960   17.028986   17.032951   17.036814   17.040520   17.044371   17.047934   17.050886   17.052832 -999.000000
 -999.000000 -999.000000 -999.000000 -999.000000 -999.000000 -999.000000 -999.000000 -999.000000 -999.000000 -999.000000 -999.000000 -999.000000 -999.000000 -999.000000 -999.000000 -999.000000 -999.000000 -999.000000 -999.000000 -999.000000 -999.000000 -999.000000 -999.000000   17.015715   17.020374   17.025015   17.029604   17.034096   17.038902   17.043564   17.047768   17.051188   17.053123
 -999.000000 -999.000000 -999.000000 -999.000000 -999.000000 -999.000000 -999.000000 -999.000000 -999.000000 -999.000000 -999.000000 -999.000000 -999.000000 -999.000000 -999.000000 -999.000000 -999.000000 -999.000000 -999.000000 -999.000000 -999.000000 -999.000000 -999.000000 -999.000000 -999.000000   17.015766   17.021082   17.026358   17.032112   17.037868   17.043333   17.048229   17.052002
 -999.000000 -999.000000 -999.000000 -999.000000 -999.000000 -999.000000 -999.000000 -999.000000 -999.000000 -999.000000 -999.000000 -999.000000 -999.000000 -999.000000 -999.000000 -999.000000 -999.000000 -999.000000 -999.000000 -999.000000 -999.000000 -999.000000 -999.000000 -999.000000 -999.000000 -999.000000 -999.000000   17.017302   17.024006   17.030851   17.037571   17.043953   17.049562
 -999.000000 -999.000000 -999.000000 -999.000000 -999.000000 -999.000000 -999.000000 -999.000000 -999.000000 -999.000000 -999.000000 -999.000000 -999.000000 -999.000000 -999.000000 -999.000000 -999.000000 -999.000000 -999.000000 -999.000000 -999.000000 -999.000000 -999.000000 -999.000000 -999.000000 -999.000000 -999.000000 -999.000000   17.014574   17.022509   17.030476   17.038340   17.045799
 -999.000000 -999.000000 -999.000000 -999.000000 -999.000000 -999.000000 -999.000000 -999.000000 -999.000000 -999.000000 -999.000000 -999.000000 -999.000000 -999.000000 -999.000000 -999.000000 -999.000000 -999.000000 -999.000000 -999.000000 -999.000000 -999.000000 -999.000000 -999.000000 -999.000000 -999.000000 -999.000000 -999.000000 -999.000000 -999.000000   17.022049   17.031384   17.040695
 -999.000000 -999.000000 -999.000000 -999.000000 -999.000000 -999.000000 -999.000000 -999.000000 -999.000000 -999.000000 -999.000000 -999.000000 -999.000000 -999.000000 -999.000000 -999.000000 -999.000000 -999.000000 -999.000000 -999.000000 -999.000000 -999.000000 -999.000000 -999.000000 -999.000000 -999.000000 -999.000000 -999.000000 -999.000000 -999.000000 -999.000000   17.023085   17.034229
 -999.000000 -999.000000 -999.000000 -999.000000 -999.000000 -999.000000 -999.000000 -999.000000 -999.000000 -999.000000 -999.000000 -999.000000 -999.000000 -999.000000 -999.000000 -999.000000 -999.000000 -999.000000 -999.000000 -999.000000 -999.000000 -999.000000 -999.000000 -999.000000 -999.000000 -999.000000 -999.000000 -999.000000 -999.000000 -999.000000 -999.000000   17.013432   17.026403
 -999.000000 -999.000000 -999.000000 -999.000000 -999.000000 -999.000000 -999.000000 -999.000000 -999.000000 -999.000000 -999.000000 -999.000000 -999.000000 -999.000000 -999.000000 -999.000000 -999.000000 -999.000000 -999.000000 -999.000000 -999.000000 -999.000000 -999.000000 -999.000000 -999.000000 -999.000000 -999.000000 -999.000000 -999.000000 -999.000000 -999.000000 -999.000000   17.017204
#
# dtdh (rows - delta, columns - depth)
#
    0.244956    0.244933    0.244895    0.244858 -999.000000 -999.000000 -999.000000 -999.000000 -999.000000 -999.000000 -999.000000 -999.000000 -999.000000 -999.000000 -999.000000 -999.000000 -999.000000 -999.000000 -999.000000 -999.000000 -999.000000 -999.000000 -999.000000 -999.000000 -999.000000 -999.000000 -999.000000 -999.000000 -999.000000 -999.000000 -999.000000 -999.000000 -999.000000
    0.244956    0.244934    0.244896    0.244858    0.244820    0.244782    0.244744    0.244706    0.244670    0.209276    0.209231    0.209187    0.209142    0.209097    0.209052    0.209009    0.161381    0.161183 -999.000000 -999.000000 -999.000000 -999.000000 -999.000000 -999.000000 -999.000000 -999.000000 -999.000000 -999.000000 -999.000000 -999.000000 -999.000000 -999.000000 -999.000000
    0.244958    0.244935    0.244898    0.244860    0.244822    0.244784    0.244746    0.244708    0.244671    0.209278    0.209233    0.209188    0.209144    0.209099    0.209054    0.209011    0.161383    0.161185    0.160987    0.160788    0.159788    0.158776 -999.000000 -999.000000 -999.000000 -999.000000 -999.000000 -999.000000 -999.000000 -999.000000 -999.000000 -999.000000 -999.000000
    0.244962    0.244939    0.244901    0.244863    0.244825    0.244787    0.244749    0.244711    0.244675    0.209282    0.209237    0.209192    0.209147    0.209103    0.209058    0.209014    0.161387    0.161189    0.160991    0.160792    0.159790    0.158778    0.156790 -999.000000 -999.000000 -999.000000 -999.000000 -999.000000 -999.000000 -999.000000 -999.000000 -999.000000 -999.000000
    0.244968    0.244945    0.244907    0.244869    0.244831    0.244793    0.244755    0.244717    0.244680    0.209288    0.209243    0.209198    0.209153    0.209108    0.209063    0.209020    0.161395    0.161197    0.160998    0.160799    0.159796    0.158782    0.156792    0.154803 -999.000000 -999.000000 -999.000000 -999.000000 -999.000000 -999.000000 -999.000000 -999.000000 -999.000000
    0.244975    0.244952    0.244914    0.244876    0.244838    0.244800    0.244762    0.244724    0.244687    0.209296    0.209251    0.209207    0.209162    0.209117    0.209071    0.209028    0.161405    0.161207    0.161008    0.160808    0.159805    0.158789    0.156797    0.154805    0.148154 -999.000000 -999.000000 -999.000000 -999.000000 -999.000000 -999.000000 -999.000000 -999.000000
    0.244984    0.244962    0.244923    0.244885    0.244847    0.244809    0.244771    0.244733    0.244696    0.209307    0.209262    0.209217    0.209172    0.209127    0.209082    0.209038    0.161418    0.161220    0.161020    0.160821    0.159816    0.158800    0.156805    0.154810    0.148156    0.140657 -999.000000 -999.000000 -999.000000 -999.000000 -999.000000 -999.000000 -999.000000
    0.244995    0.244973    0.244935    0.244896    0.244858    0.244820    0.244782    0.244743    0.244707    0.209319    0.209274    0.209229    0.209184    0.209139    0.209094    0.209051    0.161434    0.161235    0.161036    0.160836    0.159830    0.158813    0.156816    0.154819    0.148162    0.140659    0.133040 -999.000000 -999.000000 -999.000000 -999.000000 -999.000000 -999.000000
    0.245008    0.244986    0.244947    0.244909    0.244871    0.244833    0.244794    0.244756    0.244719    0.209334    0.209289    0.209244    0.209199    0.209154    0.209108    0.209065    0.161453    0.161254    0.161054    0.160854    0.159847    0.158829    0.156829    0.154830    0.148170    0.140665    0.133042 -999.000000 -999.000000 -999.000000 -999.000000 -999.000000 -999.000000
    0.245023    0.245000    0.244962    0.244924    0.244886    0.244847    0.244809    0.244771    0.244734    0.209351    0.209306    0.209261    0.209216    0.209170    0.209125    0.209082    0.161474    0.161275    0.161075    0.160875    0.159867    0.158848    0.156846    0.154844    0.148183    0.140674    0.133048    0.125272 -999.000000 -999.000000 -999.000000 -999.000000 -999.000000
    0.245040    0.245017    0.244979    0.244940    0.244902    0.244864    0.244825    0.244787    0.244750    0.209370    0.209325    0.209280    0.209235    0.209189    0.209144    0.209100    0.161498    0.161299    0.161099    0.160899    0.159890    0.158870    0.156866    0.154862    0.148198    0.140687    0.133058    0.125277    0.101287 -999.000000 -999.000000 -999.000000 -999.000000
    0.245058    0.245035    0.244997    0.244959    0.244920    0.244882    0.244844    0.244805    0.244768    0.209391    0.209346    0.209301    0.209256    0.209210    0.209165    0.209121    0.161526    0.161326    0.161126    0.160925    0.159916    0.158894    0.156889    0.154882    0.148217    0.140703    0.133071    0.125286    0.101291 -999.000000 -999.000000 -999.000000 -999.000000
    0.245078    0.245056    0.245017    0.244979    0.244941    0.244902    0.244864    0.244825    0.244788    0.209415    0.209370    0.209324    0.209279    0.209234    0.209188    0.209144    0.161556    0.161356    0.161156    0.160955    0.159944    0.158922    0.156915    0.154906    0.148239    0.140723    0.133088    0.125300    0.101301    0.091103 -999.000000 -999.000000 -999.000000
    0.245100    0.245078    0.245039    0.245001    0.244963    0.244924    0.244886    0.244847    0.244810    0.209440    0.209395    0.209350    0.209304    0.209259    0.209213    0.209170    0.161588    0.161388    0.161188    0.160987    0.159976    0.158953    0.156943    0.154933    0.148264    0.140747    0.133109    0.125318    0.101315    0.091110 -999.000000 -999.000000 -999.000000
    0.245124    0.245101    0.245063    0.245025    0.244986    0.244948    0.244909    0.244871    0.244834    0.209468    0.209423    0.209377    0.209332    0.209286    0.209241    0.209197    0.161624    0.161424    0.161223    0.161022    0.160010    0.158986    0.156975    0.154963    0.148292    0.140774    0.133134    0.125339    0.101335    0.091123    0.080108 -999.000000 -999.000000
    0.245150    0.245127    0.245089    0.245050    0.245012    0.244974    0.244935    0.244896    0.244859    0.209498    0.209452    0.209407    0.209362    0.209316    0.209270    0.209227    0.161662    0.161462    0.161261    0.161060    0.160047    0.159023    0.157010    0.154996    0.148324    0.140804    0.133162    0.125365    0.101360    0.091141    0.080117 -999.000000 -999.000000
    0.245178    0.245155    0.245116    0.245078    0.245039    0.245001    0.244962    0.244924    0.244887    0.209530    0.209484    0.209439    0.209393    0.209348    0.209302    0.209258    0.161703    0.161503    0.161302    0.161101    0.160087    0.159062    0.157048    0.155032    0.148359    0.140838    0.133194    0.125395    0.101390    0.091165    0.080132    0.067831 -999.000000
 -999.000000 -999.000000 -999.000000 -999.000000 -999.000000 -999.000000 -999.000000 -999.000000 -999.000000 -999.000000 -999.000000 -999.000000 -999.000000 -999.000000 -999.000000 -999.000000 -999.000000 -999.000000 -999.000000 -999.000000    0.160130    0.159104    0.157089    0.155071    0.148398    0.140875    0.133230    0.125429    0.101426    0.091196    0.080154    0.067839 -999.000000
 -999.000000 -999.000000 -999.000000 -999.000000 -999.000000 -999.000000 -999.000000 -999.000000 -999.000000 -999.000000 -999.000000 -999.000000 -999.000000 -999.000000 -999.000000 -999.000000 -999.000000 -999.000000 -999.000000 -999.000000 -999.000000 -999.000000 -999.000000    0.155158    0.148484    0.140961    0.133314    0.125509    0.101512    0.091273    0.080218    0.067880    0.053388
 -999.000000 -999.000000 -999.000000 -999.000000 -999.000000 -999.000000 -999.000000 -999.000000 -999.000000 -999.000000 -999.000000 -999.000000 -999.000000 -999.000000 -999.000000 -999.000000 -999.000000 -999.000000 -999.000000 -999.000000 -999.000000 -999.000000 -999.000000 -999.000000 -999.000000    0.141060    0.133412    0.125606    0.101618    0.091375    0.080310    0.067953    0.053424
 -999.000000 -999.000000 -999.000000 -999.000000 -999.000000 -999.000000 -999.000000 -999.000000 -999.000000 -999.000000 -999.000000 -999.000000 -999.000000 -999.000000 -999.000000 -999.000000 -999.000000 -999.000000 -999.000000 -999.000000 -999.000000 -999.000000 -999.000000 -999.000000 -999.000000 -999.000000 -999.000000    0.125719    0.101745    0.091499    0.080428    0.068058    0.053502
 -999.000000 -999.000000 -999.000000 -999.000000 -999.000000 -999.000000 -999.000000 -999.000000 -999.000000 -999.000000 -999.000000 -999.000000 -999.000000 -999.000000 -999.000000 -999.000000 -999.000000 -999.000000 -999.000000 -999.000000 -999.000000 -999.000000 -999.000000 -999.000000 -999.000000 -999.000000 -999.000000 -999.000000    0.101893    0.091647    0.080573    0.068197    0.053622
 -999.000000 -999.000000 -999.000000 -999.000000 -999.000000 -999.000000 -999.000000 -999.000000 -999.000000 -999.000000 -999.000000 -999.000000 -999.000000 -999.000000 -999.000000 -999.000000 -999.000000 -999.000000 -999.000000 -999.000000 -999.000000 -999.000000 -999.000000 -999.000000 -999.000000 -999.000000 -999.000000 -999.000000 -999.000000 -999.000000    0.080746    0.068368    0.053785
 -999.000000 -999.000000 -999.000000 -999.000000 -999.000000 -999.000000 -999.000000 -999.000000 -999.000000 -999.000000 -999.000000 -999.000000 -999.000000 -999.000000 -999.000000 -999.000000 -999.000000 -999.000000 -999.000000 -999.000000 -999.000000 -999.000000 -999.000000 -999.000000 -999.000000 -999.000000 -999.000000 -999.000000 -999.000000 -999.000000 -999.000000    0.068571    0.053990
 -999.000000 -999.000000 -999.000000 -999.000000 -999.000000 -999.000000 -999.000000 -999.000000 -999.000000 -999.000000 -999.000000 -999.000000 -999.000000 -999.000000 -999.000000 -999.000000 -999.000000 -999.000000 -999.000000 -999.000000 -999.000000 -999.000000 -999.000000 -999.000000 -999.000000 -999.000000 -999.000000 -999.000000 -999.000000 -999.000000 -999.000000    0.068807    0.054237
 -999.000000 -999.000000 -999.000000 -999.000000 -999.000000 -999.000000 -999.000000 -999.000000 -999.000000 -999.000000 -999.000000 -999.000000 -999.000000 -999.000000 -999.000000 -999.000000 -999.000000 -999.000000 -999.000000 -999.000000 -999.000000 -999.000000 -999.000000 -999.000000 -999.000000 -999.000000 -999.000000 -999.000000 -999.000000 -999.000000 -999.000000 -999.000000    0.054525
#
# bounce point delta (rows - delta, columns - depth)
#
    0.018609    0.013195    0.085426    0.039796 -999.000000 -999.000000 -999.000000 -999.000000 -999.000000 -999.000000 -999.000000 -999.000000 -999.000000 -999.000000 -999.000000 -999.000000 -999.000000 -999.000000 -999.000000 -999.000000 -999.000000 -999.000000 -999.000000 -999.000000 -999.000000 -999.000000 -999.000000 -999.000000 -999.000000 -999.000000 -999.000000 -999.000000 -999.000000
    0.018609    0.013195    0.085425    0.039795    0.170834    0.065497    0.261076    0.100378    0.114075    0.353040    0.132287    0.000000    0.163439    0.000000    0.198601    0.215697    0.000000    0.000000 -999.000000 -999.000000 -999.000000 -999.000000 -999.000000 -999.000000 -999.000000 -999.000000 -999.000000 -999.000000 -999.000000 -999.000000 -999.000000 -999.000000 -999.000000
    0.018607    0.013195    0.085416    0.039794    0.170816    0.065494    0.261060    0.100376    0.114072    0.352087    0.132284    0.000000    0.163436    0.000000    0.198598    0.215693    0.000000    0.000000    0.000000    0.000000    0.000000    0.000000 -999.000000 -999.000000 -999.000000 -999.000000 -999.000000 -999.000000 -999.000000 -999.000000 -999.000000 -999.000000 -999.000000
    0.018602    0.013194    0.085397    0.039791    0.170779    0.065489    0.261026    0.100371    0.114067    0.351139    0.132277    0.000000    0.163429    0.000000    0.198589    0.215683    0.000000    0.000000    0.000000    0.000000    0.000000    0.000000    0.000000 -999.000000 -999.000000 -999.000000 -999.000000 -999.000000 -999.000000 -999.000000 -999.000000 -999.000000 -999.000000
    0.018596    0.013192    0.085370    0.039786    0.170724    0.065481    0.260975    0.100364    0.114059    0.350189    0.132267    0.000000    0.163417    0.000000    0.198574    0.215667    0.000000    0.000000    0.000000    0.000000    0.000000    0.000000    0.000000    0.000000 -999.000000 -999.000000 -999.000000 -999.000000 -999.000000 -999.000000 -999.000000 -999.000000 -999.000000
    0.018588    0.013190    0.085333    0.039780    0.170651    0.065471    0.260907    0.100354    0.114048    0.349238    0.132252    0.000000    0.163401    0.000000    0.198555    0.215646    0.000000    0.000000    0.000000    0.000000    0.000000    0.000000    0.000000    0.000000    0.000000 -999.000000 -999.000000 -999.000000 -999.000000 -999.000000 -999.000000 -999.000000 -999.000000
    0.018577    0.013187    0.085287    0.039773    0.170560    0.065458    0.260821    0.100342    0.114034    0.348282    0.132235    0.000000    0.163381    0.000000    0.198530    0.215619    0.000000    0.000000    0.000000    0.000000    0.000000    0.000000    0.000000    0.000000    0.000000    0.000000 -999.000000 -999.000000 -999.000000 -999.000000 -999.000000 -999.000000 -999.000000
    0.018565    0.013184    0.085233    0.039763    0.170450    0.065443    0.260718    0.100327    0.114018    0.347325    0.132213    0.000000    0.163357    0.000000    0.198499    0.215586    0.000000    0.000000    0.000000    0.000000    0.000000    0.000000    0.000000    0.000000    0.000000    0.000000    0.000000 -999.000000 -999.000000 -999.000000 -999.000000 -999.000000 -999.000000
    0.018551    0.013181    0.085169    0.039753    0.170322    0.065425    0.260599    0.100309    0.113998    0.346366    0.132188    0.000000    0.163329    0.000000    0.198464    0.215546    0.000000    0.000000    0.000000    0.000000    0.000000    0.000000    0.000000    0.000000    0.000000    0.000000    0.000000 -999.000000 -999.000000 -999.000000 -999.000000 -999.000000 -999.000000
    0.018534    0.013177    0.085096    0.039741    0.170176    0.065404    0.260463    0.100289    0.113976    0.345403    0.132159    0.000000    0.163296    0.000000    0.198423    0.215502    0.000000    0.000000    0.000000    0.000000    0.000000    0.000000    0.000000    0.000000    0.000000    0.000000    0.000000    0.000000 -999.000000 -999.000000 -999.000000 -999.000000 -999.000000
    0.018516    0.013172    0.085015    0.039727    0.170012    0.065381    0.260310    0.100267    0.113950    0.344437    0.132126    2.215467    0.163259    0.000000    0.198377    0.215451    0.000000    0.000000    0.000000    0.000000    0.000000    0.000000    0.000000    0.000000    0.000000    0.000000    0.000000    0.000000    0.000000 -999.000000 -999.000000 -999.000000 -999.000000
    0.018496    0.013167    0.084925    0.039712    0.169830    0.065356    0.260141    0.100241    0.113922    0.343468    0.132090    1.726415    0.163218    0.000000    0.198325    0.215394    0.000000    0.000000    0.000000    0.000000    0.000000    0.000000    0.000000    0.000000    0.000000    0.000000    0.000000    0.000000    0.000000 -999.000000 -999.000000 -999.000000 -999.000000
    0.018473    0.013161    0.084826    0.039695    0.169630    0.065327    0.259957    0.100214    0.113891    0.342497    0.132050    1.489952    0.163173    0.000000    0.198268    0.215331    0.000000    0.000000    0.000000    0.000000    0.000000    0.000000    0.000000    0.000000    0.000000    0.000000    0.000000    0.000000    0.000000    0.000000 -999.000000 -999.000000 -999.000000
    0.018449    0.013155    0.084719    0.039677    0.169413    0.065296    0.259757    0.100184    0.113858    0.341524    0.132006    1.339502    0.163124    0.000000    0.198206    0.215263    0.000000    0.000000    0.000000    0.000000    0.000000    0.000000    0.000000    0.000000    0.000000    0.000000    0.000000    0.000000    0.000000    0.000000 -999.000000 -999.000000 -999.000000
    0.018423    0.013148    0.084603    0.039657    0.169179    0.065263    0.259542    0.100151    0.113821    0.340549    0.131958    1.236777    0.163070    2.873436    0.198138    0.215189    0.000000    0.000000    0.000000    0.000000    0.000000    0.000000    0.000000    0.000000    0.000000    0.000000    0.000000    0.000000    0.000000    0.000000    0.000000 -999.000000 -999.000000
    0.018394    0.013141    0.084478    0.039636    0.168928    0.065227    0.259313    0.100116    0.113782    0.339571    0.131907    1.156167    0.163012    2.364125    0.198065    0.215109    0.000000    0.000000    0.000000    0.000000    0.000000    0.000000    0.000000    0.000000    0.000000    0.000000    0.000000    0.000000    0.000000    0.000000    0.000000 -999.000000 -999.000000
    0.018364    0.013134    0.084346    0.039613    0.168660    0.065188    0.259069    0.100078    0.113739    0.338590    0.131852    1.092445    0.162950    2.094960    0.197987    0.215023    0.000000    0.000000    0.000000    0.000000    0.000000    0.000000    0.000000    0.000000    0.000000    0.000000    0.000000    0.000000    0.000000    0.000000    0.000000    0.000000 -999.000000
 -999.000000 -999.000000 -999.000000 -999.000000 -999.000000 -999.000000 -999.000000 -999.000000 -999.000000 -999.000000 -999.000000 -999.000000 -999.000000 -999.000000 -999.000000 -999.000000 -999.000000 -999.000000 -999.000000 -999.000000    0.000000    0.000000    0.000000    0.000000    0.000000    0.000000    0.000000    0.000000    0.000000    0.000000    0.000000    0.000000 -999.000000
 -999.000000 -999.000000 -999.000000 -999.000000 -999.000000 -999.000000 -999.000000 -999.000000 -999.000000 -999.000000 -999.000000 -999.000000 -999.000000 -999.000000 -999.000000 -999.000000 -999.000000 -999.000000 -999.000000 -999.000000 -999.000000 -999.000000 -999.000000    0.000000    0.000000    0.000000    0.000000    0.000000    0.000000    0.000000    0.000000    0.000000    0.000000
 -999.000000 -999.000000 -999.000000 -999.000000 -999.000000 -999.000000 -999.000000 -999.000000 -999.000000 -999.000000 -999.000000 -999.000000 -999.000000 -999.000000 -999.000000 -999.000000 -999.000000 -999.000000 -999.000000 -999.000000 -999.000000 -999.000000 -999.000000 -999.000000 -999.000000    0.000000    0.000000    0.000000    0.000000    0.000000    0.000000    0.000000    0.000000
 -999.000000 -999.000000 -999.000000 -999.000000 -999.000000 -999.000000 -999.000000 -999.000000 -999.000000 -999.000000 -999.000000 -999.000000 -999.000000 -999.000000 -999.000000 -999.000000 -999.000000 -999.000000 -999.000000 -999.000000 -999.000000 -999.000000 -999.000000 -999.000000 -999.000000 -999.000000 -999.000000    0.000000    0.000000    0.000000    0.000000    0.000000    0.000000
 -999.000000 -999.000000 -999.000000 -999.000000 -999.000000 -999.000000 -999.000000 -999.000000 -999.000000 -999.000000 -999.000000 -999.000000 -999.000000 -999.000000 -999.000000 -999.000000 -999.000000 -999.000000 -999.000000 -999.000000 -999.000000 -999.000000 -999.000000 -999.000000 -999.000000 -999.000000 -999.000000 -999.000000    0.000000    0.000000    0.000000    0.000000    0.000000
 -999.000000 -999.000000 -999.000000 -999.000000 -999.000000 -999.000000 -999.000000 -999.000000 -999.000000 -999.000000 -999.000000 -999.000000 -999.000000 -999.000000 -999.000000 -999.000000 -999.000000 -999.000000 -999.000000 -999.000000 -999.000000 -999.000000 -999.000000 -999.000000 -999.000000 -999.000000 -999.000000 -999.000000 -999.000000 -999.000000    0.000000    0.000000    0.000000
 -999.000000 -999.000000 -999.000000 -999.000000 -999.000000 -999.000000 -999.000000 -999.000000 -999.000000 -999.000000 -999.000000 -999.000000 -999.000000 -999.000000 -999.000000 -999.000000 -999.000000 -999.000000 -999.000000 -999.000000 -999.000000 -999.000000 -999.000000 -999.000000 -999.000000 -999.000000 -999.000000 -999.000000 -999.000000 -999.000000 -999.000000    0.000000    0.000000
 -999.000000 -999.000000 -999.000000 -999.000000 -999.000000 -999.000000 -999.000000 -999.000000 -999.000000 -999.000000 -999.000000 -999.000000 -999.000000 -999.000000 -999.000000 -999.000000 -999.000000 -999.000000 -999.000000 -999.000000 -999.000000 -999.000000 -999.000000 -999.000000 -999.000000 -999.000000 -999.000000 -999.000000 -999.000000 -999.000000 -999.000000    0.000000    0.000000
 -999.000000 -999.000000 -999.000000 -999.000000 -999.000000 -999.000000 -999.000000 -999.000000 -999.000000 -999.000000 -999.000000 -999.000000 -999.000000 -999.000000 -999.000000 -999.000000 -999.000000 -999.000000 -999.000000 -999.000000 -999.000000 -999.000000 -999.000000 -999.000000 -999.000000 -999.000000 -999.000000 -999.000000 -999.000000 -999.000000 -999.000000 -999.000000    0.000000
#
# ak135 travel-time table for sPb
#
