#
# ak135 travel-time table for PKKPab
#
# number of distance and depth samples
24 37
# delta samples
104.000 105.000 106.000 107.000 108.000 109.000 110.000 111.000 112.000 113.000 114.000 115.000 116.000 117.000 118.000 119.000 120.000 121.000 122.000 123.000 124.000 125.000 126.000 127.000 
# depth samples
    0.000000    1.000000    2.500000    5.000000    7.500000   10.000000   12.500000   15.000000   17.500000   19.900000   20.000000   22.500000   25.000000   27.500000   30.000000   32.500000   34.900000   35.000000   40.000000   45.000000   50.000000   75.000000  100.000000  150.000000  200.000000  250.000000  300.000000  350.000000  400.000000  450.000000  500.000000  550.000000  600.000000  650.000000  700.000000  750.000000  800.000000
#
# travel times (rows - delta, columns - depth)
#
 1813.356201 1813.188477 1812.936890 1812.517700 1812.098389 1811.679199 1811.259888 1810.840698 1810.421509 1810.019043 1810.002319 1809.630981 1809.259644 1808.888306 1808.517090 1808.145752 1807.789429 1807.774536 1807.186035 1806.597778 1806.009521 1803.069702 1800.132568 1794.286011 1788.547241 -999.000000 -999.000000 -999.000000 -999.000000 -999.000000 -999.000000 -999.000000 -999.000000 -999.000000 -999.000000 -999.000000 -999.000000
 1808.910767 1808.743042 1808.491577 1808.072266 1807.652954 1807.233765 1806.814453 1806.395264 1805.976074 1805.573608 1805.556885 1805.185547 1804.814209 1804.442871 1804.071655 1803.700317 1803.343994 1803.329102 1802.740601 1802.152222 1801.563965 1798.624268 1795.687134 1789.840454 1784.101685 1778.487427 1773.015625 1767.682129 1762.482300 1757.576904 -999.000000 -999.000000 -999.000000 -999.000000 -999.000000 -999.000000 -999.000000
 1804.466064 1804.298340 1804.046753 1803.627441 1803.208252 1802.788940 1802.369751 1801.950439 1801.531250 1801.128784 1801.112061 1800.740723 1800.369385 1799.998047 1799.626831 1799.255493 1798.899048 1798.884277 1798.295776 1797.707397 1797.119141 1794.179321 1791.242065 1785.395386 1779.656372 1774.042114 1768.570312 1763.236694 1758.036743 1753.131226 1748.378662 1743.733765 1739.193848 1734.756958 -999.000000 -999.000000 -999.000000
 1800.022339 1799.854614 1799.603027 1799.183716 1798.764526 1798.345215 1797.925903 1797.506714 1797.087524 1796.685059 1796.668213 1796.296875 1795.925659 1795.554321 1795.182983 1794.811768 1794.455322 1794.440552 1793.851929 1793.263550 1792.675293 1789.735352 1786.798096 1780.951172 1775.212036 1769.597534 1764.125610 1758.791748 1753.591675 1748.686035 1743.933472 1739.288330 1734.748413 1730.311401 1726.210815 1722.246704 1718.349365
 1795.580200 1795.412476 1795.160889 1794.741577 1794.322266 1793.902954 1793.483765 1793.064453 1792.645264 1792.242798 1792.226074 1791.854614 1791.483276 1791.112061 1790.740723 1790.369385 1790.012939 1789.998169 1789.409668 1788.821167 1788.232910 1785.292847 1782.355347 1776.508179 1770.768799 1765.154175 1759.681885 1754.347900 1749.147583 1744.241699 1739.488892 1734.843506 1730.303345 1725.866211 1721.765503 1717.801270 1713.903809
 1791.140015 1790.972290 1790.720703 1790.301392 1789.882080 1789.462769 1789.043579 1788.624268 1788.205078 1787.802490 1787.785767 1787.414429 1787.043091 1786.671753 1786.300415 1785.929077 1785.572632 1785.557861 1784.969238 1784.380859 1783.792480 1780.852295 1777.914673 1772.067139 1766.327393 1760.712402 1755.239746 1749.905396 1744.704834 1739.798706 1735.045410 1730.399780 1725.859375 1721.421997 1717.320923 1713.356445 1709.458740
 1786.702515 1786.534790 1786.283203 1785.863892 1785.444580 1785.025269 1784.605957 1784.186646 1783.767456 1783.364868 1783.348145 1782.976807 1782.605469 1782.234009 1781.862671 1781.491455 1781.134888 1781.120117 1780.531494 1779.942993 1779.354614 1776.414185 1773.476318 1767.628418 1761.888306 1756.272827 1750.799805 1745.464966 1740.263916 1735.357300 1730.603638 1725.957642 1721.416748 1716.979004 1712.877563 1708.912598 1705.014648
 1782.268311 1782.100464 1781.848877 1781.429565 1781.010254 1780.590942 1780.171631 1779.752319 1779.333008 1778.930542 1778.913696 1778.542358 1778.170898 1777.799561 1777.428223 1777.056885 1776.700439 1776.685547 1776.096924 1775.508301 1774.919922 1771.979126 1769.041016 1763.192627 1757.451904 1751.835938 1746.362427 1741.027100 1735.825439 1730.918335 1726.164062 1721.517578 1716.976074 1712.537720 1708.435791 1704.470337 1700.571899
 1777.837891 1777.670166 1777.418579 1776.999268 1776.579834 1776.160522 1775.741211 1775.321899 1774.902466 1774.500000 1774.483276 1774.111816 1773.740356 1773.369019 1772.997559 1772.626221 1772.269775 1772.254883 1771.666138 1771.077515 1770.489014 1767.547974 1764.609619 1758.760498 1753.019165 1747.402466 1741.928223 1736.592285 1731.390015 1726.482178 1721.727295 1717.080078 1712.537964 1708.098877 1703.996216 1700.030151 1696.130981
 1773.412354 1773.244629 1772.992920 1772.573608 1772.154175 1771.734863 1771.315430 1770.896118 1770.476807 1770.074219 1770.057495 1769.686035 1769.314575 1768.943115 1768.571655 1768.200317 1767.843750 1767.828979 1767.240112 1766.651367 1766.062866 1763.121460 1760.182617 1754.332764 1748.590576 1742.973145 1737.498169 1732.161377 1726.958252 1722.049561 1717.293823 1712.645752 1708.102905 1703.662964 1699.559448 1695.592407 1691.692505
 1768.992432 1768.824707 1768.572998 1768.153564 1767.734131 1767.314697 1766.895386 1766.475952 1766.056641 1765.654053 1765.637207 1765.265747 1764.894287 1764.522827 1764.151367 1763.779907 1763.423340 1763.408569 1762.819580 1762.230835 1761.642090 1758.700195 1755.760986 1749.910156 1744.167114 1738.548828 1733.072754 1727.735107 1722.531006 1717.621338 1712.864624 1708.215454 1703.671509 1699.230713 1695.126099 1691.158081 1687.257080
 1764.579102 1764.411377 1764.159668 1763.740234 1763.320679 1762.901245 1762.481812 1762.062378 1761.642944 1761.240356 1761.223633 1760.852051 1760.480591 1760.109009 1759.737549 1759.366089 1759.009399 1758.994629 1758.405640 1757.816650 1757.227905 1754.285522 1751.345703 1745.493774 1739.749634 1734.130249 1728.653198 1723.314209 1718.109131 1713.198242 1708.440308 1703.789917 1699.244751 1694.802734 1690.696777 1686.727539 1682.825317
 1760.173584 1760.005737 1759.754028 1759.334595 1758.915039 1758.495605 1758.076050 1757.656616 1757.237183 1756.834473 1756.817749 1756.446167 1756.074585 1755.703003 1755.331421 1754.959961 1754.603271 1754.588501 1753.999268 1753.410278 1752.821289 1749.878296 1746.937866 1741.084717 1735.339355 1729.718628 1724.240234 1718.900024 1713.693481 1708.781250 1704.021851 1699.369995 1694.823486 1690.380005 1686.272583 1682.301758 1678.398071
 1755.777222 1755.609497 1755.357666 1754.938110 1754.518555 1754.098999 1753.679565 1753.260010 1752.840454 1752.437744 1752.421021 1752.049316 1751.677734 1751.306030 1750.934448 1750.562866 1750.206177 1750.191406 1749.602051 1749.012817 1748.423828 1745.479980 1742.538818 1736.684204 1730.937256 1725.315063 1719.835083 1714.493286 1709.285278 1704.371338 1699.610229 1694.956787 1690.408569 1685.963379 1681.854248 1677.881592 1673.976074
 1751.391968 1751.224121 1750.972290 1750.552734 1750.133057 1749.713501 1749.293823 1748.874268 1748.454712 1748.051880 1748.035156 1747.663452 1747.291748 1746.920044 1746.548340 1746.176758 1745.819946 1745.805054 1745.215576 1744.626221 1744.036987 1741.092285 1738.150146 1732.293823 1726.545044 1720.921021 1715.439331 1710.095703 1704.885742 1699.969849 1695.206909 1690.551392 1686.001221 1681.554077 1677.442749 1673.468140 1669.560547
 1747.019775 1746.851929 1746.600098 1746.180420 1745.760742 1745.341064 1744.921387 1744.501709 1744.082031 1743.679199 1743.662476 1743.290649 1742.918823 1742.546997 1742.175293 1741.803589 1741.446655 1741.431885 1740.842163 1740.252563 1739.663086 1736.717285 1733.774170 1727.915649 1722.164795 1716.538574 1711.054565 1705.708740 1700.496582 1695.578491 1690.813110 1686.155396 1681.602783 1677.153320 1673.039551 1669.062378 1665.152344
 1742.663818 1742.495972 1742.244019 1741.824219 1741.404419 1740.984741 1740.564941 1740.145142 1739.725464 1739.322510 1739.305664 1738.933838 1738.561890 1738.190063 1737.818115 1737.446289 1737.089355 1737.074463 1736.484497 1735.894653 1735.304932 1732.357788 1729.413330 1723.552246 1717.798828 1712.169922 1706.683350 1701.334839 1696.119995 1691.199097 1686.430908 1681.770386 1677.214966 1672.762695 1668.645996 1664.665894 1660.752930
 1738.327881 1738.159912 1737.907959 1737.488037 1737.068115 1736.648315 1736.228394 1735.808472 1735.388672 1734.985596 1734.968750 1734.596802 1734.224731 1733.852661 1733.480713 1733.108765 1732.751587 1732.736816 1732.146484 1731.556274 1730.966309 1728.017578 1725.071411 1719.207031 1713.450439 1707.818359 1702.328491 1696.976807 1691.758667 1686.834351 1682.062744 1677.398804 1672.840088 1668.384399 1664.264160 1660.280518 1656.364136
 1734.017578 1733.849487 1733.597412 1733.177368 1732.757324 1732.337280 1731.917236 1731.497192 1731.077271 1730.674072 1730.657227 1730.285034 1729.912842 1729.540649 1729.168457 1728.796265 1728.439087 1728.424194 1727.833496 1727.242920 1726.652344 1723.701538 1720.753296 1714.884888 1709.124146 1703.487915 1697.994019 1692.638184 1687.416016 1682.487549 1677.711670 1673.043579 1668.480713 1664.020874 1659.896362 1655.908447 1651.987915
 1729.742432 1729.574341 1729.322144 1728.901855 1728.481567 1728.061401 1727.641113 1727.220825 1726.800659 1726.397217 1726.380371 1726.007935 1725.635498 1725.263062 1724.890625 1724.518311 1724.160767 1724.145874 1723.554565 1722.963379 1722.372314 1719.418457 1716.467285 1710.593140 1704.826782 1699.185181 1693.685913 1688.324707 1683.097290 1678.163330 1673.382202 1668.708862 1664.140747 1659.675903 1655.546021 1651.552856 1647.627197
 1725.526001 1725.357666 1725.105225 1724.684570 1724.263794 1723.843140 1723.422485 1723.001831 1722.581177 1722.177368 1722.160522 1721.787598 1721.414673 1721.041870 1720.668945 1720.296143 1719.938232 1719.923340 1719.330811 1718.738525 1718.146362 1715.187134 1712.230957 1706.347168 1700.571899 1694.921875 1689.414429 1684.045532 1678.810669 1673.869263 1669.080933 1664.400513 1659.825684 1655.354126 1651.217529 1647.217651 1643.285522
 -999.000000 -999.000000 -999.000000 -999.000000 -999.000000 -999.000000 -999.000000 -999.000000 -999.000000 -999.000000 -999.000000 -999.000000 -999.000000 -999.000000 -999.000000 -999.000000 -999.000000 -999.000000 -999.000000 -999.000000 -999.000000 -999.000000 -999.000000 -999.000000 -999.000000 -999.000000 1685.206909 1679.822510 1674.574097 1669.620239 1664.820312 1660.129272 1655.544556 1651.063721 1646.917847 1642.909058 1638.968506
 -999.000000 -999.000000 -999.000000 -999.000000 -999.000000 -999.000000 -999.000000 -999.000000 -999.000000 -999.000000 -999.000000 -999.000000 -999.000000 -999.000000 -999.000000 -999.000000 -999.000000 -999.000000 -999.000000 -999.000000 -999.000000 -999.000000 -999.000000 -999.000000 -999.000000 -999.000000 -999.000000 -999.000000 -999.000000 -999.000000 -999.000000 1655.924438 1651.319214 1646.821655 1642.660400 1638.637817 1634.684937
 -999.000000 -999.000000 -999.000000 -999.000000 -999.000000 -999.000000 -999.000000 -999.000000 -999.000000 -999.000000 -999.000000 -999.000000 -999.000000 -999.000000 -999.000000 -999.000000 -999.000000 -999.000000 -999.000000 -999.000000 -999.000000 -999.000000 -999.000000 -999.000000 -999.000000 -999.000000 -999.000000 -999.000000 -999.000000 -999.000000 -999.000000 -999.000000 -999.000000 -999.000000 -999.000000 -999.000000 1630.456421
#
# dtdd (rows - delta, columns - depth)
#
   -4.445592   -4.445593   -4.445594   -4.445595   -4.445596   -4.445598   -4.445599   -4.445600   -4.445601   -4.445602   -4.445602   -4.445604   -4.445605   -4.445607   -4.445608   -4.445609   -4.445611   -4.445611   -4.445614   -4.445617   -4.445620   -4.445633   -4.445645   -4.445662   -4.445669 -999.000000 -999.000000 -999.000000 -999.000000 -999.000000 -999.000000 -999.000000 -999.000000 -999.000000 -999.000000 -999.000000 -999.000000
   -4.445159   -4.445160   -4.445162   -4.445166   -4.445169   -4.445172   -4.445176   -4.445179   -4.445182   -4.445186   -4.445186   -4.445189   -4.445193   -4.445197   -4.445200   -4.445204   -4.445208   -4.445208   -4.445217   -4.445226   -4.445235   -4.445280   -4.445322   -4.445400   -4.445469   -4.445531   -4.445583   -4.445624   -4.445652   -4.445668 -999.000000 -999.000000 -999.000000 -999.000000 -999.000000 -999.000000 -999.000000
   -4.444314   -4.444316   -4.444319   -4.444325   -4.444331   -4.444336   -4.444342   -4.444347   -4.444353   -4.444359   -4.444359   -4.444365   -4.444372   -4.444378   -4.444384   -4.444390   -4.444396   -4.444396   -4.444413   -4.444428   -4.444444   -4.444521   -4.444596   -4.444741   -4.444879   -4.445009   -4.445133   -4.445248   -4.445352   -4.445447   -4.445529   -4.445593   -4.445640   -4.445665 -999.000000 -999.000000 -999.000000
   -4.443021   -4.443024   -4.443029   -4.443037   -4.443046   -4.443054   -4.443062   -4.443070   -4.443078   -4.443086   -4.443086   -4.443095   -4.443105   -4.443114   -4.443123   -4.443132   -4.443141   -4.443141   -4.443164   -4.443187   -4.443210   -4.443323   -4.443434   -4.443651   -4.443862   -4.444069   -4.444270   -4.444465   -4.444651   -4.444833   -4.445004   -4.445161   -4.445301   -4.445421   -4.445526   -4.445605   -4.445654
   -4.441239   -4.441243   -4.441250   -4.441261   -4.441272   -4.441282   -4.441293   -4.441304   -4.441315   -4.441326   -4.441326   -4.441339   -4.441350   -4.441363   -4.441375   -4.441387   -4.441399   -4.441400   -4.441431   -4.441461   -4.441492   -4.441644   -4.441794   -4.442091   -4.442383   -4.442672   -4.442958   -4.443240   -4.443515   -4.443792   -4.444061   -4.444316   -4.444558   -4.444782   -4.444999   -4.445193   -4.445357
   -4.438918   -4.438924   -4.438932   -4.438946   -4.438960   -4.438974   -4.438988   -4.439002   -4.439016   -4.439029   -4.439030   -4.439045   -4.439061   -4.439077   -4.439093   -4.439108   -4.439123   -4.439124   -4.439163   -4.439203   -4.439242   -4.439437   -4.439631   -4.440014   -4.440395   -4.440775   -4.441154   -4.441531   -4.441904   -4.442285   -4.442659   -4.443024   -4.443376   -4.443713   -4.444052   -4.444370   -4.444661
   -4.436000   -4.436007   -4.436018   -4.436035   -4.436052   -4.436069   -4.436087   -4.436104   -4.436121   -4.436138   -4.436139   -4.436158   -4.436178   -4.436197   -4.436216   -4.436236   -4.436255   -4.436255   -4.436305   -4.436354   -4.436402   -4.436646   -4.436888   -4.437367   -4.437847   -4.438327   -4.438808   -4.439291   -4.439772   -4.440266   -4.440757   -4.441241   -4.441714   -4.442175   -4.442647   -4.443101   -4.443530
   -4.432415   -4.432423   -4.432436   -4.432457   -4.432478   -4.432499   -4.432520   -4.432541   -4.432562   -4.432582   -4.432583   -4.432607   -4.432631   -4.432654   -4.432678   -4.432702   -4.432724   -4.432725   -4.432786   -4.432845   -4.432905   -4.433202   -4.433497   -4.434084   -4.434674   -4.435266   -4.435862   -4.436460   -4.437061   -4.437682   -4.438303   -4.438918   -4.439525   -4.440122   -4.440739   -4.441343   -4.441922
   -4.428078   -4.428088   -4.428103   -4.428129   -4.428154   -4.428179   -4.428205   -4.428230   -4.428255   -4.428279   -4.428280   -4.428309   -4.428338   -4.428366   -4.428394   -4.428423   -4.428450   -4.428452   -4.428523   -4.428595   -4.428667   -4.429024   -4.429380   -4.430089   -4.430801   -4.431518   -4.432242   -4.432972   -4.433706   -4.434468   -4.435233   -4.435995   -4.436750   -4.437498   -4.438277   -4.439047   -4.439792
   -4.422911   -4.422923   -4.422941   -4.422971   -4.423001   -4.423031   -4.423061   -4.423091   -4.423120   -4.423150   -4.423151   -4.423184   -4.423218   -4.423252   -4.423285   -4.423319   -4.423352   -4.423353   -4.423438   -4.423523   -4.423608   -4.424032   -4.424454   -4.425295   -4.426143   -4.427000   -4.427866   -4.428743   -4.429627   -4.430547   -4.431475   -4.432401   -4.433323   -4.434239   -4.435199   -4.436152   -4.437082
   -4.416811   -4.416825   -4.416846   -4.416881   -4.416916   -4.416952   -4.416987   -4.417022   -4.417057   -4.417091   -4.417092   -4.417132   -4.417171   -4.417212   -4.417251   -4.417291   -4.417329   -4.417330   -4.417430   -4.417531   -4.417630   -4.418129   -4.418625   -4.419617   -4.420617   -4.421628   -4.422654   -4.423691   -4.424740   -4.425835   -4.426942   -4.428051   -4.429160   -4.430266   -4.431428   -4.432589   -4.433725
   -4.409642   -4.409658   -4.409683   -4.409725   -4.409766   -4.409807   -4.409848   -4.409890   -4.409931   -4.409970   -4.409972   -4.410019   -4.410065   -4.410112   -4.410158   -4.410205   -4.410250   -4.410252   -4.410369   -4.410486   -4.410603   -4.411187   -4.411769   -4.412932   -4.414105   -4.415293   -4.416498   -4.417718   -4.418954   -4.420244   -4.421551   -4.422863   -4.424178   -4.425493   -4.426880   -4.428271   -4.429639
   -4.401184   -4.401204   -4.401233   -4.401282   -4.401330   -4.401379   -4.401428   -4.401477   -4.401525   -4.401572   -4.401574   -4.401629   -4.401684   -4.401739   -4.401794   -4.401849   -4.401902   -4.401904   -4.402042   -4.402181   -4.402319   -4.403009   -4.403696   -4.405066   -4.406448   -4.407845   -4.409260   -4.410693   -4.412141   -4.413655   -4.415191   -4.416734   -4.418282   -4.419831   -4.421470   -4.423116   -4.424740
   -4.391147   -4.391170   -4.391204   -4.391263   -4.391320   -4.391378   -4.391436   -4.391494   -4.391552   -4.391607   -4.391610   -4.391675   -4.391740   -4.391806   -4.391870   -4.391936   -4.391998   -4.392001   -4.392166   -4.392330   -4.392494   -4.393312   -4.394127   -4.395751   -4.397387   -4.399039   -4.400712   -4.402406   -4.404117   -4.405901   -4.407709   -4.409522   -4.411338   -4.413157   -4.415082   -4.417018   -4.418932
   -4.379142   -4.379169   -4.379211   -4.379281   -4.379350   -4.379419   -4.379489   -4.379558   -4.379628   -4.379694   -4.379697   -4.379775   -4.379853   -4.379931   -4.380010   -4.380088   -4.380163   -4.380166   -4.380363   -4.380559   -4.380756   -4.381735   -4.382709   -4.384649   -4.386600   -4.388567   -4.390558   -4.392570   -4.394600   -4.396716   -4.398856   -4.401001   -4.403149   -4.405297   -4.407564   -4.409841   -4.412088
   -4.364592   -4.364626   -4.364676   -4.364761   -4.364846   -4.364930   -4.365015   -4.365099   -4.365183   -4.365264   -4.365268   -4.365363   -4.365458   -4.365553   -4.365649   -4.365744   -4.365835   -4.365839   -4.366078   -4.366317   -4.366556   -4.367745   -4.368927   -4.371275   -4.373631   -4.376002   -4.378395   -4.380808   -4.383238   -4.385765   -4.388318   -4.390871   -4.393424   -4.395973   -4.398660   -4.401355   -4.404014
   -4.346722   -4.346763   -4.346826   -4.346930   -4.347034   -4.347137   -4.347241   -4.347344   -4.347448   -4.347548   -4.347552   -4.347669   -4.347786   -4.347903   -4.348020   -4.348136   -4.348248   -4.348253   -4.348547   -4.348840   -4.349133   -4.350593   -4.352041   -4.354918   -4.357800   -4.360698   -4.363620   -4.366561   -4.369514   -4.372574   -4.375654   -4.378727   -4.381790   -4.384841   -4.388049   -4.391260   -4.394420
   -4.324319   -4.324372   -4.324451   -4.324583   -4.324714   -4.324846   -4.324977   -4.325109   -4.325241   -4.325367   -4.325372   -4.325520   -4.325668   -4.325816   -4.325964   -4.326112   -4.326253   -4.326260   -4.326631   -4.327002   -4.327373   -4.329212   -4.331034   -4.334638   -4.338231   -4.341826   -4.345434   -4.349052   -4.352679   -4.356431   -4.360203   -4.363961   -4.367696   -4.371401   -4.375280   -4.379148   -4.382941
   -4.294870   -4.294941   -4.295048   -4.295226   -4.295403   -4.295581   -4.295758   -4.295936   -4.296113   -4.296282   -4.296289   -4.296489   -4.296688   -4.296886   -4.297085   -4.297284   -4.297474   -4.297482   -4.297980   -4.298477   -4.298972   -4.301425   -4.303841   -4.308582   -4.313265   -4.317909   -4.322531   -4.327130   -4.331707   -4.336409   -4.341105   -4.345754   -4.350356   -4.354910   -4.359669   -4.364406   -4.369033
   -4.252008   -4.252120   -4.252287   -4.252565   -4.252843   -4.253120   -4.253397   -4.253672   -4.253948   -4.254211   -4.254222   -4.254531   -4.254840   -4.255148   -4.255455   -4.255761   -4.256054   -4.256066   -4.256832   -4.257593   -4.258349   -4.262062   -4.265666   -4.272604   -4.279303   -4.285811   -4.292172   -4.298400   -4.304507   -4.310697   -4.316801   -4.322777   -4.328633   -4.334375   -4.340323   -4.346196   -4.351903
   -4.167778   -4.168083   -4.168537   -4.169286   -4.170025   -4.170756   -4.171479   -4.172194   -4.172900   -4.173571   -4.173598   -4.174378   -4.175148   -4.175909   -4.176661   -4.177405   -4.178112   -4.178141   -4.179959   -4.181731   -4.183459   -4.191629   -4.199154   -4.212773   -4.225094   -4.236476   -4.247067   -4.256917   -4.266181   -4.275247   -4.283927   -4.292212   -4.300158   -4.307804   -4.315593   -4.323169   -4.330437
 -999.000000 -999.000000 -999.000000 -999.000000 -999.000000 -999.000000 -999.000000 -999.000000 -999.000000 -999.000000 -999.000000 -999.000000 -999.000000 -999.000000 -999.000000 -999.000000 -999.000000 -999.000000 -999.000000 -999.000000 -999.000000 -999.000000 -999.000000 -999.000000 -999.000000 -999.000000   -4.146885   -4.177521   -4.198454   -4.216455   -4.232276   -4.246397   -4.259038   -4.270577   -4.281843   -4.292427   -4.302303
 -999.000000 -999.000000 -999.000000 -999.000000 -999.000000 -999.000000 -999.000000 -999.000000 -999.000000 -999.000000 -999.000000 -999.000000 -999.000000 -999.000000 -999.000000 -999.000000 -999.000000 -999.000000 -999.000000 -999.000000 -999.000000 -999.000000 -999.000000 -999.000000 -999.000000 -999.000000 -999.000000 -999.000000 -999.000000 -999.000000 -999.000000   -4.134125   -4.179894   -4.205731   -4.227436   -4.245936   -4.261725
 -999.000000 -999.000000 -999.000000 -999.000000 -999.000000 -999.000000 -999.000000 -999.000000 -999.000000 -999.000000 -999.000000 -999.000000 -999.000000 -999.000000 -999.000000 -999.000000 -999.000000 -999.000000 -999.000000 -999.000000 -999.000000 -999.000000 -999.000000 -999.000000 -999.000000 -999.000000 -999.000000 -999.000000 -999.000000 -999.000000 -999.000000 -999.000000 -999.000000 -999.000000 -999.000000 -999.000000   -4.183521
#
# dtdh (rows - delta, columns - depth)
#
   -0.167714   -0.167713   -0.167711   -0.167707   -0.167703   -0.167699   -0.167696   -0.167692   -0.167688   -0.167684   -0.148527   -0.148522   -0.148518   -0.148514   -0.148509   -0.148505   -0.148501   -0.117702   -0.117682   -0.117661   -0.117641   -0.117538   -0.117434   -0.115936   -0.113626 -999.000000 -999.000000 -999.000000 -999.000000 -999.000000 -999.000000 -999.000000 -999.000000 -999.000000 -999.000000 -999.000000 -999.000000
   -0.167715   -0.167714   -0.167712   -0.167708   -0.167704   -0.167700   -0.167696   -0.167693   -0.167689   -0.167685   -0.148528   -0.148523   -0.148519   -0.148515   -0.148510   -0.148506   -0.148502   -0.117703   -0.117683   -0.117662   -0.117642   -0.117539   -0.117435   -0.115937   -0.113627   -0.110852   -0.108040   -0.105317   -0.102689   -0.096143 -999.000000 -999.000000 -999.000000 -999.000000 -999.000000 -999.000000 -999.000000
   -0.167717   -0.167716   -0.167713   -0.167710   -0.167706   -0.167702   -0.167698   -0.167694   -0.167691   -0.167687   -0.148530   -0.148525   -0.148521   -0.148517   -0.148512   -0.148508   -0.148504   -0.117706   -0.117685   -0.117665   -0.117644   -0.117541   -0.117437   -0.115939   -0.113629   -0.110854   -0.108041   -0.105318   -0.102690   -0.096144   -0.093964   -0.091834   -0.089752   -0.087719 -999.000000 -999.000000 -999.000000
   -0.167720   -0.167718   -0.167716   -0.167712   -0.167709   -0.167705   -0.167701   -0.167697   -0.167693   -0.167690   -0.148533   -0.148528   -0.148524   -0.148520   -0.148516   -0.148511   -0.148507   -0.117710   -0.117689   -0.117669   -0.117648   -0.117545   -0.117441   -0.115943   -0.113633   -0.110857   -0.108044   -0.105321   -0.102693   -0.096147   -0.093966   -0.091836   -0.089753   -0.087720   -0.080033   -0.078534   -0.077437
   -0.167724   -0.167722   -0.167720   -0.167716   -0.167712   -0.167709   -0.167705   -0.167701   -0.167697   -0.167694   -0.148537   -0.148533   -0.148528   -0.148524   -0.148520   -0.148515   -0.148511   -0.117715   -0.117695   -0.117674   -0.117653   -0.117550   -0.117446   -0.115948   -0.113638   -0.110862   -0.108049   -0.105326   -0.102697   -0.096151   -0.093970   -0.091840   -0.089757   -0.087723   -0.080036   -0.078536   -0.077439
   -0.167729   -0.167727   -0.167725   -0.167721   -0.167717   -0.167714   -0.167710   -0.167706   -0.167702   -0.167699   -0.148543   -0.148538   -0.148534   -0.148530   -0.148525   -0.148521   -0.148517   -0.117722   -0.117702   -0.117681   -0.117660   -0.117557   -0.117453   -0.115955   -0.113644   -0.110869   -0.108056   -0.105333   -0.102704   -0.096158   -0.093977   -0.091846   -0.089763   -0.087729   -0.080042   -0.078541   -0.077443
   -0.167735   -0.167733   -0.167731   -0.167727   -0.167724   -0.167720   -0.167716   -0.167712   -0.167708   -0.167705   -0.148550   -0.148545   -0.148541   -0.148537   -0.148532   -0.148528   -0.148524   -0.117731   -0.117710   -0.117690   -0.117669   -0.117566   -0.117461   -0.115963   -0.113653   -0.110877   -0.108064   -0.105341   -0.102712   -0.096166   -0.093985   -0.091855   -0.089771   -0.087737   -0.080050   -0.078548   -0.077450
   -0.167743   -0.167741   -0.167739   -0.167735   -0.167731   -0.167727   -0.167724   -0.167720   -0.167716   -0.167712   -0.148558   -0.148554   -0.148550   -0.148545   -0.148541   -0.148537   -0.148533   -0.117742   -0.117721   -0.117701   -0.117680   -0.117576   -0.117472   -0.115974   -0.113664   -0.110888   -0.108075   -0.105352   -0.102723   -0.096178   -0.093996   -0.091866   -0.089781   -0.087747   -0.080061   -0.078559   -0.077460
   -0.167752   -0.167750   -0.167748   -0.167744   -0.167740   -0.167737   -0.167733   -0.167729   -0.167725   -0.167722   -0.148569   -0.148564   -0.148560   -0.148556   -0.148551   -0.148547   -0.148543   -0.117755   -0.117734   -0.117714   -0.117693   -0.117589   -0.117485   -0.115987   -0.113677   -0.110901   -0.108088   -0.105365   -0.102736   -0.096191   -0.094010   -0.091879   -0.089795   -0.087760   -0.080075   -0.078572   -0.077473
   -0.167763   -0.167761   -0.167759   -0.167755   -0.167752   -0.167748   -0.167744   -0.167740   -0.167736   -0.167733   -0.148581   -0.148577   -0.148573   -0.148568   -0.148564   -0.148560   -0.148555   -0.117771   -0.117750   -0.117729   -0.117709   -0.117605   -0.117501   -0.116003   -0.113692   -0.110917   -0.108104   -0.105381   -0.102753   -0.096208   -0.094027   -0.091896   -0.089812   -0.087777   -0.080092   -0.078589   -0.077489
   -0.167776   -0.167774   -0.167772   -0.167768   -0.167764   -0.167761   -0.167757   -0.167753   -0.167749   -0.167746   -0.148596   -0.148591   -0.148587   -0.148583   -0.148579   -0.148574   -0.148570   -0.117789   -0.117768   -0.117748   -0.117727   -0.117623   -0.117519   -0.116021   -0.113711   -0.110936   -0.108123   -0.105400   -0.102772   -0.096229   -0.094047   -0.091916   -0.089832   -0.087797   -0.080113   -0.078610   -0.077509
   -0.167791   -0.167790   -0.167787   -0.167784   -0.167780   -0.167776   -0.167772   -0.167768   -0.167765   -0.167761   -0.148613   -0.148609   -0.148604   -0.148600   -0.148596   -0.148591   -0.148587   -0.117811   -0.117790   -0.117770   -0.117749   -0.117645   -0.117540   -0.116043   -0.113733   -0.110958   -0.108146   -0.105423   -0.102795   -0.096253   -0.094071   -0.091941   -0.089856   -0.087821   -0.080139   -0.078635   -0.077534
   -0.167809   -0.167808   -0.167805   -0.167801   -0.167798   -0.167794   -0.167790   -0.167786   -0.167783   -0.167779   -0.148633   -0.148629   -0.148625   -0.148620   -0.148616   -0.148612   -0.148607   -0.117836   -0.117816   -0.117795   -0.117774   -0.117670   -0.117566   -0.116068   -0.113758   -0.110984   -0.108172   -0.105450   -0.102822   -0.096281   -0.094100   -0.091969   -0.089885   -0.087850   -0.080169   -0.078666   -0.077564
   -0.167830   -0.167829   -0.167827   -0.167823   -0.167819   -0.167815   -0.167811   -0.167808   -0.167804   -0.167800   -0.148657   -0.148653   -0.148649   -0.148644   -0.148640   -0.148636   -0.148631   -0.117867   -0.117846   -0.117825   -0.117804   -0.117700   -0.117596   -0.116098   -0.113788   -0.111014   -0.108203   -0.105481   -0.102854   -0.096314   -0.094133   -0.092003   -0.089918   -0.087883   -0.080205   -0.078701   -0.077599
   -0.167856   -0.167854   -0.167852   -0.167848   -0.167844   -0.167841   -0.167837   -0.167833   -0.167829   -0.167825   -0.148686   -0.148681   -0.148677   -0.148673   -0.148668   -0.148664   -0.148660   -0.117903   -0.117882   -0.117861   -0.117840   -0.117736   -0.117631   -0.116133   -0.113824   -0.111051   -0.108240   -0.105518   -0.102891   -0.096354   -0.094173   -0.092042   -0.089958   -0.087923   -0.080247   -0.078743   -0.077640
   -0.167886   -0.167885   -0.167883   -0.167879   -0.167875   -0.167871   -0.167867   -0.167864   -0.167860   -0.167856   -0.148720   -0.148716   -0.148712   -0.148707   -0.148703   -0.148699   -0.148694   -0.117946   -0.117925   -0.117904   -0.117884   -0.117779   -0.117674   -0.116176   -0.113867   -0.111094   -0.108284   -0.105563   -0.102936   -0.096400   -0.094220   -0.092089   -0.090005   -0.087970   -0.080297   -0.078792   -0.077688
   -0.167924   -0.167922   -0.167920   -0.167916   -0.167912   -0.167909   -0.167905   -0.167901   -0.167897   -0.167894   -0.148763   -0.148758   -0.148754   -0.148750   -0.148745   -0.148741   -0.148737   -0.117999   -0.117978   -0.117957   -0.117937   -0.117832   -0.117726   -0.116228   -0.113920   -0.111147   -0.108337   -0.105616   -0.102989   -0.096456   -0.094276   -0.092145   -0.090061   -0.088026   -0.080357   -0.078851   -0.077746
   -0.167971   -0.167969   -0.167967   -0.167963   -0.167959   -0.167955   -0.167951   -0.167948   -0.167944   -0.167940   -0.148815   -0.148811   -0.148806   -0.148802   -0.148798   -0.148793   -0.148789   -0.118065   -0.118044   -0.118023   -0.118002   -0.117897   -0.117791   -0.116293   -0.113984   -0.111211   -0.108402   -0.105681   -0.103055   -0.096525   -0.094344   -0.092213   -0.090128   -0.088093   -0.080428   -0.078921   -0.077814
   -0.168032   -0.168030   -0.168028   -0.168024   -0.168020   -0.168016   -0.168012   -0.168008   -0.168005   -0.168001   -0.148884   -0.148879   -0.148875   -0.148870   -0.148866   -0.148861   -0.148857   -0.118151   -0.118130   -0.118109   -0.118088   -0.117981   -0.117874   -0.116375   -0.114066   -0.111293   -0.108483   -0.105763   -0.103136   -0.096609   -0.094428   -0.092296   -0.090211   -0.088174   -0.080514   -0.079006   -0.077897
   -0.168120   -0.168118   -0.168116   -0.168112   -0.168108   -0.168104   -0.168100   -0.168096   -0.168092   -0.168088   -0.148982   -0.148977   -0.148973   -0.148968   -0.148964   -0.148959   -0.148954   -0.118274   -0.118252   -0.118230   -0.118208   -0.118099   -0.117990   -0.116487   -0.114176   -0.111402   -0.108591   -0.105869   -0.103241   -0.096717   -0.094534   -0.092401   -0.090314   -0.088276   -0.080621   -0.079110   -0.077998
   -0.168290   -0.168288   -0.168286   -0.168281   -0.168276   -0.168271   -0.168266   -0.168262   -0.168257   -0.168252   -0.149168   -0.149162   -0.149156   -0.149151   -0.149146   -0.149140   -0.149135   -0.118501   -0.118476   -0.118452   -0.118428   -0.118308   -0.118189   -0.116672   -0.114350   -0.111567   -0.108749   -0.106021   -0.103387   -0.096864   -0.094676   -0.092539   -0.090448   -0.088406   -0.080756   -0.079241   -0.078125
 -999.000000 -999.000000 -999.000000 -999.000000 -999.000000 -999.000000 -999.000000 -999.000000 -999.000000 -999.000000 -999.000000 -999.000000 -999.000000 -999.000000 -999.000000 -999.000000 -999.000000 -999.000000 -999.000000 -999.000000 -999.000000 -999.000000 -999.000000 -999.000000 -999.000000 -999.000000   -0.109092   -0.106306   -0.103642   -0.097105   -0.094897   -0.092743   -0.090639   -0.088587   -0.080939   -0.079414   -0.078289
 -999.000000 -999.000000 -999.000000 -999.000000 -999.000000 -999.000000 -999.000000 -999.000000 -999.000000 -999.000000 -999.000000 -999.000000 -999.000000 -999.000000 -999.000000 -999.000000 -999.000000 -999.000000 -999.000000 -999.000000 -999.000000 -999.000000 -999.000000 -999.000000 -999.000000 -999.000000 -999.000000 -999.000000 -999.000000 -999.000000 -999.000000   -0.093233   -0.091002   -0.088898   -0.081231   -0.079673   -0.078523
 -999.000000 -999.000000 -999.000000 -999.000000 -999.000000 -999.000000 -999.000000 -999.000000 -999.000000 -999.000000 -999.000000 -999.000000 -999.000000 -999.000000 -999.000000 -999.000000 -999.000000 -999.000000 -999.000000 -999.000000 -999.000000 -999.000000 -999.000000 -999.000000 -999.000000 -999.000000 -999.000000 -999.000000 -999.000000 -999.000000 -999.000000 -999.000000 -999.000000 -999.000000 -999.000000 -999.000000   -0.078967
#
# ak135 travel-time table for PKKPab
#
