#
# ak135 travel-time table for SKKPbc
#
# number of distance and depth samples
70 37
# delta samples
78.000 79.000 80.000 81.000 82.000 83.000 84.000 85.000 86.000 87.000 88.000 89.000 90.000 91.000 92.000 93.000 94.000 95.000 96.000 97.000 98.000 99.000 100.000 101.000 102.000 
103.000 104.000 105.000 106.000 107.000 108.000 109.000 110.000 111.000 112.000 113.000 114.000 115.000 116.000 117.000 118.000 119.000 120.000 121.000 122.000 123.000 124.000 125.000 126.000 127.000 
128.000 129.000 130.000 131.000 132.000 133.000 134.000 135.000 136.000 137.000 138.000 139.000 140.000 141.000 142.000 143.000 144.000 145.000 146.000 147.000 
# depth samples
    0.000000    1.000000    2.500000    5.000000    7.500000   10.000000   12.500000   15.000000   17.500000   19.900000   20.000000   22.500000   25.000000   27.500000   30.000000   32.500000   34.900000   35.000000   40.000000   45.000000   50.000000   75.000000  100.000000  150.000000  200.000000  250.000000  300.000000  350.000000  400.000000  450.000000  500.000000  550.000000  600.000000  650.000000  700.000000  750.000000  800.000000
#
# travel times (rows - delta, columns - depth)
#
 2078.101074 2077.812744 2077.380127 2076.659180 2075.937988 2075.217041 2074.496094 2073.774902 2073.053955 2072.361816 2072.333008 2071.685303 2071.037598 2070.389893 2069.742188 2069.094727 2068.472900 2068.447021 2067.334961 2066.223389 2065.112061 2059.559570 2054.014648 2042.946411 2031.903931 2020.955322 2010.211670 1999.668091 1989.317749 1979.502075 1969.971680 1960.634155 -999.000000 -999.000000 -999.000000 -999.000000 -999.000000
 2076.015137 2075.726807 2075.294189 2074.573242 2073.852295 2073.131348 2072.410156 2071.689209 2070.968262 2070.276123 2070.247314 2069.599609 2068.951904 2068.304443 2067.656738 2067.009033 2066.387451 2066.361572 2065.249756 2064.137939 2063.026855 2057.474854 2051.930176 2040.862793 2029.821167 2018.873413 2008.130493 1997.587891 1987.238525 1977.423828 1967.894531 1958.558105 1949.406982 1940.434204 1932.059814 1923.964966 1915.994263
 2073.909668 2073.621338 2073.188721 2072.467773 2071.746826 2071.025879 2070.304688 2069.583740 2068.862793 2068.170654 2068.141846 2067.494385 2066.846680 2066.199219 2065.551514 2064.903809 2064.282227 2064.256348 2063.144531 2062.032959 2060.921875 2055.370117 2049.826172 2038.759399 2027.718506 2016.771606 2006.029541 1995.487793 1985.139282 1975.325562 1965.797241 1956.461914 1947.311890 1938.340332 1929.967163 1921.873657 1913.904297
 2071.785156 2071.496582 2071.064209 2070.343262 2069.622314 2068.901367 2068.180420 2067.459473 2066.738525 2066.046387 2066.017578 2065.369873 2064.722412 2064.074951 2063.427246 2062.779785 2062.157959 2062.132324 2061.020508 2059.908936 2058.797852 2053.246582 2047.702881 2036.636963 2025.596802 2014.650635 2003.909424 1993.368652 1983.020996 1973.208130 1963.680786 1954.346558 1945.197510 1936.227051 1927.855103 1919.762939 1911.794800
 2069.642090 2069.353760 2068.921387 2068.200439 2067.479492 2066.758545 2066.037598 2065.316650 2064.595703 2063.903809 2063.875000 2063.227295 2062.579834 2061.932373 2061.284668 2060.637207 2060.015625 2059.989746 2058.877930 2057.766602 2056.655518 2051.104736 2045.561279 2034.496094 2023.456787 2012.511353 2001.770996 1991.230957 1980.884155 1971.072266 1961.545898 1952.212524 1943.064575 1934.095215 1925.724487 1917.633545 1909.666748
 2067.481445 2067.193115 2066.760498 2066.039551 2065.318604 2064.597900 2063.876953 2063.156006 2062.435059 2061.743164 2061.714355 2061.066895 2060.419189 2059.771729 2059.124268 2058.476807 2057.855225 2057.829346 2056.717773 2055.606445 2054.495361 2048.944824 2043.401855 2032.337402 2021.298828 2010.354126 1999.614502 1989.075317 1978.729370 1968.918457 1959.393066 1950.060669 1940.913696 1931.945435 1923.575806 1915.486084 1907.520508
 2065.302246 2065.013916 2064.581299 2063.860596 2063.139648 2062.418701 2061.697998 2060.977051 2060.256348 2059.564209 2059.535400 2058.887939 2058.240479 2057.593018 2056.945557 2056.298096 2055.676514 2055.650635 2054.539062 2053.427734 2052.316895 2046.766724 2041.224121 2030.160400 2019.122559 2008.178711 1997.439941 1986.901611 1976.556641 1966.746582 1957.222168 1947.890747 1938.744995 1929.777710 1921.409302 1913.320801 1905.356567
 2063.104004 2062.815674 2062.383301 2061.662354 2060.941650 2060.220703 2059.500000 2058.779053 2058.058350 2057.366211 2057.337402 2056.689941 2056.042480 2055.395264 2054.747803 2054.100342 2053.478760 2053.452881 2052.341309 2051.230225 2050.119385 2044.569702 2039.027466 2027.964600 2016.927490 2005.984497 1995.246704 1984.709229 1974.365112 1964.556030 1955.032593 1945.702393 1936.557617 1927.591553 1919.224365 1911.137085 1903.174194
 2060.886230 2060.597900 2060.165283 2059.444580 2058.723877 2058.002930 2057.282227 2056.561279 2055.840576 2055.148682 2055.119873 2054.472412 2053.824951 2053.177490 2052.530273 2051.882812 2051.261230 2051.235596 2050.124023 2049.012939 2047.902222 2042.352905 2036.811035 2025.749023 2014.712891 2003.770752 1993.033813 1982.497192 1972.154053 1962.346069 1952.823730 1943.494629 1934.351074 1925.386108 1917.020264 1908.934448 1900.972900
 2058.647705 2058.359375 2057.926758 2057.206055 2056.485352 2055.764648 2055.043701 2054.322998 2053.602295 2052.910400 2052.881592 2052.234131 2051.586670 2050.939453 2050.291992 2049.644775 2049.023193 2048.997559 2047.886108 2046.775146 2045.664429 2040.115479 2034.574219 2023.513062 2012.477783 2001.536499 1990.800537 1980.265015 1969.922852 1960.115967 1950.594727 1941.266846 1932.124390 1923.160767 1914.796265 1906.711914 1898.751831
 2056.387451 2056.099365 2055.666748 2054.946045 2054.225342 2053.504639 2052.783936 2052.063232 2051.342529 2050.650635 2050.621826 2049.974365 2049.327148 2048.679688 2048.032471 2047.385132 2046.763672 2046.737915 2045.626587 2044.515747 2043.405151 2037.856689 2032.315796 2021.255615 2010.221313 1999.281006 1988.546021 1978.011475 1967.670410 1957.864624 1948.344727 1939.017944 1929.876953 1920.914673 1912.551514 1904.468628 1896.510254
 2054.105469 2053.817383 2053.384766 2052.664062 2051.943359 2051.222656 2050.502197 2049.781494 2049.060791 2048.368896 2048.340088 2047.692749 2047.045410 2046.398193 2045.750854 2045.103638 2044.482178 2044.456421 2043.345215 2042.234375 2041.123901 2035.575928 2030.035522 2018.976318 2007.942871 1997.003662 1986.269653 1975.736206 1965.396362 1955.591675 1946.072998 1936.747559 1927.607788 1918.646851 1910.285278 1902.203979 1894.247070
 2051.801270 2051.513184 2051.080811 2050.360107 2049.639404 2048.918701 2048.197998 2047.477417 2046.756714 2046.064941 2046.036133 2045.388794 2044.741577 2044.094360 2043.447144 2042.799927 2042.178467 2042.152710 2041.041626 2039.930908 2038.820557 2033.273071 2027.733154 2016.674805 2005.642456 1994.704224 1983.971313 1973.438965 1963.100098 1953.296753 1943.779297 1934.455078 1925.316772 1916.357178 1907.997192 1899.917480 1891.962280
 2049.474609 2049.186279 2048.753906 2048.033447 2047.312744 2046.592163 2045.871460 2045.150879 2044.430298 2043.738525 2043.709717 2043.062500 2042.415283 2041.768066 2041.120850 2040.473633 2039.852295 2039.826538 2038.715576 2037.604980 2036.494629 2030.947632 2025.408203 2014.350952 2003.319580 1992.382446 1981.650513 1971.119263 1960.781616 1950.979492 1941.463257 1932.140503 1923.003418 1914.045410 1905.686890 1897.608765 1889.655273
 2047.125000 2046.836792 2046.404419 2045.683838 2044.963257 2044.242676 2043.522095 2042.801514 2042.080933 2041.389160 2041.360352 2040.713135 2040.066040 2039.418823 2038.771729 2038.124512 2037.503296 2037.477539 2036.366577 2035.256104 2034.145874 2028.599365 2023.060425 2012.004150 2000.973877 1990.037842 1979.307007 1968.776978 1958.440430 1948.639526 1939.124634 1929.803223 1920.667603 1911.711060 1903.354126 1895.277710 1887.325928
 2044.752197 2044.463867 2044.031616 2043.311035 2042.590454 2041.869995 2041.149414 2040.428833 2039.708374 2039.016602 2038.987793 2038.340698 2037.693604 2037.046387 2036.399292 2035.752197 2035.130981 2035.105225 2033.994385 2032.884033 2031.773926 2026.227905 2020.689453 2009.634277 1998.605103 1987.670044 1976.940430 1966.411499 1956.076294 1946.276611 1936.763184 1927.443115 1918.308960 1909.353882 1900.998657 1892.923950 1884.973999
 2042.355469 2042.067261 2041.635010 2040.914429 2040.193970 2039.473511 2038.752930 2038.032471 2037.311890 2036.620239 2036.591553 2035.944336 2035.297363 2034.650269 2034.003174 2033.356079 2032.734863 2032.709106 2031.598511 2030.488159 2029.378174 2023.832764 2018.294800 2007.240723 1996.212646 1985.278809 1974.550293 1964.022583 1953.688599 1943.890381 1934.378174 1925.059692 1915.927002 1906.973511 1898.619995 1890.546997 1882.598877
 2039.934204 2039.645996 2039.213745 2038.493286 2037.772827 2037.052368 2036.331909 2035.611450 2034.890991 2034.199341 2034.170532 2033.523438 2032.876465 2032.229492 2031.582397 2030.935425 2030.314209 2030.288452 2029.177856 2028.067749 2026.957886 2021.412964 2015.875610 2004.822754 1993.795776 1982.863037 1972.135864 1961.609497 1951.276733 1941.479858 1931.969238 1922.652222 1913.521118 1904.569214 1896.217407 1888.146362 1880.200073
 2037.487305 2037.199219 2036.766968 2036.046509 2035.326050 2034.605713 2033.885254 2033.164795 2032.444458 2031.752808 2031.724121 2031.077026 2030.430054 2029.783081 2029.136108 2028.489136 2027.868042 2027.842285 2026.731812 2025.621826 2024.511963 2018.967773 2013.431030 2002.379272 1991.353516 1980.422119 1969.696167 1959.171143 1948.839722 1939.044434 1929.535278 1920.219849 1911.090454 1902.140259 1893.790283 1885.721191 1877.776855
 2035.013794 2034.725708 2034.293457 2033.573120 2032.852783 2032.132324 2031.411987 2030.691650 2029.971313 2029.279663 2029.250977 2028.604004 2027.957031 2027.310181 2026.663208 2026.016357 2025.395264 2025.369507 2024.259155 2023.149170 2022.039551 2016.495972 2010.959839 1999.909302 1988.884888 1977.954834 1967.230225 1956.706543 1946.376709 1936.582886 1927.075439 1917.761597 1908.633911 1899.685547 1891.337524 1883.270508 1875.328247
 2032.512695 2032.224609 2031.792358 2031.072021 2030.351685 2029.631348 2028.911133 2028.190796 2027.470459 2026.778931 2026.750244 2026.103271 2025.456421 2024.809570 2024.162720 2023.515869 2022.894897 2022.869019 2021.758911 2020.649048 2019.539551 2013.996582 2008.461060 1997.411987 1986.388916 1975.460205 1964.737061 1954.214844 1943.886475 1934.094238 1924.588501 1915.276489 1906.150635 1897.204102 1888.858154 1880.793213 1872.853271
 2029.983398 2029.695190 2029.263062 2028.542847 2027.822510 2027.102295 2026.381958 2025.661743 2024.941406 2024.250000 2024.221191 2023.574341 2022.927612 2022.280762 2021.634033 2020.987183 2020.366211 2020.340454 2019.230347 2018.120728 2017.011353 2011.468994 2005.934204 1994.886475 1983.864746 1972.937500 1962.215820 1951.695068 1941.368286 1931.577759 1922.073730 1912.763550 1903.639526 1894.694946 1886.351196 1878.288452 1870.350830
 2027.425293 2027.137207 2026.705078 2025.984863 2025.264648 2024.544312 2023.824097 2023.103882 2022.383667 2021.692383 2021.663574 2021.016724 2020.369995 2019.723267 2019.076538 2018.429810 2017.808960 2017.783081 2016.673218 2015.563721 2014.454468 2008.912720 2003.378662 1992.332275 1981.312012 1970.386230 1959.666138 1949.146973 1938.821777 1929.032959 1919.530762 1910.222412 1901.100342 1892.157837 1883.816162 1875.755737 1867.820435
 2024.837769 2024.549683 2024.117554 2023.397461 2022.677246 2021.957153 2021.236938 2020.516846 2019.796631 2019.105225 2019.076538 2018.429810 2017.783081 2017.136353 2016.489746 2015.843018 2015.222168 2015.196411 2014.086670 2012.977295 2011.868164 2006.327271 2000.793823 1989.748901 1978.730225 1967.805908 1957.087280 1946.569702 1936.246216 1926.459229 1916.958862 1907.652466 1898.532471 1889.591919 1881.252563 1873.194458 1865.261597
 2022.220215 2021.932251 2021.500122 2020.780029 2020.059937 2019.339844 2018.619751 2017.899658 2017.179565 2016.488159 2016.459473 2015.812744 2015.166138 2014.519531 2013.872925 2013.226318 2012.605469 2012.579712 2011.470093 2010.360840 2009.251953 2003.711670 1998.179077 1987.135742 1976.118408 1965.195679 1954.478760 1943.962891 1933.641113 1923.855957 1914.357544 1905.053101 1895.935181 1886.996826 1878.659790 1870.604126 1862.673706
 2019.572144 2019.284180 2018.852173 2018.132080 2017.411987 2016.692017 2015.971924 2015.251831 2014.531860 2013.840576 2013.811890 2013.165283 2012.518677 2011.872070 2011.225586 2010.578979 2009.958252 2009.932495 2008.822998 2007.713989 2006.605103 2001.065674 1995.533813 1984.491943 1973.476318 1962.555176 1951.839844 1941.325684 1931.005737 1921.222534 1911.726074 1902.423706 1893.307861 1884.371704 1876.037109 1867.984009 1860.056152
 2016.893188 2016.605103 2016.173096 2015.453125 2014.733154 2014.013184 2013.293213 2012.573120 2011.853149 2011.161987 2011.133301 2010.486694 2009.840210 2009.193726 2008.547241 2007.900757 2007.280151 2007.254395 2006.145020 2005.036011 2003.927368 1998.388794 1992.857666 1981.817383 1970.803345 1959.883789 1949.170288 1938.657837 1928.339722 1918.558350 1909.063965 1899.763794 1890.650146 1881.716187 1873.384033 1865.333496 1857.408447
 2014.182739 2013.894653 2013.462769 2012.742798 2012.022827 2011.302979 2010.583008 2009.863037 2009.143188 2008.452026 2008.423340 2007.776855 2007.130371 2006.483887 2005.837524 2005.191040 2004.570557 2004.544800 2003.435547 2002.326782 2001.218262 1995.680420 1990.150146 1979.111572 1968.099121 1957.181274 1946.469482 1935.958862 1925.642578 1915.863281 1906.370972 1897.072998 1887.961548 1879.029907 1870.700317 1862.652466 1854.730103
 2011.440430 2011.152466 2010.720459 2010.000610 2009.280762 2008.560913 2007.841064 2007.121094 2006.401245 2005.710205 2005.681519 2005.035034 2004.388672 2003.742310 2003.095947 2002.449585 2001.829102 2001.803345 2000.694336 1999.585693 1998.477417 1992.940308 1987.410889 1976.373901 1965.363281 1954.447144 1943.737061 1933.228394 1922.914062 1913.136719 1903.646606 1894.350830 1885.241699 1876.312500 1867.985352 1859.940308 1852.020752
 2008.665894 2008.377930 2007.946045 2007.226318 2006.506470 2005.786621 2005.066895 2004.347046 2003.627197 2002.936279 2002.907471 2002.261108 2001.614868 2000.968628 2000.322266 1999.676025 1999.055542 1999.029785 1997.921021 1996.812500 1995.704346 1990.168091 1984.639526 1973.604248 1962.595215 1951.680908 1940.972778 1930.465942 1920.153442 1910.378418 1900.890381 1891.596802 1882.490112 1873.563354 1865.238892 1857.196533 1849.279907
 2005.859375 2005.571533 2005.139648 2004.419922 2003.700195 2002.980469 2002.260742 2001.540894 2000.821167 2000.130249 2000.101562 1999.455200 1998.809082 1998.162842 1997.516602 1996.870361 1996.250000 1996.224243 1995.115601 1994.007324 1992.899292 1987.363892 1981.836182 1970.802612 1959.795288 1948.882812 1938.176392 1927.671509 1917.361084 1907.588013 1898.102295 1888.811035 1879.706543 1870.782349 1862.460571 1854.421021 1846.507324
 2003.021118 2002.733276 2002.301514 2001.581787 2000.862061 2000.142456 1999.422729 1998.703125 1997.983398 1997.292480 1997.263794 1996.617554 1995.971436 1995.325317 1994.679199 1994.032959 1993.412720 1993.386963 1992.278442 1991.170288 1990.062500 1984.527954 1979.000977 1967.969116 1956.963623 1946.052856 1935.348267 1924.845337 1914.536865 1904.765991 1895.282471 1885.993408 1876.891479 1867.969604 1859.650635 1851.613892 1843.703125
 2000.151367 1999.863525 1999.431763 1998.712158 1997.992554 1997.272949 1996.553345 1995.833740 1995.114136 1994.423218 1994.394531 1993.748413 1993.102295 1992.456299 1991.810181 1991.164062 1990.543823 1990.518188 1989.409790 1988.301758 1987.194092 1981.660400 1976.134399 1965.104248 1954.100464 1943.191528 1932.488770 1921.987671 1911.681152 1901.912476 1892.431152 1883.144409 1874.044800 1865.125488 1856.809204 1848.775391 1840.867432
 1997.250366 1996.962524 1996.530762 1995.811279 1995.091675 1994.372070 1993.652588 1992.932983 1992.213501 1991.522705 1991.494019 1990.847900 1990.201904 1989.555908 1988.909912 1988.263916 1987.643799 1987.618042 1986.509766 1985.401978 1984.294556 1978.761719 1973.236450 1962.208008 1951.205933 1940.298828 1929.598022 1919.098877 1908.794312 1899.027710 1889.548584 1880.264282 1871.167114 1862.250244 1853.936646 1845.905640 1838.000732
 1994.317993 1994.030151 1993.598511 1992.878906 1992.159424 1991.439941 1990.720459 1990.000977 1989.281494 1988.590820 1988.562134 1987.916138 1987.270142 1986.624268 1985.978271 1985.332397 1984.712280 1984.686523 1983.578491 1982.470947 1981.363647 1975.831543 1970.307251 1959.280518 1948.280273 1937.375000 1926.676025 1916.178833 1905.876343 1896.111816 1886.635010 1877.353027 1868.258301 1859.343994 1851.033081 1843.005005 1835.103027
 1991.354004 1991.066284 1990.634644 1989.915161 1989.195679 1988.476318 1987.756836 1987.037476 1986.318115 1985.627441 1985.598633 1984.952759 1984.306885 1983.661011 1983.015259 1982.369385 1981.749390 1981.723633 1980.615723 1979.508301 1978.401123 1972.869995 1967.346558 1956.321655 1945.323242 1934.419800 1923.722656 1913.227539 1902.927002 1893.164795 1883.690308 1874.410645 1865.318359 1856.406616 1848.098511 1840.073364 1832.174316
 1988.358398 1988.070557 1987.639038 1986.919678 1986.200317 1985.480957 1984.761597 1984.042236 1983.322876 1982.632324 1982.603516 1981.957764 1981.311890 1980.666138 1980.020386 1979.374634 1978.754639 1978.728882 1977.621216 1976.514038 1975.406982 1969.876709 1964.354126 1953.331055 1942.334473 1931.432861 1920.737793 1910.244629 1899.946289 1890.186279 1880.714111 1871.436890 1862.347046 1853.437866 1845.132690 1837.110474 1829.214600
 1985.330688 1985.042969 1984.611450 1983.892090 1983.172852 1982.453613 1981.734253 1981.015015 1980.295776 1979.605225 1979.576538 1978.930786 1978.285034 1977.639282 1976.993652 1976.347900 1975.728027 1975.702271 1974.594849 1973.487671 1972.380981 1966.851562 1961.329956 1950.308716 1939.313965 1928.414307 1917.721191 1907.230103 1896.933838 1887.176025 1877.706299 1868.431519 1859.344360 1850.437744 1842.135498 1834.116333 1826.223511
 1982.271118 1981.983398 1981.551880 1980.832642 1980.113403 1979.394165 1978.674927 1977.955688 1977.236572 1976.546143 1976.517334 1975.871704 1975.226074 1974.580444 1973.934814 1973.289185 1972.669434 1972.643677 1971.536377 1970.429443 1969.322876 1963.794434 1958.273682 1947.254272 1936.261475 1925.363770 1914.672607 1904.183594 1893.889526 1884.134033 1874.666748 1865.394531 1856.309814 1847.406006 1839.106567 1831.090454 1823.200928
 1979.179321 1978.891724 1978.460205 1977.740967 1977.021851 1976.302734 1975.583618 1974.864380 1974.145264 1973.454956 1973.426147 1972.780640 1972.135010 1971.489502 1970.843994 1970.198364 1969.578735 1969.552979 1968.445801 1967.339111 1966.232666 1960.705200 1955.185303 1944.167847 1933.177002 1922.281250 1911.592163 1901.105225 1890.813354 1881.060181 1871.595215 1862.325562 1853.243530 1844.342407 1836.046021 1828.033081 1820.146606
 1976.055542 1975.767944 1975.336426 1974.617432 1973.898315 1973.179199 1972.460205 1971.741089 1971.021973 1970.331665 1970.302979 1969.657471 1969.011963 1968.366577 1967.721069 1967.075562 1966.455933 1966.430298 1965.323242 1964.216797 1963.110474 1957.583984 1952.065063 1941.049438 1930.060547 1919.166748 1908.479736 1897.994873 1887.705200 1877.954468 1868.492065 1859.224854 1850.145508 1841.247070 1832.953735 1824.943848 1817.060791
 1972.899780 1972.612183 1972.180786 1971.461792 1970.742798 1970.023804 1969.304688 1968.585693 1967.866699 1967.176514 1967.147827 1966.502319 1965.856934 1965.211548 1964.566162 1963.920776 1963.301270 1963.275513 1962.168701 1961.062378 1959.956299 1954.430664 1948.912720 1937.899048 1926.912109 1916.020386 1905.335449 1894.852783 1884.565308 1874.816895 1865.356934 1856.092407 1847.015625 1838.120117 1829.829712 1821.822998 1813.943237
 1969.711914 1969.424316 1968.992920 1968.274048 1967.555054 1966.836182 1966.117188 1965.398315 1964.679321 1963.989258 1963.960449 1963.315186 1962.669800 1962.024536 1961.379272 1960.733887 1960.114380 1960.088745 1958.982178 1957.875977 1956.770142 1951.245483 1945.728394 1934.716797 1923.731812 1912.842041 1902.159180 1891.678711 1881.393433 1871.647461 1862.190063 1852.928101 1843.854126 1834.961304 1826.673950 1818.670532 1810.794067
 1966.491577 1966.203979 1965.772705 1965.053833 1964.334961 1963.616089 1962.897217 1962.178467 1961.459595 1960.769409 1960.740723 1960.095459 1959.450195 1958.805054 1958.159790 1957.514526 1956.895142 1956.869507 1955.763062 1954.657104 1953.551392 1948.027710 1942.511719 1931.502075 1920.519043 1909.631470 1898.950806 1888.472534 1878.189575 1868.446045 1858.991211 1849.731934 1840.660645 1831.770752 1823.486450 1815.486328 1807.613159
 1963.238281 1962.950806 1962.519531 1961.800781 1961.081909 1960.363159 1959.644409 1958.925537 1958.206787 1957.516846 1957.488037 1956.842896 1956.197754 1955.552612 1954.907471 1954.262329 1953.643066 1953.617310 1952.511108 1951.405396 1950.299927 1944.777222 1939.262207 1928.254517 1917.273682 1906.388184 1895.709717 1885.233765 1874.953125 1865.212158 1855.759888 1846.503418 1837.434937 1828.547974 1820.266968 1812.270020 1804.400391
 1959.951538 1959.664062 1959.232910 1958.514160 1957.795410 1957.076782 1956.358032 1955.639404 1954.920654 1954.230713 1954.202026 1953.556885 1952.911865 1952.266846 1951.621704 1950.976685 1950.357422 1950.331787 1949.225830 1948.120239 1947.014893 1941.493286 1935.979370 1924.973755 1913.995117 1903.111694 1892.435547 1881.961914 1871.683716 1861.945312 1852.495850 1843.242065 1834.176514 1825.292480 1817.014771 1809.021362 1801.155151
 1956.630981 1956.343506 1955.912354 1955.193726 1954.475098 1953.756470 1953.037842 1952.319214 1951.600586 1950.910645 1950.881958 1950.236938 1949.592041 1948.947021 1948.302124 1947.657104 1947.037964 1947.012329 1945.906494 1944.801147 1943.696045 1938.175537 1932.662598 1921.659180 1910.682739 1899.801636 1889.127686 1878.656494 1868.380737 1858.645020 1849.198242 1839.947388 1830.884888 1822.003906 1813.729492 1805.739624 1797.877075
 1953.276245 1952.988892 1952.557739 1951.839233 1951.120605 1950.402100 1949.683594 1948.964966 1948.246460 1947.556641 1947.527954 1946.883057 1946.238159 1945.593262 1944.948486 1944.303589 1943.684448 1943.658813 1942.553223 1941.448120 1940.343262 1934.823730 1929.311890 1918.310669 1907.336426 1896.457520 1885.786011 1875.317139 1865.044067 1855.311035 1845.867065 1836.619019 1827.559570 1818.681763 1810.410767 1802.424438 1794.565674
 1949.887695 1949.600342 1949.169189 1948.450684 1947.732300 1947.013794 1946.295288 1945.576904 1944.858398 1944.168701 1944.140015 1943.495239 1942.850464 1942.205566 1941.560791 1940.916016 1940.297119 1940.271362 1939.166016 1938.061157 1936.956421 1931.437988 1925.927246 1914.928223 1903.956177 1893.079590 1882.410522 1871.944092 1861.673462 1851.943115 1842.502075 1833.256958 1824.200562 1815.325928 1807.058350 1799.075684 1791.220703
 1946.465088 1946.177734 1945.746704 1945.028320 1944.309937 1943.591553 1942.873169 1942.154785 1941.436401 1940.746826 1940.718140 1940.073364 1939.428711 1938.783936 1938.139282 1937.494629 1936.875732 1936.849976 1935.744873 1934.640137 1933.535767 1928.018433 1922.508789 1911.511963 1900.542114 1889.667847 1879.001099 1868.537231 1858.269165 1848.541504 1839.103271 1829.861206 1820.807861 1811.936401 1803.672363 1795.693359 1787.842163
 1943.008667 1942.721313 1942.290405 1941.572021 1940.853760 1940.135498 1939.417114 1938.698853 1937.980591 1937.291016 1937.262329 1936.617676 1935.973145 1935.328491 1934.683838 1934.039307 1933.420532 1933.394775 1932.289917 1931.185425 1930.081177 1924.564941 1919.056396 1908.061768 1897.094238 1886.222290 1875.557983 1865.096558 1854.831055 1845.106201 1835.670898 1826.431885 1817.381592 1808.513428 1800.252808 1792.277588 1784.430054
 1939.518311 1939.231079 1938.800171 1938.081909 1937.363647 1936.645508 1935.927246 1935.209106 1934.490845 1933.801392 1933.772705 1933.128174 1932.483643 1931.839111 1931.194580 1930.550171 1929.931396 1929.905762 1928.801025 1927.696777 1926.592773 1921.077637 1915.570190 1904.577881 1893.612549 1882.743042 1872.081055 1861.622192 1851.359253 1841.637207 1832.204834 1822.968750 1813.921631 1805.056763 1796.799805 1788.828247 1780.984619
 1935.993774 1935.706543 1935.275635 1934.557495 1933.839355 1933.121338 1932.403198 1931.685059 1930.966919 1930.277466 1930.248901 1929.604370 1928.959961 1928.315552 1927.671143 1927.026733 1926.408081 1926.382446 1925.277954 1924.173950 1923.070190 1917.556152 1912.049805 1901.059814 1890.096924 1879.229736 1868.570312 1858.114014 1847.853760 1838.134521 1828.705078 1819.472168 1810.428223 1801.566528 1793.313232 1785.345337 1777.505615
 1932.434448 1932.147217 1931.716431 1930.998413 1930.280273 1929.562256 1928.844238 1928.126221 1927.408203 1926.718872 1926.690186 1926.045776 1925.401489 1924.757202 1924.112915 1923.468628 1922.850098 1922.824341 1921.720093 1920.616333 1919.512817 1913.999878 1908.494873 1897.507202 1886.546753 1875.682007 1865.025146 1854.571411 1844.313965 1834.597656 1825.171265 1815.941406 1806.900757 1798.042480 1789.792847 1781.828857 1773.993164
 1928.839600 1928.552368 1928.121582 1927.403687 1926.685669 1925.967773 1925.249756 1924.531860 1923.813843 1923.124634 1923.096069 1922.451782 1921.807495 1921.163330 1920.519165 1919.874878 1919.256470 1919.230835 1918.126831 1917.023193 1915.919922 1910.408325 1904.904419 1893.919189 1882.961182 1872.099121 1861.444824 1850.993896 1840.739136 1831.025879 1821.602661 1812.376099 1803.338867 1794.484009 1786.238159 1778.278198 1770.446533
 1925.208374 1924.921265 1924.490479 1923.772705 1923.054810 1922.336914 1921.619141 1920.901245 1920.183350 1919.494263 1919.465576 1918.821411 1918.177368 1917.533203 1916.889160 1916.244995 1915.626709 1915.601074 1914.497314 1913.393921 1912.290894 1906.780518 1901.277832 1890.295166 1879.339722 1868.480225 1857.828735 1847.380493 1837.128784 1827.418579 1817.998535 1808.775391 1799.741577 1790.890381 1782.648438 1774.692505 1766.865112
 1921.540405 1921.253296 1920.822632 1920.104858 1919.387085 1918.669312 1917.951538 1917.233887 1916.516113 1915.827026 1915.798340 1915.154297 1914.510376 1913.866333 1913.222290 1912.578369 1911.960083 1911.934448 1910.830933 1909.727905 1908.625122 1903.115967 1897.614624 1886.634521 1875.681763 1864.824951 1854.176147 1843.730835 1833.482056 1823.775024 1814.358398 1805.138672 1796.108398 1787.260864 1779.022949 1771.071289 1763.248169
 1917.835083 1917.548096 1917.117432 1916.399780 1915.682129 1914.964478 1914.246826 1913.529175 1912.811523 1912.122559 1912.093872 1911.449951 1910.806030 1910.162109 1909.518311 1908.874390 1908.256226 1908.230591 1907.127441 1906.024536 1904.921997 1899.414185 1893.914185 1882.936768 1871.986572 1861.132568 1850.486694 1840.044312 1829.798584 1820.094849 1810.681519 1801.465332 1792.438721 1783.594971 1775.361084 1767.413818 1759.595215
 1914.091919 1913.804932 1913.374390 1912.656860 1911.939209 1911.221680 1910.504150 1909.786621 1909.069092 1908.380249 1908.351562 1907.707764 1907.063965 1906.420166 1905.776367 1905.132568 1904.514648 1904.489014 1903.385986 1902.283447 1901.181152 1895.674561 1890.175903 1879.201294 1868.253906 1857.402710 1846.759644 1836.320312 1826.077759 1816.377319 1806.967529 1797.755005 1788.732056 1779.892212 1771.662598 1763.719727 1755.905640
 1910.310303 1910.023315 1909.592773 1908.875366 1908.157837 1907.440430 1906.722900 1906.005493 1905.288086 1904.599243 1904.570679 1903.926880 1903.283325 1902.639648 1901.995972 1901.352295 1900.734375 1900.708740 1899.606079 1898.503784 1897.401855 1891.896606 1886.399292 1875.427490 1864.482910 1853.634644 1842.994629 1832.558472 1822.318970 1812.622070 1803.215820 1794.006958 1784.988037 1776.152100 1767.926758 1759.988403 1752.179077
 1906.489014 1906.202026 1905.771606 1905.054321 1904.336914 1903.619629 1902.902222 1902.184937 1901.467529 1900.778931 1900.750244 1900.106689 1899.463135 1898.819580 1898.176025 1897.532593 1896.914795 1896.889160 1895.786743 1894.684692 1893.583008 1888.079224 1882.583374 1871.614380 1860.672852 1849.827637 1839.190796 1828.757690 1818.521606 1808.828247 1799.425781 1790.220703 1781.205688 1772.373901 1764.153076 1756.219360 1748.414795
 1902.627075 1902.340210 1901.909790 1901.192627 1900.475342 1899.758057 1899.040894 1898.323608 1897.606445 1896.917847 1896.889282 1896.245728 1895.602295 1894.958984 1894.315552 1893.672119 1893.054443 1893.028809 1891.926758 1890.824951 1889.723633 1884.221313 1878.727051 1867.761108 1856.822632 1845.980469 1835.346802 1824.917236 1814.684570 1804.994873 1795.596191 1786.395142 1777.384277 1768.556641 1760.340454 1752.411621 1744.612061
 1898.723145 1898.436279 1898.005981 1897.288818 1896.571655 1895.854614 1895.137451 1894.420410 1893.703247 1893.014893 1892.986206 1892.342896 1891.699585 1891.056274 1890.413086 1889.769775 1889.152222 1889.126587 1888.024780 1886.923340 1885.822266 1880.321655 1874.828857 1863.866089 1852.930786 1842.091919 1831.461792 1821.035522 1810.806519 1801.120728 1791.726074 1782.529175 1773.522583 1764.699463 1756.488037 1748.564331 1740.769897
 1894.775635 1894.488770 1894.058594 1893.341675 1892.624634 1891.907593 1891.190674 1890.473633 1889.756714 1889.068359 1889.039673 1888.396484 1887.753418 1887.110229 1886.467163 1885.823975 1885.206543 1885.180908 1884.079468 1882.978394 1881.877686 1876.378540 1870.887451 1859.927979 1848.996094 1838.160645 1827.534058 1817.111450 1806.886230 1797.204468 1787.813965 1778.621460 1769.619263 1760.800781 1752.594482 1744.676025 1736.887085
 1890.782837 1890.496094 1890.066040 1889.349121 1888.632324 1887.915405 1887.198486 1886.481689 1885.764893 1885.076660 1885.048096 1884.405029 1883.761963 1883.119019 1882.475952 1881.833008 1881.215698 1881.190186 1880.088989 1878.988281 1877.887817 1872.390503 1866.901123 1855.945190 1845.016846 1834.185059 1823.562134 1813.143433 1802.922119 1793.244629 1783.858521 1774.670532 1765.673096 1756.859497 1748.658447 1740.745483 1732.962158
 1886.742432 1886.455811 1886.025757 1885.308960 1884.592285 1883.875488 1883.158813 1882.442139 1881.725342 1881.037354 1881.008789 1880.365845 1879.723022 1879.080200 1878.437378 1877.794556 1877.177368 1877.151733 1876.051025 1874.950684 1873.850586 1868.355103 1862.867554 1851.915405 1840.990845 1830.162964 1819.543945 1809.129395 1798.912354 1789.239258 1779.857910 1770.674805 1761.682251 1752.873779 1744.678223 1736.771118 1728.993774
 1882.650513 1882.363892 1881.933960 1881.217407 1880.500854 1879.784302 1879.067749 1878.351196 1877.634644 1876.946655 1876.918091 1876.275391 1875.632690 1874.989990 1874.347412 1873.704712 1873.087769 1873.062134 1871.961792 1870.861816 1869.762207 1864.268799 1858.783325 1847.835327 1836.914917 1826.091309 1815.476685 1805.066528 1794.854004 1785.185913 1775.809570 1766.631592 1757.644409 1748.841431 1740.651855 1732.750977 1724.979980
 1878.500732 1878.214111 1877.784302 1877.067871 1876.351440 1875.635132 1874.918701 1874.202393 1873.485962 1872.798218 1872.769653 1872.127197 1871.484741 1870.842285 1870.199829 1869.557373 1868.940552 1868.915039 1867.815063 1866.715698 1865.616455 1860.125488 1854.642334 1843.699219 1832.783691 1821.964844 1811.355225 1800.950195 1790.742920 1781.080200 1771.709595 1762.537354 1753.556152 1744.759277 1736.576172 1728.682007 1720.917969
 1874.276367 1873.989990 1873.560303 1872.844238 1872.128174 1871.412109 1870.696045 1869.979980 1869.263916 1868.576416 1868.547852 1867.905640 1867.263550 1866.621460 1865.979248 1865.337158 1864.720703 1864.695190 1863.595947 1862.497192 1861.398804 1855.911377 1850.431763 1839.495239 1828.586182 1817.773682 1807.170410 1796.771729 1786.570801 1776.914795 1767.551025 1758.385742 1749.411499 1740.621582 1732.446045 1724.559692 1716.803345
 -999.000000 -999.000000 -999.000000 -999.000000 -999.000000 -999.000000 -999.000000 -999.000000 -999.000000 -999.000000 -999.000000 -999.000000 -999.000000 -999.000000 -999.000000 -999.000000 -999.000000 -999.000000 -999.000000 -999.000000 -999.000000 -999.000000 -999.000000 -999.000000 -999.000000 -999.000000 -999.000000 -999.000000 -999.000000 -999.000000 -999.000000 1754.160645 1745.197021 1736.416870 1728.251343 1720.374756 1712.628174
#
# dtdd (rows - delta, columns - depth)
#
   -2.075744   -2.075732   -2.075714   -2.075684   -2.075654   -2.075624   -2.075594   -2.075564   -2.075534   -2.075505   -2.075504   -2.075470   -2.075437   -2.075403   -2.075370   -2.075336   -2.075304   -2.075302   -2.075224   -2.075145   -2.075066   -2.074670   -2.074270   -2.073457   -2.072629   -2.071779   -2.070899   -2.069985   -2.069038   -2.068021   -2.066954   -2.065846 -999.000000 -999.000000 -999.000000 -999.000000 -999.000000
   -2.095868   -2.095857   -2.095839   -2.095810   -2.095781   -2.095752   -2.095723   -2.095694   -2.095665   -2.095637   -2.095636   -2.095603   -2.095571   -2.095538   -2.095506   -2.095473   -2.095442   -2.095440   -2.095364   -2.095288   -2.095212   -2.094828   -2.094440   -2.093653   -2.092850   -2.092027   -2.091174   -2.090289   -2.089371   -2.088386   -2.087353   -2.086280   -2.085165   -2.084006   -2.082739   -2.081405   -2.080024
   -2.115209   -2.115197   -2.115180   -2.115152   -2.115124   -2.115096   -2.115067   -2.115039   -2.115011   -2.114984   -2.114983   -2.114951   -2.114920   -2.114888   -2.114856   -2.114825   -2.114794   -2.114793   -2.114719   -2.114645   -2.114571   -2.114198   -2.113821   -2.113057   -2.112278   -2.111478   -2.110650   -2.109791   -2.108900   -2.107943   -2.106941   -2.105899   -2.104816   -2.103692   -2.102463   -2.101169   -2.099829
   -2.133842   -2.133831   -2.133814   -2.133787   -2.133759   -2.133732   -2.133704   -2.133677   -2.133649   -2.133623   -2.133622   -2.133591   -2.133560   -2.133529   -2.133499   -2.133468   -2.133438   -2.133437   -2.133365   -2.133293   -2.133221   -2.132858   -2.132492   -2.131748   -2.130990   -2.130212   -2.129406   -2.128570   -2.127704   -2.126773   -2.125798   -2.124785   -2.123732   -2.122639   -2.121444   -2.120185   -2.118883
   -2.151833   -2.151822   -2.151806   -2.151779   -2.151753   -2.151726   -2.151699   -2.151672   -2.151645   -2.151619   -2.151618   -2.151588   -2.151558   -2.151528   -2.151498   -2.151468   -2.151439   -2.151438   -2.151368   -2.151298   -2.151227   -2.150874   -2.150516   -2.149791   -2.149053   -2.148295   -2.147509   -2.146695   -2.145851   -2.144944   -2.143994   -2.143007   -2.141981   -2.140916   -2.139752   -2.138526   -2.137257
   -2.169860   -2.169848   -2.169832   -2.169804   -2.169776   -2.169748   -2.169720   -2.169692   -2.169664   -2.169637   -2.169636   -2.169605   -2.169573   -2.169542   -2.169511   -2.169479   -2.169449   -2.169448   -2.169375   -2.169302   -2.169228   -2.168860   -2.168488   -2.167736   -2.166970   -2.166188   -2.165379   -2.164543   -2.163680   -2.162755   -2.161790   -2.160791   -2.159756   -2.158686   -2.157521   -2.156300   -2.155041
   -2.188520   -2.188508   -2.188490   -2.188461   -2.188432   -2.188403   -2.188374   -2.188344   -2.188315   -2.188287   -2.188286   -2.188253   -2.188220   -2.188188   -2.188155   -2.188122   -2.188091   -2.188089   -2.188013   -2.187936   -2.187860   -2.187474   -2.187086   -2.186299   -2.185500   -2.184682   -2.183837   -2.182964   -2.182062   -2.181097   -2.180089   -2.179046   -2.177967   -2.176850   -2.175635   -2.174361   -2.173049
   -2.207894   -2.207882   -2.207864   -2.207833   -2.207802   -2.207772   -2.207741   -2.207710   -2.207680   -2.207650   -2.207649   -2.207614   -2.207580   -2.207546   -2.207512   -2.207477   -2.207444   -2.207443   -2.207363   -2.207282   -2.207202   -2.206798   -2.206390   -2.205565   -2.204727   -2.203869   -2.202984   -2.202069   -2.201123   -2.200112   -2.199057   -2.197964   -2.196834   -2.195665   -2.194394   -2.193062   -2.191689
   -2.228084   -2.228071   -2.228051   -2.228019   -2.227987   -2.227955   -2.227922   -2.227890   -2.227857   -2.227826   -2.227825   -2.227789   -2.227753   -2.227717   -2.227680   -2.227644   -2.227609   -2.227608   -2.227524   -2.227439   -2.227354   -2.226928   -2.226499   -2.225630   -2.224747   -2.223845   -2.222913   -2.221950   -2.220955   -2.219892   -2.218782   -2.217634   -2.216446   -2.215218   -2.213883   -2.212484   -2.211044
   -2.249213   -2.249200   -2.249179   -2.249145   -2.249111   -2.249077   -2.249043   -2.249008   -2.248974   -2.248941   -2.248940   -2.248902   -2.248863   -2.248825   -2.248787   -2.248748   -2.248712   -2.248710   -2.248621   -2.248531   -2.248441   -2.247990   -2.247535   -2.246616   -2.245682   -2.244727   -2.243741   -2.242723   -2.241672   -2.240548   -2.239376   -2.238163   -2.236909   -2.235614   -2.234205   -2.232730   -2.231212
   -2.270981   -2.270967   -2.270946   -2.270911   -2.270876   -2.270841   -2.270806   -2.270771   -2.270736   -2.270702   -2.270701   -2.270662   -2.270622   -2.270583   -2.270544   -2.270505   -2.270467   -2.270466   -2.270374   -2.270283   -2.270191   -2.269729   -2.269263   -2.268320   -2.267360   -2.266378   -2.265362   -2.264311   -2.263224   -2.262060   -2.260844   -2.259583   -2.258276   -2.256923   -2.255450   -2.253903   -2.252307
   -2.293043   -2.293029   -2.293007   -2.292972   -2.292936   -2.292900   -2.292864   -2.292828   -2.292792   -2.292758   -2.292756   -2.292716   -2.292676   -2.292636   -2.292596   -2.292556   -2.292517   -2.292516   -2.292422   -2.292328   -2.292234   -2.291761   -2.291285   -2.290319   -2.289337   -2.288331   -2.287292   -2.286216   -2.285104   -2.283912   -2.282667   -2.281377   -2.280040   -2.278656   -2.277148   -2.275565   -2.273933
   -2.315417   -2.315403   -2.315381   -2.315344   -2.315307   -2.315271   -2.315234   -2.315197   -2.315160   -2.315125   -2.315124   -2.315083   -2.315042   -2.315001   -2.314959   -2.314918   -2.314879   -2.314877   -2.314781   -2.314685   -2.314589   -2.314104   -2.313616   -2.312627   -2.311621   -2.310591   -2.309526   -2.308424   -2.307285   -2.306065   -2.304790   -2.303469   -2.302100   -2.300683   -2.299139   -2.297519   -2.295848
   -2.338122   -2.338107   -2.338085   -2.338047   -2.338010   -2.337972   -2.337934   -2.337897   -2.337859   -2.337823   -2.337821   -2.337779   -2.337737   -2.337695   -2.337653   -2.337611   -2.337570   -2.337569   -2.337470   -2.337372   -2.337273   -2.336776   -2.336276   -2.335262   -2.334231   -2.333175   -2.332083   -2.330955   -2.329787   -2.328537   -2.327230   -2.325876   -2.324474   -2.323022   -2.321440   -2.319781   -2.318069
   -2.361179   -2.361164   -2.361141   -2.361102   -2.361063   -2.361025   -2.360986   -2.360948   -2.360909   -2.360872   -2.360870   -2.360827   -2.360784   -2.360741   -2.360698   -2.360654   -2.360613   -2.360611   -2.360510   -2.360409   -2.360308   -2.359798   -2.359285   -2.358245   -2.357187   -2.356104   -2.354985   -2.353827   -2.352629   -2.351347   -2.350007   -2.348619   -2.347181   -2.345692   -2.344071   -2.342369   -2.340615
   -2.384638   -2.384622   -2.384598   -2.384558   -2.384518   -2.384478   -2.384439   -2.384398   -2.384359   -2.384320   -2.384319   -2.384274   -2.384229   -2.384185   -2.384140   -2.384096   -2.384053   -2.384051   -2.383947   -2.383842   -2.383738   -2.383212   -2.382682   -2.381610   -2.380520   -2.379405   -2.378253   -2.377063   -2.375834   -2.374518   -2.373142   -2.371718   -2.370243   -2.368715   -2.367051   -2.365305   -2.363505
   -2.408818   -2.408802   -2.408777   -2.408735   -2.408694   -2.408652   -2.408610   -2.408568   -2.408527   -2.408486   -2.408485   -2.408438   -2.408391   -2.408345   -2.408298   -2.408252   -2.408207   -2.408205   -2.408096   -2.407987   -2.407877   -2.407328   -2.406774   -2.405652   -2.404513   -2.403348   -2.402145   -2.400902   -2.399617   -2.398244   -2.396810   -2.395326   -2.393791   -2.392203   -2.390477   -2.388667   -2.386804
   -2.433892   -2.433874   -2.433848   -2.433805   -2.433761   -2.433717   -2.433673   -2.433629   -2.433586   -2.433543   -2.433542   -2.433493   -2.433444   -2.433395   -2.433346   -2.433297   -2.433250   -2.433248   -2.433133   -2.433019   -2.432904   -2.432328   -2.431746   -2.430570   -2.429375   -2.428154   -2.426892   -2.425589   -2.424243   -2.422804   -2.421302   -2.419748   -2.418141   -2.416480   -2.414673   -2.412780   -2.410832
   -2.459985   -2.459966   -2.459939   -2.459893   -2.459846   -2.459800   -2.459754   -2.459708   -2.459662   -2.459618   -2.459616   -2.459564   -2.459513   -2.459461   -2.459409   -2.459358   -2.459308   -2.459306   -2.459185   -2.459065   -2.458944   -2.458336   -2.457724   -2.456484   -2.455226   -2.453940   -2.452612   -2.451241   -2.449825   -2.448311   -2.446732   -2.445099   -2.443411   -2.441665   -2.439768   -2.437781   -2.435736
   -2.487221   -2.487202   -2.487173   -2.487124   -2.487076   -2.487028   -2.486979   -2.486931   -2.486882   -2.486835   -2.486834   -2.486779   -2.486725   -2.486671   -2.486617   -2.486562   -2.486511   -2.486508   -2.486382   -2.486255   -2.486127   -2.485489   -2.484844   -2.483540   -2.482213   -2.480856   -2.479453   -2.478003   -2.476506   -2.474907   -2.473239   -2.471514   -2.469732   -2.467891   -2.465890   -2.463795   -2.461641
   -2.515154   -2.515134   -2.515104   -2.515054   -2.515004   -2.514955   -2.514904   -2.514855   -2.514805   -2.514757   -2.514755   -2.514699   -2.514643   -2.514587   -2.514531   -2.514475   -2.514422   -2.514420   -2.514289   -2.514158   -2.514027   -2.513369   -2.512705   -2.511361   -2.509995   -2.508597   -2.507152   -2.505658   -2.504114   -2.502461   -2.500735   -2.498946   -2.497095   -2.495179   -2.493093   -2.490905   -2.488649
   -2.543626   -2.543606   -2.543575   -2.543524   -2.543472   -2.543421   -2.543369   -2.543318   -2.543266   -2.543216   -2.543215   -2.543157   -2.543099   -2.543042   -2.542984   -2.542927   -2.542871   -2.542869   -2.542734   -2.542599   -2.542464   -2.541785   -2.541101   -2.539715   -2.538306   -2.536864   -2.535374   -2.533834   -2.532242   -2.530538   -2.528759   -2.526916   -2.525008   -2.523033   -2.520884   -2.518630   -2.516306
   -2.572684   -2.572663   -2.572631   -2.572578   -2.572525   -2.572472   -2.572419   -2.572366   -2.572312   -2.572261   -2.572259   -2.572199   -2.572140   -2.572080   -2.572021   -2.571961   -2.571904   -2.571902   -2.571763   -2.571623   -2.571484   -2.570783   -2.570076   -2.568644   -2.567189   -2.565700   -2.564162   -2.562572   -2.560929   -2.559170   -2.557333   -2.555431   -2.553463   -2.551426   -2.549209   -2.546883   -2.544487
   -2.602380   -2.602358   -2.602325   -2.602271   -2.602216   -2.602161   -2.602106   -2.602051   -2.601995   -2.601943   -2.601940   -2.601879   -2.601817   -2.601756   -2.601694   -2.601633   -2.601573   -2.601571   -2.601427   -2.601283   -2.601138   -2.600413   -2.599682   -2.598201   -2.596696   -2.595156   -2.593566   -2.591922   -2.590223   -2.588405   -2.586507   -2.584541   -2.582507   -2.580402   -2.578112   -2.575710   -2.573236
   -2.632728   -2.632705   -2.632671   -2.632614   -2.632558   -2.632501   -2.632444   -2.632388   -2.632331   -2.632277   -2.632274   -2.632211   -2.632148   -2.632084   -2.632021   -2.631957   -2.631896   -2.631894   -2.631745   -2.631597   -2.631448   -2.630700   -2.629946   -2.628419   -2.626866   -2.625278   -2.623634   -2.621936   -2.620179   -2.618298   -2.616333   -2.614299   -2.612194   -2.610016   -2.607646   -2.605161   -2.602602
   -2.663500   -2.663477   -2.663442   -2.663384   -2.663326   -2.663268   -2.663210   -2.663152   -2.663094   -2.663038   -2.663035   -2.662971   -2.662906   -2.662841   -2.662776   -2.662710   -2.662648   -2.662645   -2.662493   -2.662341   -2.662189   -2.661422   -2.660650   -2.659085   -2.657494   -2.655865   -2.654182   -2.652441   -2.650642   -2.648715   -2.646702   -2.644616   -2.642457   -2.640221   -2.637786   -2.635231   -2.632597
   -2.694681   -2.694658   -2.694622   -2.694563   -2.694503   -2.694444   -2.694384   -2.694324   -2.694265   -2.694207   -2.694205   -2.694139   -2.694072   -2.694005   -2.693938   -2.693872   -2.693808   -2.693805   -2.693649   -2.693493   -2.693336   -2.692551   -2.691758   -2.690153   -2.688522   -2.686852   -2.685126   -2.683341   -2.681497   -2.679521   -2.677458   -2.675320   -2.673106   -2.670815   -2.668319   -2.665701   -2.663002
   -2.726300   -2.726276   -2.726239   -2.726178   -2.726117   -2.726056   -2.725995   -2.725934   -2.725872   -2.725814   -2.725811   -2.725743   -2.725674   -2.725606   -2.725538   -2.725469   -2.725403   -2.725400   -2.725240   -2.725080   -2.724920   -2.724113   -2.723300   -2.721653   -2.719978   -2.718265   -2.716494   -2.714663   -2.712770   -2.710743   -2.708626   -2.706433   -2.704163   -2.701813   -2.699253   -2.696568   -2.693801
   -2.758384   -2.758359   -2.758322   -2.758259   -2.758197   -2.758134   -2.758071   -2.758008   -2.757946   -2.757885   -2.757883   -2.757813   -2.757743   -2.757673   -2.757602   -2.757532   -2.757465   -2.757462   -2.757298   -2.757133   -2.756969   -2.756141   -2.755306   -2.753614   -2.751894   -2.750134   -2.748315   -2.746435   -2.744491   -2.742411   -2.740237   -2.737986   -2.735655   -2.733243   -2.730616   -2.727860   -2.725020
   -2.790519   -2.790494   -2.790456   -2.790393   -2.790330   -2.790268   -2.790205   -2.790142   -2.790079   -2.790018   -2.790015   -2.789945   -2.789875   -2.789804   -2.789734   -2.789663   -2.789596   -2.789593   -2.789428   -2.789263   -2.789098   -2.788266   -2.787428   -2.785728   -2.783998   -2.782226   -2.780392   -2.778493   -2.776528   -2.774421   -2.772217   -2.769930   -2.767559   -2.765100   -2.762418   -2.759599   -2.756689
   -2.822407   -2.822382   -2.822344   -2.822281   -2.822218   -2.822155   -2.822092   -2.822028   -2.821965   -2.821904   -2.821902   -2.821831   -2.821760   -2.821690   -2.821619   -2.821548   -2.821480   -2.821477   -2.821312   -2.821146   -2.820980   -2.820146   -2.819304   -2.817598   -2.815861   -2.814083   -2.812241   -2.810335   -2.808362   -2.806247   -2.804033   -2.801737   -2.799356   -2.796888   -2.794194   -2.791363   -2.788440
   -2.854047   -2.854021   -2.853983   -2.853920   -2.853857   -2.853794   -2.853730   -2.853667   -2.853603   -2.853542   -2.853540   -2.853469   -2.853398   -2.853327   -2.853256   -2.853185   -2.853117   -2.853114   -2.852948   -2.852782   -2.852615   -2.851778   -2.850933   -2.849221   -2.847479   -2.845693   -2.843845   -2.841932   -2.839952   -2.837829   -2.835608   -2.833303   -2.830913   -2.828434   -2.825731   -2.822889   -2.819953
   -2.885437   -2.885411   -2.885373   -2.885310   -2.885246   -2.885183   -2.885119   -2.885056   -2.884992   -2.884931   -2.884928   -2.884857   -2.884786   -2.884715   -2.884644   -2.884573   -2.884504   -2.884501   -2.884335   -2.884168   -2.884001   -2.883161   -2.882314   -2.880596   -2.878848   -2.877057   -2.875203   -2.873284   -2.871297   -2.869167   -2.866938   -2.864625   -2.862226   -2.859740   -2.857026   -2.854173   -2.851228
   -2.916699   -2.916674   -2.916635   -2.916571   -2.916507   -2.916442   -2.916378   -2.916313   -2.916249   -2.916187   -2.916184   -2.916112   -2.916040   -2.915968   -2.915896   -2.915824   -2.915755   -2.915752   -2.915583   -2.915414   -2.915245   -2.914394   -2.913537   -2.911799   -2.910032   -2.908223   -2.906352   -2.904416   -2.902414   -2.900270   -2.898027   -2.895704   -2.893296   -2.890801   -2.888079   -2.885217   -2.882261
   -2.948136   -2.948109   -2.948070   -2.948005   -2.947939   -2.947874   -2.947809   -2.947743   -2.947677   -2.947614   -2.947612   -2.947538   -2.947465   -2.947392   -2.947319   -2.947245   -2.947175   -2.947172   -2.947000   -2.946828   -2.946656   -2.945791   -2.944919   -2.943152   -2.941355   -2.939515   -2.937612   -2.935643   -2.933608   -2.931427   -2.929147   -2.926784   -2.924335   -2.921800   -2.919036   -2.916133   -2.913140
   -2.979767   -2.979741   -2.979701   -2.979634   -2.979568   -2.979501   -2.979434   -2.979368   -2.979301   -2.979237   -2.979234   -2.979160   -2.979085   -2.979011   -2.978936   -2.978861   -2.978790   -2.978787   -2.978612   -2.978437   -2.978262   -2.977382   -2.976495   -2.974697   -2.972869   -2.970998   -2.969062   -2.967060   -2.964989   -2.962771   -2.960452   -2.958049   -2.955559   -2.952980   -2.950168   -2.947217   -2.944172
   -3.011605   -3.011578   -3.011537   -3.011470   -3.011402   -3.011334   -3.011266   -3.011198   -3.011130   -3.011065   -3.011062   -3.010987   -3.010911   -3.010835   -3.010759   -3.010683   -3.010610   -3.010607   -3.010429   -3.010252   -3.010073   -3.009178   -3.008275   -3.006446   -3.004586   -3.002682   -3.000712   -2.998675   -2.996569   -2.994312   -2.991952   -2.989507   -2.986974   -2.984351   -2.981491   -2.978488   -2.975391
   -3.043641   -3.043613   -3.043572   -3.043503   -3.043435   -3.043366   -3.043297   -3.043228   -3.043159   -3.043093   -3.043090   -3.043013   -3.042936   -3.042859   -3.042782   -3.042705   -3.042631   -3.042628   -3.042448   -3.042267   -3.042086   -3.041177   -3.040261   -3.038402   -3.036512   -3.034576   -3.032573   -3.030500   -3.028357   -3.026060   -3.023659   -3.021171   -3.018593   -3.015924   -3.013014   -3.009958   -3.006807
   -3.075703   -3.075675   -3.075634   -3.075564   -3.075495   -3.075426   -3.075356   -3.075286   -3.075217   -3.075150   -3.075147   -3.075069   -3.074992   -3.074914   -3.074836   -3.074758   -3.074683   -3.074680   -3.074498   -3.074316   -3.074133   -3.073215   -3.072289   -3.070412   -3.068502   -3.066547   -3.064523   -3.062429   -3.060263   -3.057940   -3.055511   -3.052993   -3.050382   -3.047676   -3.044725   -3.041624   -3.038423
   -3.107748   -3.107720   -3.107678   -3.107608   -3.107538   -3.107468   -3.107398   -3.107327   -3.107257   -3.107189   -3.107187   -3.107108   -3.107029   -3.106951   -3.106872   -3.106794   -3.106718   -3.106715   -3.106531   -3.106347   -3.106162   -3.105235   -3.104299   -3.102404   -3.100475   -3.098500   -3.096456   -3.094341   -3.092153   -3.089807   -3.087353   -3.084809   -3.082172   -3.079438   -3.076457   -3.073324   -3.070091
   -3.139775   -3.139746   -3.139704   -3.139633   -3.139562   -3.139492   -3.139421   -3.139350   -3.139279   -3.139210   -3.139208   -3.139128   -3.139049   -3.138970   -3.138890   -3.138811   -3.138735   -3.138731   -3.138546   -3.138360   -3.138173   -3.137237   -3.136292   -3.134377   -3.132429   -3.130435   -3.128371   -3.126235   -3.124025   -3.121655   -3.119177   -3.116607   -3.113944   -3.111183   -3.108171   -3.105006   -3.101740
   -3.171784   -3.171755   -3.171712   -3.171641   -3.171569   -3.171498   -3.171426   -3.171354   -3.171283   -3.171213   -3.171211   -3.171131   -3.171051   -3.170970   -3.170890   -3.170810   -3.170732   -3.170729   -3.170542   -3.170354   -3.170166   -3.169219   -3.168266   -3.166332   -3.164365   -3.162351   -3.160267   -3.158110   -3.155878   -3.153486   -3.150983   -3.148388   -3.145698   -3.142910   -3.139868   -3.136671   -3.133372
   -3.204031   -3.204002   -3.203958   -3.203885   -3.203812   -3.203738   -3.203665   -3.203591   -3.203518   -3.203447   -3.203444   -3.203362   -3.203280   -3.203198   -3.203116   -3.203034   -3.202955   -3.202952   -3.202760   -3.202567   -3.202374   -3.201406   -3.200429   -3.198452   -3.196441   -3.194385   -3.192258   -3.190059   -3.187787   -3.185353   -3.182810   -3.180176   -3.177448   -3.174624   -3.171547   -3.168318   -3.164986
   -3.236726   -3.236696   -3.236651   -3.236576   -3.236501   -3.236426   -3.236351   -3.236275   -3.236200   -3.236128   -3.236125   -3.236041   -3.235956   -3.235872   -3.235788   -3.235704   -3.235623   -3.235620   -3.235423   -3.235226   -3.235028   -3.234035   -3.233035   -3.231008   -3.228949   -3.226841   -3.224663   -3.222411   -3.220083   -3.217590   -3.214986   -3.212288   -3.209495   -3.206604   -3.203454   -3.200149   -3.196742
   -3.269906   -3.269876   -3.269830   -3.269753   -3.269675   -3.269598   -3.269521   -3.269444   -3.269367   -3.269293   -3.269289   -3.269203   -3.269117   -3.269031   -3.268945   -3.268858   -3.268775   -3.268771   -3.268569   -3.268367   -3.268165   -3.267146   -3.266120   -3.264041   -3.261928   -3.259767   -3.257533   -3.255224   -3.252837   -3.250282   -3.247612   -3.244847   -3.241984   -3.239022   -3.235794   -3.232407   -3.228916
   -3.303617   -3.303586   -3.303538   -3.303459   -3.303380   -3.303301   -3.303222   -3.303142   -3.303063   -3.302987   -3.302984   -3.302895   -3.302807   -3.302718   -3.302629   -3.302540   -3.302455   -3.302452   -3.302244   -3.302036   -3.301828   -3.300782   -3.299728   -3.297593   -3.295424   -3.293205   -3.290911   -3.288540   -3.286091   -3.283467   -3.280727   -3.277890   -3.274953   -3.271914   -3.268603   -3.265129   -3.261549
   -3.337649   -3.337617   -3.337569   -3.337489   -3.337409   -3.337329   -3.337249   -3.337169   -3.337088   -3.337011   -3.337008   -3.336919   -3.336829   -3.336739   -3.336649   -3.336560   -3.336473   -3.336470   -3.336260   -3.336050   -3.335839   -3.334780   -3.333712   -3.331548   -3.329345   -3.327091   -3.324757   -3.322342   -3.319844   -3.317165   -3.314363   -3.311457   -3.308445   -3.305323   -3.301923   -3.298355   -3.294680
   -3.371644   -3.371612   -3.371563   -3.371483   -3.371402   -3.371321   -3.371240   -3.371159   -3.371078   -3.371001   -3.370997   -3.370907   -3.370816   -3.370726   -3.370636   -3.370545   -3.370458   -3.370454   -3.370242   -3.370030   -3.369817   -3.368749   -3.367671   -3.365487   -3.363264   -3.360989   -3.358634   -3.356196   -3.353675   -3.350971   -3.348143   -3.345210   -3.342169   -3.339018   -3.335578   -3.331964   -3.328233
   -3.405598   -3.405565   -3.405516   -3.405435   -3.405354   -3.405272   -3.405190   -3.405109   -3.405027   -3.404948   -3.404945   -3.404854   -3.404763   -3.404672   -3.404580   -3.404489   -3.404401   -3.404397   -3.404184   -3.403969   -3.403755   -3.402677   -3.401589   -3.399385   -3.397143   -3.394846   -3.392470   -3.390011   -3.387466   -3.384737   -3.381883   -3.378923   -3.375854   -3.372674   -3.369203   -3.365555   -3.361789
   -3.439508   -3.439476   -3.439426   -3.439344   -3.439262   -3.439180   -3.439097   -3.439015   -3.438933   -3.438854   -3.438850   -3.438758   -3.438666   -3.438574   -3.438482   -3.438390   -3.438301   -3.438298   -3.438082   -3.437866   -3.437649   -3.436562   -3.435464   -3.433241   -3.430979   -3.428662   -3.426264   -3.423783   -3.421216   -3.418463   -3.415582   -3.412596   -3.409499   -3.406290   -3.402787   -3.399105   -3.395305
   -3.473374   -3.473341   -3.473291   -3.473208   -3.473125   -3.473042   -3.472960   -3.472876   -3.472793   -3.472713   -3.472710   -3.472617   -3.472524   -3.472432   -3.472339   -3.472246   -3.472156   -3.472152   -3.471935   -3.471717   -3.471499   -3.470402   -3.469295   -3.467052   -3.464770   -3.462433   -3.460015   -3.457512   -3.454922   -3.452144   -3.449239   -3.446226   -3.443102   -3.439863   -3.436329   -3.432614   -3.428779
   -3.507331   -3.507297   -3.507246   -3.507162   -3.507077   -3.506992   -3.506908   -3.506823   -3.506738   -3.506657   -3.506653   -3.506559   -3.506464   -3.506369   -3.506274   -3.506179   -3.506088   -3.506084   -3.505862   -3.505640   -3.505418   -3.504299   -3.503171   -3.500888   -3.498568   -3.496195   -3.493742   -3.491207   -3.488587   -3.485781   -3.482850   -3.479811   -3.476660   -3.473393   -3.469827   -3.466080   -3.462210
   -3.541843   -3.541809   -3.541757   -3.541670   -3.541583   -3.541496   -3.541409   -3.541321   -3.541234   -3.541150   -3.541147   -3.541049   -3.540952   -3.540855   -3.540757   -3.540659   -3.540566   -3.540562   -3.540334   -3.540105   -3.539876   -3.538726   -3.537567   -3.535220   -3.532835   -3.530396   -3.527876   -3.525271   -3.522580   -3.519698   -3.516689   -3.513572   -3.510347   -3.507010   -3.503374   -3.499559   -3.495629
   -3.577011   -3.576976   -3.576922   -3.576832   -3.576743   -3.576653   -3.576563   -3.576473   -3.576384   -3.576297   -3.576294   -3.576194   -3.576093   -3.575993   -3.575892   -3.575792   -3.575695   -3.575691   -3.575456   -3.575221   -3.574985   -3.573800   -3.572606   -3.570189   -3.567733   -3.565222   -3.562628   -3.559947   -3.557178   -3.554213   -3.551117   -3.547913   -3.544596   -3.541165   -3.537427   -3.533507   -3.529469
   -3.612917   -3.612880   -3.612825   -3.612732   -3.612640   -3.612547   -3.612455   -3.612362   -3.612269   -3.612180   -3.612176   -3.612073   -3.611969   -3.611866   -3.611762   -3.611658   -3.611558   -3.611554   -3.611311   -3.611068   -3.610825   -3.609602   -3.608369   -3.605875   -3.603340   -3.600750   -3.598074   -3.595309   -3.592454   -3.589398   -3.586207   -3.582904   -3.579487   -3.575953   -3.572104   -3.568068   -3.563911
   -3.649495   -3.649457   -3.649400   -3.649306   -3.649211   -3.649116   -3.649021   -3.648926   -3.648831   -3.648740   -3.648736   -3.648630   -3.648524   -3.648418   -3.648312   -3.648205   -3.648103   -3.648099   -3.647850   -3.647601   -3.647352   -3.646098   -3.644834   -3.642274   -3.639673   -3.637012   -3.634261   -3.631417   -3.628477   -3.625328   -3.622038   -3.618630   -3.615102   -3.611454   -3.607482   -3.603317   -3.599030
   -3.686545   -3.686507   -3.686448   -3.686351   -3.686254   -3.686157   -3.686060   -3.685963   -3.685866   -3.685772   -3.685768   -3.685660   -3.685551   -3.685442   -3.685333   -3.685225   -3.685120   -3.685116   -3.684861   -3.684606   -3.684350   -3.683067   -3.681773   -3.679153   -3.676490   -3.673767   -3.670952   -3.668041   -3.665034   -3.661812   -3.658447   -3.654961   -3.651352   -3.647617   -3.643544   -3.639271   -3.634866
   -3.724119   -3.724080   -3.724020   -3.723921   -3.723821   -3.723722   -3.723622   -3.723522   -3.723423   -3.723327   -3.723323   -3.723212   -3.723100   -3.722989   -3.722877   -3.722765   -3.722658   -3.722654   -3.722393   -3.722131   -3.721869   -3.720553   -3.719226   -3.716541   -3.713811   -3.711020   -3.708135   -3.705153   -3.702072   -3.698772   -3.695325   -3.691756   -3.688060   -3.684236   -3.680068   -3.675694   -3.671186
   -3.762294   -3.762253   -3.762192   -3.762089   -3.761987   -3.761885   -3.761782   -3.761680   -3.761577   -3.761478   -3.761474   -3.761360   -3.761245   -3.761131   -3.761016   -3.760901   -3.760791   -3.760786   -3.760518   -3.760249   -3.759979   -3.758626   -3.757262   -3.754502   -3.751699   -3.748834   -3.745872   -3.742812   -3.739651   -3.736265   -3.732729   -3.729069   -3.725279   -3.721359   -3.717086   -3.712603   -3.707984
   -3.801312   -3.801270   -3.801206   -3.801100   -3.800994   -3.800888   -3.800782   -3.800676   -3.800570   -3.800467   -3.800463   -3.800345   -3.800226   -3.800107   -3.799988   -3.799869   -3.799755   -3.799750   -3.799472   -3.799194   -3.798915   -3.797513   -3.796101   -3.793244   -3.790343   -3.787379   -3.784317   -3.781156   -3.777892   -3.774400   -3.770755   -3.766984   -3.763084   -3.759052   -3.754661   -3.750058   -3.745318
   -3.841382   -3.841338   -3.841272   -3.841162   -3.841052   -3.840941   -3.840831   -3.840720   -3.840610   -3.840504   -3.840499   -3.840376   -3.840252   -3.840129   -3.840005   -3.839882   -3.839763   -3.839758   -3.839469   -3.839179   -3.838889   -3.837432   -3.835964   -3.832994   -3.829981   -3.826903   -3.823725   -3.820444   -3.817059   -3.813437   -3.809659   -3.805751   -3.801712   -3.797537   -3.792993   -3.788231   -3.783331
   -3.882715   -3.882669   -3.882600   -3.882485   -3.882370   -3.882255   -3.882139   -3.882024   -3.881908   -3.881797   -3.881793   -3.881664   -3.881535   -3.881405   -3.881276   -3.881147   -3.881023   -3.881017   -3.880715   -3.880412   -3.880109   -3.878586   -3.877052   -3.873951   -3.870805   -3.867593   -3.864279   -3.860859   -3.857331   -3.853559   -3.849626   -3.845561   -3.841360   -3.837021   -3.832300   -3.827356   -3.822272
   -3.925456   -3.925408   -3.925336   -3.925215   -3.925095   -3.924974   -3.924854   -3.924733   -3.924613   -3.924496   -3.924492   -3.924357   -3.924222   -3.924087   -3.923952   -3.923817   -3.923687   -3.923682   -3.923366   -3.923049   -3.922732   -3.921140   -3.919537   -3.916296   -3.913007   -3.909650   -3.906186   -3.902612   -3.898924   -3.894982   -3.890870   -3.886621   -3.882230   -3.877698   -3.872769   -3.867612   -3.862312
   -3.969767   -3.969717   -3.969640   -3.969514   -3.969387   -3.969260   -3.969133   -3.969006   -3.968879   -3.968757   -3.968752   -3.968610   -3.968468   -3.968326   -3.968184   -3.968042   -3.967905   -3.967900   -3.967567   -3.967234   -3.966901   -3.965226   -3.963541   -3.960134   -3.956681   -3.953157   -3.949524   -3.945777   -3.941916   -3.937789   -3.933489   -3.929047   -3.924460   -3.919726   -3.914578   -3.909190   -3.903654
   -4.016106   -4.016052   -4.015972   -4.015837   -4.015702   -4.015567   -4.015432   -4.015297   -4.015162   -4.015032   -4.015026   -4.014875   -4.014724   -4.014574   -4.014422   -4.014271   -4.014126   -4.014120   -4.013766   -4.013412   -4.013057   -4.011278   -4.009487   -4.005870   -4.002208   -3.998475   -3.994630   -3.990669   -3.986589   -3.982234   -3.977701   -3.973023   -3.968198   -3.963223   -3.957817   -3.952165   -3.946364
   -4.065367   -4.065309   -4.065220   -4.065073   -4.064926   -4.064778   -4.064631   -4.064484   -4.064336   -4.064195   -4.064189   -4.064024   -4.063859   -4.063695   -4.063530   -4.063365   -4.063207   -4.063200   -4.062815   -4.062429   -4.062043   -4.060106   -4.058159   -4.054236   -4.050272   -4.046243   -4.042102   -4.037847   -4.033475   -4.028819   -4.023983   -4.019002   -4.013872   -4.008589   -4.002859   -3.996876   -3.990746
   -4.119452   -4.119385   -4.119285   -4.119118   -4.118951   -4.118783   -4.118616   -4.118449   -4.118281   -4.118121   -4.118114   -4.117928   -4.117741   -4.117554   -4.117367   -4.117180   -4.117001   -4.116993   -4.116557   -4.116119   -4.115682   -4.113492   -4.111295   -4.106880   -4.102437   -4.097937   -4.093328   -4.088608   -4.083775   -4.078644   -4.073333   -4.067883   -4.062292   -4.056557   -4.050358   -4.043912   -4.037331
   -4.182459   -4.182376   -4.182251   -4.182043   -4.181835   -4.181627   -4.181419   -4.181211   -4.181003   -4.180803   -4.180795   -4.180563   -4.180331   -4.180099   -4.179868   -4.179636   -4.179414   -4.179405   -4.178864   -4.178324   -4.177784   -4.175089   -4.172400   -4.167041   -4.161702   -4.156341   -4.150897   -4.145367   -4.139746   -4.133821   -4.127732   -4.121524   -4.115195   -4.108741   -4.101804   -4.094630   -4.087343
   -4.287049   -4.286654   -4.286069   -4.285114   -4.284181   -4.283268   -4.282374   -4.281499   -4.280640   -4.279830   -4.279796   -4.278873   -4.277969   -4.277101   -4.276265   -4.275459   -4.274710   -4.274680   -4.272947   -4.271318   -4.269776   -4.262975   -4.257155   -4.247157   -4.238459   -4.230406   -4.222573   -4.214892   -4.207317   -4.199541   -4.191732   -4.183934   -4.176125   -4.168288   -4.159986   -4.151516   -4.143016
 -999.000000 -999.000000 -999.000000 -999.000000 -999.000000 -999.000000 -999.000000 -999.000000 -999.000000 -999.000000 -999.000000 -999.000000 -999.000000 -999.000000 -999.000000 -999.000000 -999.000000 -999.000000 -999.000000 -999.000000 -999.000000 -999.000000 -999.000000 -999.000000 -999.000000 -999.000000 -999.000000 -999.000000 -999.000000 -999.000000 -999.000000   -4.285780   -4.262060   -4.247092   -4.234066   -4.221902   -4.210317
#
# dtdh (rows - delta, columns - depth)
#
   -0.288414   -0.288414   -0.288413   -0.288413   -0.288412   -0.288412   -0.288411   -0.288411   -0.288411   -0.288410   -0.259064   -0.259064   -0.259063   -0.259063   -0.259062   -0.259062   -0.259061   -0.222424   -0.222364   -0.222304   -0.222244   -0.221945   -0.221646   -0.221103   -0.220597   -0.216920   -0.212849   -0.208916   -0.205123   -0.192587   -0.188652   -0.184874 -999.000000 -999.000000 -999.000000 -999.000000 -999.000000
   -0.288402   -0.288402   -0.288402   -0.288401   -0.288401   -0.288400   -0.288400   -0.288399   -0.288399   -0.288398   -0.259051   -0.259051   -0.259050   -0.259050   -0.259049   -0.259049   -0.259048   -0.222408   -0.222349   -0.222289   -0.222229   -0.221929   -0.221630   -0.221087   -0.220581   -0.216903   -0.212831   -0.208898   -0.205104   -0.192566   -0.188631   -0.184852   -0.181211   -0.177716   -0.163585   -0.160272   -0.158920
   -0.288391   -0.288390   -0.288390   -0.288390   -0.288389   -0.288389   -0.288388   -0.288388   -0.288387   -0.288387   -0.259038   -0.259038   -0.259037   -0.259037   -0.259036   -0.259036   -0.259035   -0.222393   -0.222334   -0.222273   -0.222213   -0.221914   -0.221615   -0.221072   -0.220565   -0.216886   -0.212814   -0.208880   -0.205086   -0.192546   -0.188610   -0.184830   -0.181189   -0.177692   -0.163559   -0.160246   -0.158892
   -0.288380   -0.288379   -0.288379   -0.288379   -0.288378   -0.288378   -0.288377   -0.288377   -0.288376   -0.288376   -0.259026   -0.259025   -0.259025   -0.259024   -0.259024   -0.259023   -0.259023   -0.222379   -0.222319   -0.222259   -0.222199   -0.221899   -0.221600   -0.221056   -0.220549   -0.216870   -0.212797   -0.208863   -0.205068   -0.192527   -0.188590   -0.184809   -0.181167   -0.177670   -0.163534   -0.160220   -0.158866
   -0.288369   -0.288369   -0.288368   -0.288368   -0.288367   -0.288367   -0.288366   -0.288366   -0.288365   -0.288365   -0.259014   -0.259013   -0.259013   -0.259012   -0.259012   -0.259011   -0.259011   -0.222365   -0.222305   -0.222245   -0.222185   -0.221885   -0.221586   -0.221041   -0.220534   -0.216855   -0.212781   -0.208846   -0.205051   -0.192508   -0.188570   -0.184789   -0.181146   -0.177648   -0.163510   -0.160194   -0.158840
   -0.288358   -0.288358   -0.288357   -0.288357   -0.288356   -0.288356   -0.288355   -0.288355   -0.288354   -0.288354   -0.259002   -0.259001   -0.259001   -0.259000   -0.258999   -0.258999   -0.258998   -0.222350   -0.222290   -0.222230   -0.222170   -0.221870   -0.221571   -0.221027   -0.220519   -0.216839   -0.212765   -0.208829   -0.205033   -0.192489   -0.188551   -0.184769   -0.181125   -0.177626   -0.163486   -0.160170   -0.158814
   -0.288346   -0.288346   -0.288346   -0.288345   -0.288345   -0.288344   -0.288344   -0.288343   -0.288343   -0.288342   -0.258989   -0.258988   -0.258988   -0.258987   -0.258987   -0.258986   -0.258986   -0.222335   -0.222275   -0.222215   -0.222155   -0.221855   -0.221556   -0.221011   -0.220503   -0.216823   -0.212748   -0.208812   -0.205015   -0.192470   -0.188531   -0.184748   -0.181104   -0.177604   -0.163462   -0.160144   -0.158788
   -0.288334   -0.288334   -0.288334   -0.288333   -0.288333   -0.288332   -0.288332   -0.288331   -0.288331   -0.288330   -0.258976   -0.258975   -0.258974   -0.258974   -0.258973   -0.258973   -0.258972   -0.222320   -0.222260   -0.222200   -0.222139   -0.221839   -0.221540   -0.220995   -0.220487   -0.216806   -0.212731   -0.208794   -0.204997   -0.192450   -0.188510   -0.184726   -0.181081   -0.177581   -0.163436   -0.160118   -0.158761
   -0.288322   -0.288322   -0.288321   -0.288321   -0.288320   -0.288320   -0.288319   -0.288319   -0.288318   -0.288318   -0.258961   -0.258961   -0.258960   -0.258960   -0.258959   -0.258959   -0.258958   -0.222303   -0.222243   -0.222183   -0.222123   -0.221823   -0.221523   -0.220978   -0.220470   -0.216788   -0.212712   -0.208775   -0.204977   -0.192428   -0.188488   -0.184704   -0.181058   -0.177556   -0.163409   -0.160090   -0.158733
   -0.288309   -0.288308   -0.288308   -0.288308   -0.288307   -0.288306   -0.288306   -0.288305   -0.288305   -0.288304   -0.258947   -0.258946   -0.258945   -0.258945   -0.258944   -0.258944   -0.258943   -0.222286   -0.222226   -0.222166   -0.222105   -0.221805   -0.221505   -0.220960   -0.220451   -0.216769   -0.212693   -0.208755   -0.204956   -0.192406   -0.188465   -0.184680   -0.181033   -0.177531   -0.163381   -0.160061   -0.158703
   -0.288295   -0.288295   -0.288294   -0.288294   -0.288293   -0.288293   -0.288292   -0.288292   -0.288291   -0.288290   -0.258931   -0.258931   -0.258930   -0.258929   -0.258929   -0.258928   -0.258928   -0.222268   -0.222208   -0.222148   -0.222087   -0.221787   -0.221487   -0.220941   -0.220432   -0.216749   -0.212672   -0.208733   -0.204934   -0.192382   -0.188440   -0.184654   -0.181007   -0.177504   -0.163351   -0.160030   -0.158671
   -0.288281   -0.288280   -0.288280   -0.288280   -0.288279   -0.288278   -0.288278   -0.288277   -0.288277   -0.288276   -0.258915   -0.258915   -0.258914   -0.258913   -0.258913   -0.258912   -0.258912   -0.222249   -0.222189   -0.222129   -0.222069   -0.221768   -0.221468   -0.220922   -0.220413   -0.216729   -0.212651   -0.208712   -0.204912   -0.192358   -0.188415   -0.184628   -0.180980   -0.177476   -0.163320   -0.159998   -0.158639
   -0.288266   -0.288266   -0.288266   -0.288265   -0.288265   -0.288264   -0.288263   -0.288263   -0.288262   -0.288262   -0.258899   -0.258899   -0.258898   -0.258897   -0.258897   -0.258896   -0.258895   -0.222230   -0.222170   -0.222110   -0.222050   -0.221749   -0.221448   -0.220902   -0.220393   -0.216708   -0.212630   -0.208690   -0.204889   -0.192334   -0.188390   -0.184602   -0.180952   -0.177447   -0.163289   -0.159965   -0.158605
   -0.288251   -0.288251   -0.288251   -0.288250   -0.288250   -0.288249   -0.288248   -0.288248   -0.288247   -0.288247   -0.258883   -0.258882   -0.258881   -0.258881   -0.258880   -0.258879   -0.258879   -0.222211   -0.222151   -0.222090   -0.222030   -0.221729   -0.221429   -0.220882   -0.220372   -0.216687   -0.212608   -0.208667   -0.204866   -0.192308   -0.188363   -0.184575   -0.180924   -0.177418   -0.163257   -0.159932   -0.158571
   -0.288236   -0.288236   -0.288236   -0.288235   -0.288234   -0.288234   -0.288233   -0.288233   -0.288232   -0.288232   -0.258866   -0.258865   -0.258864   -0.258864   -0.258863   -0.258862   -0.258862   -0.222191   -0.222131   -0.222070   -0.222010   -0.221709   -0.221408   -0.220861   -0.220351   -0.216665   -0.212586   -0.208644   -0.204842   -0.192282   -0.188336   -0.184547   -0.180895   -0.177388   -0.163224   -0.159898   -0.158536
   -0.288221   -0.288220   -0.288220   -0.288219   -0.288219   -0.288218   -0.288218   -0.288217   -0.288216   -0.288216   -0.258848   -0.258847   -0.258847   -0.258846   -0.258845   -0.258845   -0.258844   -0.222171   -0.222110   -0.222050   -0.221990   -0.221688   -0.221387   -0.220840   -0.220329   -0.216643   -0.212562   -0.208620   -0.204817   -0.192256   -0.188309   -0.184518   -0.180865   -0.177357   -0.163190   -0.159863   -0.158500
   -0.288204   -0.288204   -0.288204   -0.288203   -0.288202   -0.288202   -0.288201   -0.288201   -0.288200   -0.288199   -0.258830   -0.258829   -0.258828   -0.258828   -0.258827   -0.258826   -0.258826   -0.222149   -0.222089   -0.222029   -0.221968   -0.221666   -0.221365   -0.220818   -0.220307   -0.216620   -0.212539   -0.208595   -0.204791   -0.192228   -0.188280   -0.184489   -0.180835   -0.177326   -0.163155   -0.159827   -0.158463
   -0.288187   -0.288187   -0.288187   -0.288186   -0.288185   -0.288185   -0.288184   -0.288184   -0.288183   -0.288182   -0.258811   -0.258810   -0.258809   -0.258809   -0.258808   -0.258807   -0.258807   -0.222127   -0.222067   -0.222006   -0.221946   -0.221644   -0.221343   -0.220795   -0.220283   -0.216596   -0.212514   -0.208569   -0.204765   -0.192199   -0.188250   -0.184458   -0.180803   -0.177293   -0.163119   -0.159789   -0.158425
   -0.288169   -0.288169   -0.288169   -0.288168   -0.288167   -0.288167   -0.288166   -0.288166   -0.288165   -0.288164   -0.258791   -0.258790   -0.258789   -0.258789   -0.258788   -0.258787   -0.258786   -0.222104   -0.222043   -0.221983   -0.221922   -0.221620   -0.221319   -0.220770   -0.220259   -0.216570   -0.212487   -0.208542   -0.204737   -0.192169   -0.188219   -0.184425   -0.180769   -0.177258   -0.163081   -0.159750   -0.158384
   -0.288150   -0.288150   -0.288150   -0.288149   -0.288149   -0.288148   -0.288147   -0.288147   -0.288146   -0.288145   -0.258770   -0.258769   -0.258768   -0.258767   -0.258767   -0.258766   -0.258765   -0.222079   -0.222018   -0.221958   -0.221897   -0.221595   -0.221293   -0.220745   -0.220233   -0.216543   -0.212459   -0.208514   -0.204707   -0.192137   -0.188186   -0.184391   -0.180734   -0.177222   -0.163040   -0.159708   -0.158342
   -0.288131   -0.288131   -0.288130   -0.288130   -0.288129   -0.288128   -0.288127   -0.288127   -0.288126   -0.288126   -0.258748   -0.258747   -0.258746   -0.258745   -0.258745   -0.258744   -0.258743   -0.222053   -0.221993   -0.221932   -0.221871   -0.221569   -0.221267   -0.220718   -0.220205   -0.216515   -0.212431   -0.208484   -0.204676   -0.192104   -0.188151   -0.184355   -0.180697   -0.177183   -0.162998   -0.159664   -0.158297
   -0.288111   -0.288110   -0.288110   -0.288109   -0.288109   -0.288108   -0.288107   -0.288107   -0.288106   -0.288105   -0.258725   -0.258724   -0.258723   -0.258723   -0.258722   -0.258721   -0.258720   -0.222027   -0.221966   -0.221905   -0.221845   -0.221542   -0.221240   -0.220690   -0.220177   -0.216487   -0.212401   -0.208453   -0.204644   -0.192069   -0.188116   -0.184318   -0.180659   -0.177144   -0.162955   -0.159619   -0.158251
   -0.288090   -0.288089   -0.288089   -0.288088   -0.288088   -0.288087   -0.288086   -0.288086   -0.288085   -0.288084   -0.258702   -0.258701   -0.258700   -0.258699   -0.258698   -0.258698   -0.258697   -0.221999   -0.221939   -0.221878   -0.221817   -0.221514   -0.221212   -0.220662   -0.220149   -0.216457   -0.212370   -0.208421   -0.204611   -0.192034   -0.188079   -0.184280   -0.180619   -0.177103   -0.162910   -0.159573   -0.158204
   -0.288068   -0.288068   -0.288068   -0.288067   -0.288066   -0.288065   -0.288065   -0.288064   -0.288063   -0.288063   -0.258677   -0.258677   -0.258676   -0.258675   -0.258674   -0.258673   -0.258673   -0.221971   -0.221910   -0.221850   -0.221789   -0.221486   -0.221183   -0.220633   -0.220119   -0.216426   -0.212338   -0.208388   -0.204577   -0.191997   -0.188041   -0.184241   -0.180579   -0.177061   -0.162863   -0.159525   -0.158154
   -0.288046   -0.288046   -0.288045   -0.288044   -0.288044   -0.288043   -0.288042   -0.288042   -0.288041   -0.288040   -0.258652   -0.258652   -0.258651   -0.258650   -0.258649   -0.258648   -0.258648   -0.221942   -0.221881   -0.221820   -0.221759   -0.221456   -0.221153   -0.220602   -0.220088   -0.216394   -0.212305   -0.208354   -0.204542   -0.191959   -0.188002   -0.184200   -0.180537   -0.177017   -0.162815   -0.159475   -0.158103
   -0.288023   -0.288023   -0.288022   -0.288022   -0.288021   -0.288020   -0.288019   -0.288019   -0.288018   -0.288017   -0.258627   -0.258626   -0.258625   -0.258624   -0.258623   -0.258623   -0.258622   -0.221912   -0.221851   -0.221790   -0.221729   -0.221426   -0.221123   -0.220571   -0.220056   -0.216361   -0.212271   -0.208319   -0.204506   -0.191920   -0.187961   -0.184158   -0.180493   -0.176973   -0.162766   -0.159423   -0.158051
   -0.288000   -0.287999   -0.287999   -0.287998   -0.287997   -0.287997   -0.287996   -0.287995   -0.287994   -0.287994   -0.258601   -0.258600   -0.258599   -0.258598   -0.258597   -0.258596   -0.258595   -0.221881   -0.221820   -0.221759   -0.221698   -0.221395   -0.221091   -0.220539   -0.220024   -0.216328   -0.212237   -0.208283   -0.204469   -0.191880   -0.187920   -0.184115   -0.180449   -0.176926   -0.162715   -0.159371   -0.157997
   -0.287975   -0.287975   -0.287975   -0.287974   -0.287973   -0.287972   -0.287972   -0.287971   -0.287970   -0.287969   -0.258574   -0.258573   -0.258572   -0.258571   -0.258570   -0.258569   -0.258568   -0.221849   -0.221789   -0.221728   -0.221667   -0.221363   -0.221059   -0.220506   -0.219990   -0.216294   -0.212201   -0.208246   -0.204431   -0.191839   -0.187877   -0.184071   -0.180403   -0.176879   -0.162663   -0.159317   -0.157942
   -0.287951   -0.287950   -0.287950   -0.287949   -0.287948   -0.287948   -0.287947   -0.287946   -0.287945   -0.287944   -0.258546   -0.258545   -0.258544   -0.258543   -0.258542   -0.258541   -0.258541   -0.221817   -0.221756   -0.221695   -0.221634   -0.221330   -0.221026   -0.220473   -0.219956   -0.216258   -0.212165   -0.208209   -0.204392   -0.191797   -0.187833   -0.184026   -0.180356   -0.176831   -0.162609   -0.159262   -0.157885
   -0.287926   -0.287925   -0.287925   -0.287924   -0.287923   -0.287922   -0.287922   -0.287921   -0.287920   -0.287919   -0.258518   -0.258517   -0.258516   -0.258515   -0.258514   -0.258513   -0.258512   -0.221784   -0.221723   -0.221662   -0.221601   -0.221296   -0.220992   -0.220438   -0.219921   -0.216222   -0.212127   -0.208170   -0.204352   -0.191753   -0.187789   -0.183980   -0.180308   -0.176781   -0.162554   -0.159205   -0.157827
   -0.287901   -0.287900   -0.287900   -0.287899   -0.287898   -0.287897   -0.287896   -0.287896   -0.287895   -0.287894   -0.258490   -0.258489   -0.258488   -0.258487   -0.258486   -0.258485   -0.258484   -0.221751   -0.221690   -0.221629   -0.221568   -0.221263   -0.220959   -0.220404   -0.219886   -0.216186   -0.212090   -0.208132   -0.204312   -0.191710   -0.187744   -0.183933   -0.180260   -0.176731   -0.162499   -0.159147   -0.157768
   -0.287875   -0.287875   -0.287875   -0.287874   -0.287873   -0.287872   -0.287871   -0.287870   -0.287869   -0.287869   -0.258461   -0.258460   -0.258459   -0.258459   -0.258458   -0.258457   -0.258456   -0.221718   -0.221657   -0.221596   -0.221535   -0.221229   -0.220925   -0.220370   -0.219851   -0.216150   -0.212052   -0.208093   -0.204272   -0.191667   -0.187699   -0.183886   -0.180211   -0.176681   -0.162443   -0.159089   -0.157709
   -0.287850   -0.287850   -0.287849   -0.287848   -0.287847   -0.287847   -0.287846   -0.287845   -0.287844   -0.287843   -0.258433   -0.258432   -0.258431   -0.258430   -0.258429   -0.258428   -0.258427   -0.221685   -0.221624   -0.221563   -0.221501   -0.221196   -0.220891   -0.220335   -0.219816   -0.216113   -0.212015   -0.208054   -0.204232   -0.191623   -0.187653   -0.183839   -0.180163   -0.176630   -0.162387   -0.159031   -0.157649
   -0.287825   -0.287824   -0.287824   -0.287823   -0.287822   -0.287821   -0.287820   -0.287819   -0.287818   -0.287817   -0.258404   -0.258403   -0.258402   -0.258401   -0.258400   -0.258400   -0.258399   -0.221651   -0.221590   -0.221529   -0.221468   -0.221162   -0.220857   -0.220300   -0.219781   -0.216077   -0.211977   -0.208015   -0.204191   -0.191579   -0.187608   -0.183792   -0.180114   -0.176579   -0.162331   -0.158973   -0.157590
   -0.287799   -0.287798   -0.287798   -0.287797   -0.287796   -0.287795   -0.287794   -0.287793   -0.287792   -0.287791   -0.258375   -0.258374   -0.258373   -0.258372   -0.258371   -0.258370   -0.258369   -0.221617   -0.221556   -0.221495   -0.221434   -0.221127   -0.220822   -0.220265   -0.219745   -0.216040   -0.211939   -0.207975   -0.204150   -0.191535   -0.187562   -0.183744   -0.180064   -0.176528   -0.162275   -0.158915   -0.157529
   -0.287772   -0.287772   -0.287771   -0.287770   -0.287770   -0.287769   -0.287768   -0.287767   -0.287766   -0.287765   -0.258346   -0.258345   -0.258344   -0.258343   -0.258342   -0.258341   -0.258340   -0.221583   -0.221522   -0.221460   -0.221399   -0.221092   -0.220786   -0.220229   -0.219708   -0.216002   -0.211900   -0.207934   -0.204108   -0.191489   -0.187515   -0.183696   -0.180014   -0.176476   -0.162217   -0.158855   -0.157468
   -0.287746   -0.287745   -0.287745   -0.287744   -0.287743   -0.287742   -0.287741   -0.287740   -0.287739   -0.287738   -0.258316   -0.258315   -0.258314   -0.258313   -0.258312   -0.258311   -0.258310   -0.221548   -0.221486   -0.221425   -0.221363   -0.221057   -0.220750   -0.220192   -0.219671   -0.215964   -0.211860   -0.207893   -0.204066   -0.191443   -0.187467   -0.183647   -0.179963   -0.176423   -0.162159   -0.158794   -0.157406
   -0.287718   -0.287718   -0.287717   -0.287716   -0.287715   -0.287714   -0.287713   -0.287712   -0.287711   -0.287711   -0.258285   -0.258284   -0.258283   -0.258282   -0.258281   -0.258280   -0.258279   -0.221512   -0.221451   -0.221389   -0.221327   -0.221020   -0.220714   -0.220155   -0.219633   -0.215925   -0.211819   -0.207852   -0.204023   -0.191397   -0.187419   -0.183596   -0.179911   -0.176369   -0.162099   -0.158733   -0.157343
   -0.287691   -0.287690   -0.287690   -0.287689   -0.287688   -0.287687   -0.287686   -0.287685   -0.287684   -0.287683   -0.258254   -0.258253   -0.258252   -0.258251   -0.258250   -0.258249   -0.258248   -0.221476   -0.221414   -0.221353   -0.221291   -0.220984   -0.220677   -0.220117   -0.219595   -0.215885   -0.211778   -0.207809   -0.203979   -0.191349   -0.187370   -0.183545   -0.179858   -0.176315   -0.162039   -0.158670   -0.157279
   -0.287663   -0.287662   -0.287662   -0.287661   -0.287660   -0.287659   -0.287658   -0.287657   -0.287656   -0.287655   -0.258223   -0.258222   -0.258221   -0.258220   -0.258219   -0.258218   -0.258217   -0.221439   -0.221378   -0.221316   -0.221254   -0.220947   -0.220639   -0.220079   -0.219556   -0.215845   -0.211737   -0.207766   -0.203935   -0.191301   -0.187320   -0.183494   -0.179805   -0.176259   -0.161978   -0.158606   -0.157214
   -0.287635   -0.287634   -0.287634   -0.287633   -0.287632   -0.287631   -0.287630   -0.287628   -0.287627   -0.287626   -0.258192   -0.258191   -0.258189   -0.258188   -0.258187   -0.258186   -0.258185   -0.221402   -0.221341   -0.221279   -0.221217   -0.220909   -0.220602   -0.220041   -0.219517   -0.215805   -0.211695   -0.207723   -0.203890   -0.191253   -0.187270   -0.183442   -0.179751   -0.176203   -0.161916   -0.158542   -0.157148
   -0.287606   -0.287606   -0.287605   -0.287604   -0.287603   -0.287602   -0.287601   -0.287600   -0.287599   -0.287598   -0.258160   -0.258159   -0.258158   -0.258156   -0.258155   -0.258154   -0.258153   -0.221365   -0.221303   -0.221242   -0.221180   -0.220871   -0.220564   -0.220002   -0.219477   -0.215764   -0.211653   -0.207680   -0.203845   -0.191204   -0.187219   -0.183389   -0.179696   -0.176147   -0.161853   -0.158478   -0.157082
   -0.287577   -0.287577   -0.287576   -0.287575   -0.287574   -0.287573   -0.287572   -0.287571   -0.287570   -0.287569   -0.258127   -0.258126   -0.258125   -0.258124   -0.258123   -0.258121   -0.258120   -0.221327   -0.221265   -0.221203   -0.221142   -0.220833   -0.220525   -0.219963   -0.219437   -0.215723   -0.211610   -0.207635   -0.203799   -0.191155   -0.187168   -0.183336   -0.179641   -0.176090   -0.161790   -0.158412   -0.157015
   -0.287548   -0.287547   -0.287547   -0.287546   -0.287544   -0.287543   -0.287542   -0.287541   -0.287540   -0.287539   -0.258094   -0.258093   -0.258092   -0.258091   -0.258089   -0.258088   -0.258087   -0.221288   -0.221226   -0.221164   -0.221103   -0.220794   -0.220485   -0.219922   -0.219396   -0.215680   -0.211567   -0.207590   -0.203752   -0.191104   -0.187115   -0.183282   -0.179585   -0.176032   -0.161726   -0.158346   -0.156947
   -0.287517   -0.287517   -0.287516   -0.287515   -0.287514   -0.287513   -0.287512   -0.287511   -0.287510   -0.287509   -0.258060   -0.258059   -0.258058   -0.258057   -0.258055   -0.258054   -0.258053   -0.221248   -0.221186   -0.221124   -0.221063   -0.220753   -0.220444   -0.219881   -0.219354   -0.215637   -0.211522   -0.207544   -0.203704   -0.191052   -0.187062   -0.183226   -0.179527   -0.175972   -0.161660   -0.158278   -0.156877
   -0.287486   -0.287486   -0.287485   -0.287484   -0.287483   -0.287482   -0.287481   -0.287479   -0.287478   -0.287477   -0.258025   -0.258024   -0.258023   -0.258022   -0.258020   -0.258019   -0.258018   -0.221207   -0.221146   -0.221083   -0.221021   -0.220712   -0.220403   -0.219839   -0.219311   -0.215592   -0.211476   -0.207496   -0.203655   -0.190999   -0.187007   -0.183169   -0.179468   -0.175911   -0.161593   -0.158208   -0.156806
   -0.287454   -0.287454   -0.287453   -0.287452   -0.287451   -0.287450   -0.287449   -0.287447   -0.287446   -0.287445   -0.257990   -0.257988   -0.257987   -0.257986   -0.257985   -0.257983   -0.257982   -0.221166   -0.221104   -0.221042   -0.220979   -0.220669   -0.220360   -0.219795   -0.219267   -0.215547   -0.211429   -0.207447   -0.203605   -0.190945   -0.186950   -0.183111   -0.179408   -0.175848   -0.161524   -0.158136   -0.156732
   -0.287422   -0.287422   -0.287421   -0.287420   -0.287419   -0.287418   -0.287416   -0.287415   -0.287414   -0.287413   -0.257954   -0.257952   -0.257951   -0.257950   -0.257948   -0.257947   -0.257946   -0.221124   -0.221061   -0.220999   -0.220937   -0.220627   -0.220317   -0.219751   -0.219222   -0.215501   -0.211381   -0.207398   -0.203554   -0.190889   -0.186893   -0.183051   -0.179346   -0.175785   -0.161453   -0.158063   -0.156657
   -0.287390   -0.287389   -0.287389   -0.287388   -0.287386   -0.287385   -0.287384   -0.287383   -0.287382   -0.287380   -0.257917   -0.257916   -0.257915   -0.257913   -0.257912   -0.257911   -0.257909   -0.221081   -0.221019   -0.220957   -0.220894   -0.220584   -0.220273   -0.219707   -0.219177   -0.215454   -0.211333   -0.207348   -0.203502   -0.190833   -0.186835   -0.182991   -0.179284   -0.175720   -0.161382   -0.157989   -0.156581
   -0.287357   -0.287357   -0.287356   -0.287355   -0.287354   -0.287352   -0.287351   -0.287350   -0.287349   -0.287347   -0.257881   -0.257879   -0.257878   -0.257877   -0.257875   -0.257874   -0.257873   -0.221038   -0.220976   -0.220914   -0.220851   -0.220540   -0.220229   -0.219662   -0.219132   -0.215407   -0.211284   -0.207298   -0.203450   -0.190777   -0.186776   -0.182931   -0.179221   -0.175655   -0.161310   -0.157914   -0.156505
   -0.287324   -0.287324   -0.287323   -0.287322   -0.287321   -0.287319   -0.287318   -0.287317   -0.287316   -0.287314   -0.257844   -0.257843   -0.257841   -0.257840   -0.257838   -0.257837   -0.257836   -0.220995   -0.220933   -0.220870   -0.220808   -0.220496   -0.220185   -0.219617   -0.219086   -0.215360   -0.211235   -0.207247   -0.203398   -0.190720   -0.186718   -0.182870   -0.179158   -0.175589   -0.161237   -0.157839   -0.156428
   -0.287291   -0.287290   -0.287290   -0.287288   -0.287287   -0.287286   -0.287285   -0.287283   -0.287282   -0.287281   -0.257807   -0.257805   -0.257804   -0.257802   -0.257801   -0.257799   -0.257798   -0.220951   -0.220889   -0.220826   -0.220764   -0.220452   -0.220140   -0.219572   -0.219040   -0.215312   -0.211186   -0.207196   -0.203345   -0.190663   -0.186658   -0.182808   -0.179094   -0.175523   -0.161164   -0.157763   -0.156350
   -0.287257   -0.287256   -0.287255   -0.287254   -0.287253   -0.287252   -0.287250   -0.287249   -0.287248   -0.287246   -0.257768   -0.257767   -0.257765   -0.257764   -0.257762   -0.257761   -0.257759   -0.220906   -0.220844   -0.220781   -0.220718   -0.220406   -0.220094   -0.219525   -0.218992   -0.215263   -0.211135   -0.207144   -0.203291   -0.190605   -0.186598   -0.182745   -0.179029   -0.175456   -0.161090   -0.157686   -0.156271
   -0.287222   -0.287221   -0.287220   -0.287219   -0.287218   -0.287216   -0.287215   -0.287214   -0.287212   -0.287211   -0.257729   -0.257727   -0.257726   -0.257724   -0.257723   -0.257721   -0.257720   -0.220860   -0.220797   -0.220735   -0.220672   -0.220359   -0.220047   -0.219477   -0.218944   -0.215213   -0.211083   -0.207090   -0.203235   -0.190545   -0.186536   -0.182681   -0.178963   -0.175387   -0.161014   -0.157607   -0.156191
   -0.287185   -0.287185   -0.287184   -0.287182   -0.287181   -0.287180   -0.287178   -0.287177   -0.287176   -0.287174   -0.257688   -0.257686   -0.257685   -0.257683   -0.257682   -0.257680   -0.257679   -0.220812   -0.220749   -0.220687   -0.220624   -0.220311   -0.219998   -0.219428   -0.218893   -0.215161   -0.211030   -0.207035   -0.203178   -0.190483   -0.186472   -0.182615   -0.178894   -0.175316   -0.160936   -0.157527   -0.156108
   -0.287148   -0.287147   -0.287146   -0.287145   -0.287144   -0.287142   -0.287141   -0.287139   -0.287138   -0.287137   -0.257646   -0.257644   -0.257643   -0.257641   -0.257640   -0.257638   -0.257637   -0.220763   -0.220700   -0.220637   -0.220575   -0.220261   -0.219948   -0.219377   -0.218841   -0.215108   -0.210974   -0.206978   -0.203119   -0.190419   -0.186406   -0.182547   -0.178824   -0.175243   -0.160855   -0.157443   -0.156023
   -0.287109   -0.287109   -0.287108   -0.287107   -0.287105   -0.287104   -0.287102   -0.287101   -0.287100   -0.287098   -0.257603   -0.257601   -0.257600   -0.257598   -0.257597   -0.257595   -0.257594   -0.220713   -0.220650   -0.220587   -0.220524   -0.220210   -0.219897   -0.219324   -0.218788   -0.215053   -0.210918   -0.206919   -0.203059   -0.190354   -0.186338   -0.182476   -0.178751   -0.175168   -0.160772   -0.157357   -0.155935
   -0.287070   -0.287070   -0.287069   -0.287067   -0.287066   -0.287064   -0.287063   -0.287062   -0.287060   -0.287059   -0.257559   -0.257558   -0.257556   -0.257554   -0.257553   -0.257551   -0.257550   -0.220661   -0.220598   -0.220535   -0.220472   -0.220158   -0.219844   -0.219271   -0.218734   -0.214997   -0.210860   -0.206859   -0.202997   -0.190287   -0.186269   -0.182405   -0.178677   -0.175091   -0.160687   -0.157269   -0.155845
   -0.287030   -0.287029   -0.287029   -0.287027   -0.287026   -0.287024   -0.287023   -0.287021   -0.287020   -0.287018   -0.257514   -0.257512   -0.257511   -0.257509   -0.257508   -0.257506   -0.257504   -0.220608   -0.220545   -0.220482   -0.220419   -0.220105   -0.219790   -0.219216   -0.218678   -0.214939   -0.210800   -0.206798   -0.202934   -0.190218   -0.186198   -0.182331   -0.178601   -0.175013   -0.160600   -0.157179   -0.155753
   -0.286988   -0.286988   -0.286987   -0.286985   -0.286984   -0.286982   -0.286981   -0.286979   -0.286978   -0.286977   -0.257467   -0.257466   -0.257464   -0.257462   -0.257461   -0.257459   -0.257458   -0.220554   -0.220491   -0.220427   -0.220364   -0.220049   -0.219735   -0.219159   -0.218621   -0.214880   -0.210739   -0.206735   -0.202868   -0.190148   -0.186125   -0.182256   -0.178522   -0.174932   -0.160511   -0.157087   -0.155658
   -0.286945   -0.286945   -0.286944   -0.286942   -0.286941   -0.286939   -0.286938   -0.286936   -0.286935   -0.286933   -0.257419   -0.257417   -0.257416   -0.257414   -0.257412   -0.257411   -0.257409   -0.220497   -0.220434   -0.220371   -0.220307   -0.219992   -0.219677   -0.219101   -0.218561   -0.214819   -0.210676   -0.206669   -0.202801   -0.190075   -0.186049   -0.182178   -0.178442   -0.174848   -0.160419   -0.156991   -0.155561
   -0.286900   -0.286900   -0.286899   -0.286897   -0.286896   -0.286894   -0.286892   -0.286891   -0.286889   -0.286888   -0.257369   -0.257367   -0.257365   -0.257363   -0.257362   -0.257360   -0.257358   -0.220438   -0.220375   -0.220311   -0.220248   -0.219932   -0.219617   -0.219040   -0.218499   -0.214755   -0.210610   -0.206601   -0.202731   -0.189999   -0.185971   -0.182097   -0.178358   -0.174762   -0.160324   -0.156893   -0.155460
   -0.286853   -0.286853   -0.286852   -0.286850   -0.286848   -0.286847   -0.286845   -0.286844   -0.286842   -0.286841   -0.257316   -0.257314   -0.257312   -0.257311   -0.257309   -0.257307   -0.257305   -0.220376   -0.220313   -0.220249   -0.220186   -0.219870   -0.219554   -0.218976   -0.218434   -0.214688   -0.210541   -0.206530   -0.202657   -0.189920   -0.185889   -0.182012   -0.178271   -0.174672   -0.160225   -0.156790   -0.155355
   -0.286804   -0.286803   -0.286802   -0.286801   -0.286799   -0.286797   -0.286796   -0.286794   -0.286793   -0.286791   -0.257261   -0.257259   -0.257257   -0.257255   -0.257254   -0.257252   -0.257250   -0.220311   -0.220248   -0.220185   -0.220121   -0.219804   -0.219488   -0.218909   -0.218367   -0.214618   -0.210469   -0.206456   -0.202581   -0.189837   -0.185804   -0.181924   -0.178180   -0.174578   -0.160121   -0.156683   -0.155246
   -0.286752   -0.286751   -0.286750   -0.286748   -0.286747   -0.286745   -0.286743   -0.286742   -0.286740   -0.286739   -0.257202   -0.257200   -0.257199   -0.257197   -0.257195   -0.257193   -0.257191   -0.220243   -0.220179   -0.220116   -0.220052   -0.219735   -0.219418   -0.218838   -0.218295   -0.214545   -0.210393   -0.206378   -0.202500   -0.189750   -0.185714   -0.181831   -0.178084   -0.174479   -0.160012   -0.156571   -0.155132
   -0.286696   -0.286695   -0.286694   -0.286692   -0.286691   -0.286689   -0.286687   -0.286686   -0.286684   -0.286682   -0.257139   -0.257138   -0.257136   -0.257134   -0.257132   -0.257130   -0.257128   -0.220169   -0.220106   -0.220042   -0.219978   -0.219661   -0.219343   -0.218763   -0.218219   -0.214466   -0.210312   -0.206295   -0.202415   -0.189658   -0.185619   -0.181733   -0.177983   -0.174375   -0.159898   -0.156453   -0.155012
   -0.286633   -0.286632   -0.286631   -0.286630   -0.286628   -0.286626   -0.286625   -0.286623   -0.286621   -0.286620   -0.257070   -0.257068   -0.257066   -0.257064   -0.257062   -0.257060   -0.257058   -0.220088   -0.220024   -0.219960   -0.219897   -0.219578   -0.219261   -0.218679   -0.218135   -0.214380   -0.210224   -0.206204   -0.202322   -0.189559   -0.185516   -0.181628   -0.177875   -0.174264   -0.159776   -0.156327   -0.154884
   -0.286559   -0.286559   -0.286558   -0.286556   -0.286554   -0.286552   -0.286551   -0.286549   -0.286547   -0.286546   -0.256987   -0.256985   -0.256983   -0.256982   -0.256980   -0.256978   -0.256976   -0.219991   -0.219928   -0.219864   -0.219800   -0.219482   -0.219164   -0.218583   -0.218038   -0.214282   -0.210124   -0.206102   -0.202217   -0.189447   -0.185402   -0.181511   -0.177755   -0.174141   -0.159642   -0.156190   -0.154745
   -0.286434   -0.286434   -0.286433   -0.286433   -0.286432   -0.286431   -0.286430   -0.286429   -0.286428   -0.286427   -0.256855   -0.256853   -0.256852   -0.256851   -0.256850   -0.256849   -0.256848   -0.219842   -0.219780   -0.219717   -0.219655   -0.219342   -0.219028   -0.218452   -0.217910   -0.214155   -0.209996   -0.205974   -0.202089   -0.189311   -0.185265   -0.181372   -0.177615   -0.173999   -0.159488   -0.156034   -0.154589
 -999.000000 -999.000000 -999.000000 -999.000000 -999.000000 -999.000000 -999.000000 -999.000000 -999.000000 -999.000000 -999.000000 -999.000000 -999.000000 -999.000000 -999.000000 -999.000000 -999.000000 -999.000000 -999.000000 -999.000000 -999.000000 -999.000000 -999.000000 -999.000000 -999.000000 -999.000000 -999.000000 -999.000000 -999.000000 -999.000000 -999.000000   -0.181142   -0.177413   -0.173808   -0.159289   -0.155838   -0.154396
#
# ak135 travel-time table for SKKPbc
#
